"state_abbrev","date","confirmed","deaths","tests","positives","recovered","hosp","icu","vent","population","administrative_area_level","administrative_area_level_1","administrative_area_level_2","administrative_area_level_3","id"
"ACT",2020-01-25,0,0,0,0,0,0,0,0,428060,2,"Australia","Australian Capital Territory",NA,"f42f23e3"
"NSW",2020-01-25,3,0,0,0,0,0,0,0,8117976,2,"Australia","New South Wales",NA,"5c4dd6e0"
"NT",2020-01-25,0,0,0,0,0,0,0,0,245562,2,"Australia","Northern Territory",NA,"a079fdb2"
"QLD",2020-01-25,0,0,0,0,0,0,0,0,5115451,2,"Australia","Queensland",NA,"36068882"
"SA",2020-01-25,0,0,0,0,0,0,0,0,1756494,2,"Australia","South Australia",NA,"165128d0"
"TAS",2020-01-25,0,0,0,0,0,0,0,0,535500,2,"Australia","Tasmania",NA,"86525f8e"
"VIC",2020-01-25,1,0,0,0,0,0,0,0,6629870,2,"Australia","Victoria",NA,"6c5dccdb"
"WA",2020-01-25,0,0,0,0,0,0,0,0,2630557,2,"Australia","Western Australia",NA,"1f999f12"
"ACT",2020-01-26,0,0,0,0,0,0,0,0,428060,2,"Australia","Australian Capital Territory",NA,"f42f23e3"
"NSW",2020-01-26,3,0,0,0,0,0,0,0,8117976,2,"Australia","New South Wales",NA,"5c4dd6e0"
"NT",2020-01-26,0,0,0,0,0,0,0,0,245562,2,"Australia","Northern Territory",NA,"a079fdb2"
"QLD",2020-01-26,0,0,0,0,0,0,0,0,5115451,2,"Australia","Queensland",NA,"36068882"
"SA",2020-01-26,0,0,0,0,0,0,0,0,1756494,2,"Australia","South Australia",NA,"165128d0"
"TAS",2020-01-26,0,0,0,0,0,0,0,0,535500,2,"Australia","Tasmania",NA,"86525f8e"
"VIC",2020-01-26,1,0,0,0,0,0,0,0,6629870,2,"Australia","Victoria",NA,"6c5dccdb"
"WA",2020-01-26,0,0,0,0,0,0,0,0,2630557,2,"Australia","Western Australia",NA,"1f999f12"
"ACT",2020-01-27,0,0,0,0,0,0,0,0,428060,2,"Australia","Australian Capital Territory",NA,"f42f23e3"
"NSW",2020-01-27,4,0,0,0,0,0,0,0,8117976,2,"Australia","New South Wales",NA,"5c4dd6e0"
"NT",2020-01-27,0,0,0,0,0,0,0,0,245562,2,"Australia","Northern Territory",NA,"a079fdb2"
"QLD",2020-01-27,0,0,0,0,0,0,0,0,5115451,2,"Australia","Queensland",NA,"36068882"
"SA",2020-01-27,0,0,0,0,0,0,0,0,1756494,2,"Australia","South Australia",NA,"165128d0"
"TAS",2020-01-27,0,0,0,0,0,0,0,0,535500,2,"Australia","Tasmania",NA,"86525f8e"
"VIC",2020-01-27,1,0,0,0,0,0,0,0,6629870,2,"Australia","Victoria",NA,"6c5dccdb"
"WA",2020-01-27,0,0,0,0,0,0,0,0,2630557,2,"Australia","Western Australia",NA,"1f999f12"
"ACT",2020-01-28,0,0,0,0,0,0,0,0,428060,2,"Australia","Australian Capital Territory",NA,"f42f23e3"
"NSW",2020-01-28,4,0,0,0,0,0,0,0,8117976,2,"Australia","New South Wales",NA,"5c4dd6e0"
"NT",2020-01-28,0,0,0,0,0,0,0,0,245562,2,"Australia","Northern Territory",NA,"a079fdb2"
"QLD",2020-01-28,0,0,0,0,0,0,0,0,5115451,2,"Australia","Queensland",NA,"36068882"
"SA",2020-01-28,0,0,0,0,0,0,0,0,1756494,2,"Australia","South Australia",NA,"165128d0"
"TAS",2020-01-28,0,0,0,0,0,0,0,0,535500,2,"Australia","Tasmania",NA,"86525f8e"
"VIC",2020-01-28,1,0,0,0,0,0,0,0,6629870,2,"Australia","Victoria",NA,"6c5dccdb"
"WA",2020-01-28,0,0,0,0,0,0,0,0,2630557,2,"Australia","Western Australia",NA,"1f999f12"
"ACT",2020-01-29,0,0,0,0,0,0,0,0,428060,2,"Australia","Australian Capital Territory",NA,"f42f23e3"
"NSW",2020-01-29,4,0,0,0,0,0,0,0,8117976,2,"Australia","New South Wales",NA,"5c4dd6e0"
"NT",2020-01-29,0,0,0,0,0,0,0,0,245562,2,"Australia","Northern Territory",NA,"a079fdb2"
"QLD",2020-01-29,2,0,0,0,0,0,0,0,5115451,2,"Australia","Queensland",NA,"36068882"
"SA",2020-01-29,0,0,0,0,0,0,0,0,1756494,2,"Australia","South Australia",NA,"165128d0"
"TAS",2020-01-29,0,0,0,0,0,0,0,0,535500,2,"Australia","Tasmania",NA,"86525f8e"
"VIC",2020-01-29,3,0,0,0,0,0,0,0,6629870,2,"Australia","Victoria",NA,"6c5dccdb"
"WA",2020-01-29,0,0,0,0,0,0,0,0,2630557,2,"Australia","Western Australia",NA,"1f999f12"
"ACT",2020-01-30,0,0,0,0,0,0,0,0,428060,2,"Australia","Australian Capital Territory",NA,"f42f23e3"
"NSW",2020-01-30,4,0,0,0,0,0,0,0,8117976,2,"Australia","New South Wales",NA,"5c4dd6e0"
"NT",2020-01-30,0,0,0,0,0,0,0,0,245562,2,"Australia","Northern Territory",NA,"a079fdb2"
"QLD",2020-01-30,2,0,0,0,0,0,0,0,5115451,2,"Australia","Queensland",NA,"36068882"
"SA",2020-01-30,0,0,0,0,0,0,0,0,1756494,2,"Australia","South Australia",NA,"165128d0"
"TAS",2020-01-30,0,0,0,0,0,0,0,0,535500,2,"Australia","Tasmania",NA,"86525f8e"
"VIC",2020-01-30,3,0,0,0,0,0,0,0,6629870,2,"Australia","Victoria",NA,"6c5dccdb"
"WA",2020-01-30,0,0,0,0,0,0,0,0,2630557,2,"Australia","Western Australia",NA,"1f999f12"
"ACT",2020-01-31,0,0,0,0,0,0,0,0,428060,2,"Australia","Australian Capital Territory",NA,"f42f23e3"
"NSW",2020-01-31,4,0,0,0,0,0,0,0,8117976,2,"Australia","New South Wales",NA,"5c4dd6e0"
"NT",2020-01-31,0,0,0,0,0,0,0,0,245562,2,"Australia","Northern Territory",NA,"a079fdb2"
"QLD",2020-01-31,2,0,0,0,0,0,0,0,5115451,2,"Australia","Queensland",NA,"36068882"
"SA",2020-01-31,0,0,0,0,0,0,0,0,1756494,2,"Australia","South Australia",NA,"165128d0"
"TAS",2020-01-31,0,0,0,0,0,0,0,0,535500,2,"Australia","Tasmania",NA,"86525f8e"
"VIC",2020-01-31,3,0,0,0,0,0,0,0,6629870,2,"Australia","Victoria",NA,"6c5dccdb"
"WA",2020-01-31,0,0,0,0,0,0,0,0,2630557,2,"Australia","Western Australia",NA,"1f999f12"
"ACT",2020-02-01,0,0,0,0,0,0,0,0,428060,2,"Australia","Australian Capital Territory",NA,"f42f23e3"
"NSW",2020-02-01,4,0,0,0,0,0,0,0,8117976,2,"Australia","New South Wales",NA,"5c4dd6e0"
"NT",2020-02-01,0,0,0,0,0,0,0,0,245562,2,"Australia","Northern Territory",NA,"a079fdb2"
"QLD",2020-02-01,2,0,0,0,0,0,0,0,5115451,2,"Australia","Queensland",NA,"36068882"
"SA",2020-02-01,0,0,0,0,0,0,0,0,1756494,2,"Australia","South Australia",NA,"165128d0"
"TAS",2020-02-01,0,0,0,0,0,0,0,0,535500,2,"Australia","Tasmania",NA,"86525f8e"
"VIC",2020-02-01,4,0,0,0,0,0,0,0,6629870,2,"Australia","Victoria",NA,"6c5dccdb"
"WA",2020-02-01,0,0,0,0,0,0,0,0,2630557,2,"Australia","Western Australia",NA,"1f999f12"
"ACT",2020-02-02,0,0,0,0,0,0,0,0,428060,2,"Australia","Australian Capital Territory",NA,"f42f23e3"
"NSW",2020-02-02,4,0,0,0,0,0,0,0,8117976,2,"Australia","New South Wales",NA,"5c4dd6e0"
"NT",2020-02-02,0,0,0,0,0,0,0,0,245562,2,"Australia","Northern Territory",NA,"a079fdb2"
"QLD",2020-02-02,2,0,0,0,0,0,0,0,5115451,2,"Australia","Queensland",NA,"36068882"
"SA",2020-02-02,2,0,0,0,0,0,0,0,1756494,2,"Australia","South Australia",NA,"165128d0"
"TAS",2020-02-02,0,0,0,0,0,0,0,0,535500,2,"Australia","Tasmania",NA,"86525f8e"
"VIC",2020-02-02,4,0,0,0,0,0,0,0,6629870,2,"Australia","Victoria",NA,"6c5dccdb"
"WA",2020-02-02,0,0,0,0,0,0,0,0,2630557,2,"Australia","Western Australia",NA,"1f999f12"
"ACT",2020-02-03,0,0,0,0,0,0,0,0,428060,2,"Australia","Australian Capital Territory",NA,"f42f23e3"
"NSW",2020-02-03,4,0,0,0,0,0,0,0,8117976,2,"Australia","New South Wales",NA,"5c4dd6e0"
"NT",2020-02-03,0,0,0,0,0,0,0,0,245562,2,"Australia","Northern Territory",NA,"a079fdb2"
"QLD",2020-02-03,2,0,0,0,0,0,0,0,5115451,2,"Australia","Queensland",NA,"36068882"
"SA",2020-02-03,2,0,0,0,0,0,0,0,1756494,2,"Australia","South Australia",NA,"165128d0"
"TAS",2020-02-03,0,0,0,0,0,0,0,0,535500,2,"Australia","Tasmania",NA,"86525f8e"
"VIC",2020-02-03,4,0,0,0,0,0,0,0,6629870,2,"Australia","Victoria",NA,"6c5dccdb"
"WA",2020-02-03,0,0,0,0,0,0,0,0,2630557,2,"Australia","Western Australia",NA,"1f999f12"
"ACT",2020-02-04,0,0,0,0,0,0,0,0,428060,2,"Australia","Australian Capital Territory",NA,"f42f23e3"
"NSW",2020-02-04,4,0,0,0,0,0,0,0,8117976,2,"Australia","New South Wales",NA,"5c4dd6e0"
"NT",2020-02-04,0,0,0,0,0,0,0,0,245562,2,"Australia","Northern Territory",NA,"a079fdb2"
"QLD",2020-02-04,3,0,0,0,0,0,0,0,5115451,2,"Australia","Queensland",NA,"36068882"
"SA",2020-02-04,2,0,0,0,0,0,0,0,1756494,2,"Australia","South Australia",NA,"165128d0"
"TAS",2020-02-04,0,0,0,0,0,0,0,0,535500,2,"Australia","Tasmania",NA,"86525f8e"
"VIC",2020-02-04,4,0,0,0,0,0,0,0,6629870,2,"Australia","Victoria",NA,"6c5dccdb"
"WA",2020-02-04,0,0,0,0,0,0,0,0,2630557,2,"Australia","Western Australia",NA,"1f999f12"
"ACT",2020-02-05,0,0,0,0,0,0,0,0,428060,2,"Australia","Australian Capital Territory",NA,"f42f23e3"
"NSW",2020-02-05,4,0,0,0,0,0,0,0,8117976,2,"Australia","New South Wales",NA,"5c4dd6e0"
"NT",2020-02-05,0,0,0,0,0,0,0,0,245562,2,"Australia","Northern Territory",NA,"a079fdb2"
"QLD",2020-02-05,4,0,0,0,0,0,0,0,5115451,2,"Australia","Queensland",NA,"36068882"
"SA",2020-02-05,2,0,0,0,0,0,0,0,1756494,2,"Australia","South Australia",NA,"165128d0"
"TAS",2020-02-05,0,0,0,0,0,0,0,0,535500,2,"Australia","Tasmania",NA,"86525f8e"
"VIC",2020-02-05,4,0,0,0,0,0,0,0,6629870,2,"Australia","Victoria",NA,"6c5dccdb"
"WA",2020-02-05,0,0,0,0,0,0,0,0,2630557,2,"Australia","Western Australia",NA,"1f999f12"
"ACT",2020-02-06,0,0,0,0,0,0,0,0,428060,2,"Australia","Australian Capital Territory",NA,"f42f23e3"
"NSW",2020-02-06,4,0,0,0,0,0,0,0,8117976,2,"Australia","New South Wales",NA,"5c4dd6e0"
"NT",2020-02-06,0,0,0,0,0,0,0,0,245562,2,"Australia","Northern Territory",NA,"a079fdb2"
"QLD",2020-02-06,5,0,0,0,0,0,0,0,5115451,2,"Australia","Queensland",NA,"36068882"
"SA",2020-02-06,2,0,0,0,0,0,0,0,1756494,2,"Australia","South Australia",NA,"165128d0"
"TAS",2020-02-06,0,0,0,0,0,0,0,0,535500,2,"Australia","Tasmania",NA,"86525f8e"
"VIC",2020-02-06,4,0,0,0,0,0,0,0,6629870,2,"Australia","Victoria",NA,"6c5dccdb"
"WA",2020-02-06,0,0,0,0,0,0,0,0,2630557,2,"Australia","Western Australia",NA,"1f999f12"
"ACT",2020-02-07,0,0,0,0,0,0,0,0,428060,2,"Australia","Australian Capital Territory",NA,"f42f23e3"
"NSW",2020-02-07,4,0,0,0,0,0,0,0,8117976,2,"Australia","New South Wales",NA,"5c4dd6e0"
"NT",2020-02-07,0,0,0,0,0,0,0,0,245562,2,"Australia","Northern Territory",NA,"a079fdb2"
"QLD",2020-02-07,5,0,0,0,0,0,0,0,5115451,2,"Australia","Queensland",NA,"36068882"
"SA",2020-02-07,2,0,0,0,0,0,0,0,1756494,2,"Australia","South Australia",NA,"165128d0"
"TAS",2020-02-07,0,0,0,0,0,0,0,0,535500,2,"Australia","Tasmania",NA,"86525f8e"
"VIC",2020-02-07,4,0,0,0,0,0,0,0,6629870,2,"Australia","Victoria",NA,"6c5dccdb"
"WA",2020-02-07,0,0,0,0,0,0,0,0,2630557,2,"Australia","Western Australia",NA,"1f999f12"
"ACT",2020-02-08,0,0,0,0,0,0,0,0,428060,2,"Australia","Australian Capital Territory",NA,"f42f23e3"
"NSW",2020-02-08,4,0,0,0,0,0,0,0,8117976,2,"Australia","New South Wales",NA,"5c4dd6e0"
"NT",2020-02-08,0,0,0,0,0,0,0,0,245562,2,"Australia","Northern Territory",NA,"a079fdb2"
"QLD",2020-02-08,5,0,0,0,0,0,0,0,5115451,2,"Australia","Queensland",NA,"36068882"
"SA",2020-02-08,2,0,0,0,0,0,0,0,1756494,2,"Australia","South Australia",NA,"165128d0"
"TAS",2020-02-08,0,0,0,0,0,0,0,0,535500,2,"Australia","Tasmania",NA,"86525f8e"
"VIC",2020-02-08,4,0,0,0,0,0,0,0,6629870,2,"Australia","Victoria",NA,"6c5dccdb"
"WA",2020-02-08,0,0,0,0,0,0,0,0,2630557,2,"Australia","Western Australia",NA,"1f999f12"
"ACT",2020-02-09,0,0,0,0,0,0,0,0,428060,2,"Australia","Australian Capital Territory",NA,"f42f23e3"
"NSW",2020-02-09,4,0,0,0,0,0,0,0,8117976,2,"Australia","New South Wales",NA,"5c4dd6e0"
"NT",2020-02-09,0,0,0,0,0,0,0,0,245562,2,"Australia","Northern Territory",NA,"a079fdb2"
"QLD",2020-02-09,5,0,0,0,0,0,0,0,5115451,2,"Australia","Queensland",NA,"36068882"
"SA",2020-02-09,2,0,0,0,0,0,0,0,1756494,2,"Australia","South Australia",NA,"165128d0"
"TAS",2020-02-09,0,0,0,0,0,0,0,0,535500,2,"Australia","Tasmania",NA,"86525f8e"
"VIC",2020-02-09,4,0,0,0,0,0,0,0,6629870,2,"Australia","Victoria",NA,"6c5dccdb"
"WA",2020-02-09,0,0,0,0,0,0,0,0,2630557,2,"Australia","Western Australia",NA,"1f999f12"
"ACT",2020-02-10,0,0,0,0,0,0,0,0,428060,2,"Australia","Australian Capital Territory",NA,"f42f23e3"
"NSW",2020-02-10,4,0,0,0,0,0,0,0,8117976,2,"Australia","New South Wales",NA,"5c4dd6e0"
"NT",2020-02-10,0,0,0,0,0,0,0,0,245562,2,"Australia","Northern Territory",NA,"a079fdb2"
"QLD",2020-02-10,5,0,0,0,0,0,0,0,5115451,2,"Australia","Queensland",NA,"36068882"
"SA",2020-02-10,2,0,0,0,0,0,0,0,1756494,2,"Australia","South Australia",NA,"165128d0"
"TAS",2020-02-10,0,0,0,0,0,0,0,0,535500,2,"Australia","Tasmania",NA,"86525f8e"
"VIC",2020-02-10,4,0,0,0,0,0,0,0,6629870,2,"Australia","Victoria",NA,"6c5dccdb"
"WA",2020-02-10,0,0,0,0,0,0,0,0,2630557,2,"Australia","Western Australia",NA,"1f999f12"
"ACT",2020-02-11,0,0,0,0,0,0,0,0,428060,2,"Australia","Australian Capital Territory",NA,"f42f23e3"
"NSW",2020-02-11,4,0,0,0,0,0,0,0,8117976,2,"Australia","New South Wales",NA,"5c4dd6e0"
"NT",2020-02-11,0,0,0,0,0,0,0,0,245562,2,"Australia","Northern Territory",NA,"a079fdb2"
"QLD",2020-02-11,5,0,0,0,0,0,0,0,5115451,2,"Australia","Queensland",NA,"36068882"
"SA",2020-02-11,2,0,0,0,0,0,0,0,1756494,2,"Australia","South Australia",NA,"165128d0"
"TAS",2020-02-11,0,0,0,0,0,0,0,0,535500,2,"Australia","Tasmania",NA,"86525f8e"
"VIC",2020-02-11,4,0,0,0,0,0,0,0,6629870,2,"Australia","Victoria",NA,"6c5dccdb"
"WA",2020-02-11,0,0,0,0,0,0,0,0,2630557,2,"Australia","Western Australia",NA,"1f999f12"
"ACT",2020-02-12,0,0,0,0,0,0,0,0,428060,2,"Australia","Australian Capital Territory",NA,"f42f23e3"
"NSW",2020-02-12,4,0,0,0,0,0,0,0,8117976,2,"Australia","New South Wales",NA,"5c4dd6e0"
"NT",2020-02-12,0,0,0,0,0,0,0,0,245562,2,"Australia","Northern Territory",NA,"a079fdb2"
"QLD",2020-02-12,5,0,0,0,0,0,0,0,5115451,2,"Australia","Queensland",NA,"36068882"
"SA",2020-02-12,2,0,0,0,0,0,0,0,1756494,2,"Australia","South Australia",NA,"165128d0"
"TAS",2020-02-12,0,0,0,0,0,0,0,0,535500,2,"Australia","Tasmania",NA,"86525f8e"
"VIC",2020-02-12,4,0,0,0,0,0,0,0,6629870,2,"Australia","Victoria",NA,"6c5dccdb"
"WA",2020-02-12,0,0,0,0,0,0,0,0,2630557,2,"Australia","Western Australia",NA,"1f999f12"
"ACT",2020-02-13,0,0,0,0,0,0,0,0,428060,2,"Australia","Australian Capital Territory",NA,"f42f23e3"
"NSW",2020-02-13,4,0,0,0,0,0,0,0,8117976,2,"Australia","New South Wales",NA,"5c4dd6e0"
"NT",2020-02-13,0,0,0,0,0,0,0,0,245562,2,"Australia","Northern Territory",NA,"a079fdb2"
"QLD",2020-02-13,5,0,0,0,0,0,0,0,5115451,2,"Australia","Queensland",NA,"36068882"
"SA",2020-02-13,2,0,0,0,0,0,0,0,1756494,2,"Australia","South Australia",NA,"165128d0"
"TAS",2020-02-13,0,0,0,0,0,0,0,0,535500,2,"Australia","Tasmania",NA,"86525f8e"
"VIC",2020-02-13,4,0,0,0,0,0,0,0,6629870,2,"Australia","Victoria",NA,"6c5dccdb"
"WA",2020-02-13,0,0,0,0,0,0,0,0,2630557,2,"Australia","Western Australia",NA,"1f999f12"
"ACT",2020-02-14,0,0,0,0,0,0,0,0,428060,2,"Australia","Australian Capital Territory",NA,"f42f23e3"
"NSW",2020-02-14,4,0,0,0,0,0,0,0,8117976,2,"Australia","New South Wales",NA,"5c4dd6e0"
"NT",2020-02-14,0,0,0,0,0,0,0,0,245562,2,"Australia","Northern Territory",NA,"a079fdb2"
"QLD",2020-02-14,5,0,0,0,0,0,0,0,5115451,2,"Australia","Queensland",NA,"36068882"
"SA",2020-02-14,2,0,0,0,0,0,0,0,1756494,2,"Australia","South Australia",NA,"165128d0"
"TAS",2020-02-14,0,0,0,0,0,0,0,0,535500,2,"Australia","Tasmania",NA,"86525f8e"
"VIC",2020-02-14,4,0,0,0,0,0,0,0,6629870,2,"Australia","Victoria",NA,"6c5dccdb"
"WA",2020-02-14,0,0,0,0,0,0,0,0,2630557,2,"Australia","Western Australia",NA,"1f999f12"
"ACT",2020-02-15,0,0,0,0,0,0,0,0,428060,2,"Australia","Australian Capital Territory",NA,"f42f23e3"
"NSW",2020-02-15,4,0,0,0,0,0,0,0,8117976,2,"Australia","New South Wales",NA,"5c4dd6e0"
"NT",2020-02-15,0,0,0,0,0,0,0,0,245562,2,"Australia","Northern Territory",NA,"a079fdb2"
"QLD",2020-02-15,5,0,0,0,0,0,0,0,5115451,2,"Australia","Queensland",NA,"36068882"
"SA",2020-02-15,2,0,0,0,0,0,0,0,1756494,2,"Australia","South Australia",NA,"165128d0"
"TAS",2020-02-15,0,0,0,0,0,0,0,0,535500,2,"Australia","Tasmania",NA,"86525f8e"
"VIC",2020-02-15,4,0,0,0,0,0,0,0,6629870,2,"Australia","Victoria",NA,"6c5dccdb"
"WA",2020-02-15,0,0,0,0,0,0,0,0,2630557,2,"Australia","Western Australia",NA,"1f999f12"
"ACT",2020-02-16,0,0,0,0,0,0,0,0,428060,2,"Australia","Australian Capital Territory",NA,"f42f23e3"
"NSW",2020-02-16,4,0,0,0,0,0,0,0,8117976,2,"Australia","New South Wales",NA,"5c4dd6e0"
"NT",2020-02-16,0,0,0,0,0,0,0,0,245562,2,"Australia","Northern Territory",NA,"a079fdb2"
"QLD",2020-02-16,5,0,0,0,0,0,0,0,5115451,2,"Australia","Queensland",NA,"36068882"
"SA",2020-02-16,2,0,0,0,0,0,0,0,1756494,2,"Australia","South Australia",NA,"165128d0"
"TAS",2020-02-16,0,0,0,0,0,0,0,0,535500,2,"Australia","Tasmania",NA,"86525f8e"
"VIC",2020-02-16,4,0,0,0,0,0,0,0,6629870,2,"Australia","Victoria",NA,"6c5dccdb"
"WA",2020-02-16,0,0,0,0,0,0,0,0,2630557,2,"Australia","Western Australia",NA,"1f999f12"
"ACT",2020-02-17,0,0,0,0,0,0,0,0,428060,2,"Australia","Australian Capital Territory",NA,"f42f23e3"
"NSW",2020-02-17,4,0,0,0,0,0,0,0,8117976,2,"Australia","New South Wales",NA,"5c4dd6e0"
"NT",2020-02-17,0,0,0,0,0,0,0,0,245562,2,"Australia","Northern Territory",NA,"a079fdb2"
"QLD",2020-02-17,5,0,0,0,0,0,0,0,5115451,2,"Australia","Queensland",NA,"36068882"
"SA",2020-02-17,2,0,0,0,0,0,0,0,1756494,2,"Australia","South Australia",NA,"165128d0"
"TAS",2020-02-17,0,0,0,0,0,0,0,0,535500,2,"Australia","Tasmania",NA,"86525f8e"
"VIC",2020-02-17,4,0,0,0,0,0,0,0,6629870,2,"Australia","Victoria",NA,"6c5dccdb"
"WA",2020-02-17,0,0,0,0,0,0,0,0,2630557,2,"Australia","Western Australia",NA,"1f999f12"
"ACT",2020-02-18,0,0,0,0,0,0,0,0,428060,2,"Australia","Australian Capital Territory",NA,"f42f23e3"
"NSW",2020-02-18,4,0,0,0,0,0,0,0,8117976,2,"Australia","New South Wales",NA,"5c4dd6e0"
"NT",2020-02-18,0,0,0,0,0,0,0,0,245562,2,"Australia","Northern Territory",NA,"a079fdb2"
"QLD",2020-02-18,5,0,0,0,0,0,0,0,5115451,2,"Australia","Queensland",NA,"36068882"
"SA",2020-02-18,2,0,0,0,0,0,0,0,1756494,2,"Australia","South Australia",NA,"165128d0"
"TAS",2020-02-18,0,0,0,0,0,0,0,0,535500,2,"Australia","Tasmania",NA,"86525f8e"
"VIC",2020-02-18,4,0,0,0,0,0,0,0,6629870,2,"Australia","Victoria",NA,"6c5dccdb"
"WA",2020-02-18,0,0,0,0,0,0,0,0,2630557,2,"Australia","Western Australia",NA,"1f999f12"
"ACT",2020-02-19,0,0,0,0,0,0,0,0,428060,2,"Australia","Australian Capital Territory",NA,"f42f23e3"
"NSW",2020-02-19,4,0,0,0,0,0,0,0,8117976,2,"Australia","New South Wales",NA,"5c4dd6e0"
"NT",2020-02-19,0,0,0,0,0,0,0,0,245562,2,"Australia","Northern Territory",NA,"a079fdb2"
"QLD",2020-02-19,5,0,0,0,0,0,0,0,5115451,2,"Australia","Queensland",NA,"36068882"
"SA",2020-02-19,2,0,0,0,0,0,0,0,1756494,2,"Australia","South Australia",NA,"165128d0"
"TAS",2020-02-19,0,0,0,0,0,0,0,0,535500,2,"Australia","Tasmania",NA,"86525f8e"
"VIC",2020-02-19,4,0,0,0,0,0,0,0,6629870,2,"Australia","Victoria",NA,"6c5dccdb"
"WA",2020-02-19,0,0,0,0,0,0,0,0,2630557,2,"Australia","Western Australia",NA,"1f999f12"
"ACT",2020-02-20,0,0,0,0,0,0,0,0,428060,2,"Australia","Australian Capital Territory",NA,"f42f23e3"
"NSW",2020-02-20,4,0,0,0,0,0,0,0,8117976,2,"Australia","New South Wales",NA,"5c4dd6e0"
"NT",2020-02-20,0,0,0,0,0,0,0,0,245562,2,"Australia","Northern Territory",NA,"a079fdb2"
"QLD",2020-02-20,5,0,0,0,0,0,0,0,5115451,2,"Australia","Queensland",NA,"36068882"
"SA",2020-02-20,2,0,0,0,0,0,0,0,1756494,2,"Australia","South Australia",NA,"165128d0"
"TAS",2020-02-20,0,0,0,0,0,0,0,0,535500,2,"Australia","Tasmania",NA,"86525f8e"
"VIC",2020-02-20,4,0,0,0,0,0,0,0,6629870,2,"Australia","Victoria",NA,"6c5dccdb"
"WA",2020-02-20,0,0,0,0,0,0,0,0,2630557,2,"Australia","Western Australia",NA,"1f999f12"
"ACT",2020-02-21,0,0,0,0,0,0,0,0,428060,2,"Australia","Australian Capital Territory",NA,"f42f23e3"
"NSW",2020-02-21,4,0,0,0,0,0,0,0,8117976,2,"Australia","New South Wales",NA,"5c4dd6e0"
"NT",2020-02-21,0,0,0,0,0,0,0,0,245562,2,"Australia","Northern Territory",NA,"a079fdb2"
"QLD",2020-02-21,7,0,0,0,0,0,0,0,5115451,2,"Australia","Queensland",NA,"36068882"
"SA",2020-02-21,3,0,0,0,0,0,0,0,1756494,2,"Australia","South Australia",NA,"165128d0"
"TAS",2020-02-21,0,0,0,0,0,0,0,0,535500,2,"Australia","Tasmania",NA,"86525f8e"
"VIC",2020-02-21,4,0,0,0,0,0,0,0,6629870,2,"Australia","Victoria",NA,"6c5dccdb"
"WA",2020-02-21,1,0,0,0,0,0,0,0,2630557,2,"Australia","Western Australia",NA,"1f999f12"
"ACT",2020-02-22,0,0,0,0,0,0,0,0,428060,2,"Australia","Australian Capital Territory",NA,"f42f23e3"
"NSW",2020-02-22,4,0,0,0,0,0,0,0,8117976,2,"Australia","New South Wales",NA,"5c4dd6e0"
"NT",2020-02-22,0,0,0,0,0,0,0,0,245562,2,"Australia","Northern Territory",NA,"a079fdb2"
"QLD",2020-02-22,8,0,0,0,0,0,0,0,5115451,2,"Australia","Queensland",NA,"36068882"
"SA",2020-02-22,3,0,0,0,0,0,0,0,1756494,2,"Australia","South Australia",NA,"165128d0"
"TAS",2020-02-22,0,0,0,0,0,0,0,0,535500,2,"Australia","Tasmania",NA,"86525f8e"
"VIC",2020-02-22,4,0,0,0,0,0,0,0,6629870,2,"Australia","Victoria",NA,"6c5dccdb"
"WA",2020-02-22,1,0,0,0,0,0,0,0,2630557,2,"Australia","Western Australia",NA,"1f999f12"
"ACT",2020-02-23,0,0,0,0,0,0,0,0,428060,2,"Australia","Australian Capital Territory",NA,"f42f23e3"
"NSW",2020-02-23,4,0,0,0,0,0,0,0,8117976,2,"Australia","New South Wales",NA,"5c4dd6e0"
"NT",2020-02-23,0,0,0,0,0,0,0,0,245562,2,"Australia","Northern Territory",NA,"a079fdb2"
"QLD",2020-02-23,8,0,0,0,0,0,0,0,5115451,2,"Australia","Queensland",NA,"36068882"
"SA",2020-02-23,3,0,0,0,0,0,0,0,1756494,2,"Australia","South Australia",NA,"165128d0"
"TAS",2020-02-23,0,0,0,0,0,0,0,0,535500,2,"Australia","Tasmania",NA,"86525f8e"
"VIC",2020-02-23,4,0,0,0,0,0,0,0,6629870,2,"Australia","Victoria",NA,"6c5dccdb"
"WA",2020-02-23,1,0,0,0,0,0,0,0,2630557,2,"Australia","Western Australia",NA,"1f999f12"
"ACT",2020-02-24,0,0,0,0,0,0,0,0,428060,2,"Australia","Australian Capital Territory",NA,"f42f23e3"
"NSW",2020-02-24,4,0,0,0,0,0,0,0,8117976,2,"Australia","New South Wales",NA,"5c4dd6e0"
"NT",2020-02-24,0,0,0,0,0,0,0,0,245562,2,"Australia","Northern Territory",NA,"a079fdb2"
"QLD",2020-02-24,8,0,0,0,0,0,0,0,5115451,2,"Australia","Queensland",NA,"36068882"
"SA",2020-02-24,3,0,0,0,0,0,0,0,1756494,2,"Australia","South Australia",NA,"165128d0"
"TAS",2020-02-24,0,0,0,0,0,0,0,0,535500,2,"Australia","Tasmania",NA,"86525f8e"
"VIC",2020-02-24,4,0,0,0,0,0,0,0,6629870,2,"Australia","Victoria",NA,"6c5dccdb"
"WA",2020-02-24,1,0,0,0,0,0,0,0,2630557,2,"Australia","Western Australia",NA,"1f999f12"
"ACT",2020-02-25,0,0,0,0,0,0,0,0,428060,2,"Australia","Australian Capital Territory",NA,"f42f23e3"
"NSW",2020-02-25,4,0,0,0,0,0,0,0,8117976,2,"Australia","New South Wales",NA,"5c4dd6e0"
"NT",2020-02-25,0,0,0,0,0,0,0,0,245562,2,"Australia","Northern Territory",NA,"a079fdb2"
"QLD",2020-02-25,8,0,0,0,0,0,0,0,5115451,2,"Australia","Queensland",NA,"36068882"
"SA",2020-02-25,3,0,0,0,0,0,0,0,1756494,2,"Australia","South Australia",NA,"165128d0"
"TAS",2020-02-25,0,0,0,0,0,0,0,0,535500,2,"Australia","Tasmania",NA,"86525f8e"
"VIC",2020-02-25,4,0,0,0,0,0,0,0,6629870,2,"Australia","Victoria",NA,"6c5dccdb"
"WA",2020-02-25,1,0,0,0,0,0,0,0,2630557,2,"Australia","Western Australia",NA,"1f999f12"
"ACT",2020-02-26,0,0,0,0,0,0,0,0,428060,2,"Australia","Australian Capital Territory",NA,"f42f23e3"
"NSW",2020-02-26,4,0,0,0,0,0,0,0,8117976,2,"Australia","New South Wales",NA,"5c4dd6e0"
"NT",2020-02-26,0,0,0,0,0,0,0,0,245562,2,"Australia","Northern Territory",NA,"a079fdb2"
"QLD",2020-02-26,8,0,0,0,0,0,0,0,5115451,2,"Australia","Queensland",NA,"36068882"
"SA",2020-02-26,3,0,0,0,0,0,0,0,1756494,2,"Australia","South Australia",NA,"165128d0"
"TAS",2020-02-26,0,0,0,0,0,0,0,0,535500,2,"Australia","Tasmania",NA,"86525f8e"
"VIC",2020-02-26,4,0,0,0,0,0,0,0,6629870,2,"Australia","Victoria",NA,"6c5dccdb"
"WA",2020-02-26,1,0,0,0,0,0,0,0,2630557,2,"Australia","Western Australia",NA,"1f999f12"
"ACT",2020-02-27,0,0,0,0,0,0,0,0,428060,2,"Australia","Australian Capital Territory",NA,"f42f23e3"
"NSW",2020-02-27,4,0,0,0,0,0,0,0,8117976,2,"Australia","New South Wales",NA,"5c4dd6e0"
"NT",2020-02-27,0,0,0,0,0,0,0,0,245562,2,"Australia","Northern Territory",NA,"a079fdb2"
"QLD",2020-02-27,8,0,0,0,0,0,0,0,5115451,2,"Australia","Queensland",NA,"36068882"
"SA",2020-02-27,3,0,0,0,0,0,0,0,1756494,2,"Australia","South Australia",NA,"165128d0"
"TAS",2020-02-27,0,0,0,0,0,0,0,0,535500,2,"Australia","Tasmania",NA,"86525f8e"
"VIC",2020-02-27,7,0,0,0,0,0,0,0,6629870,2,"Australia","Victoria",NA,"6c5dccdb"
"WA",2020-02-27,1,0,0,0,0,0,0,0,2630557,2,"Australia","Western Australia",NA,"1f999f12"
"ACT",2020-02-28,0,0,0,0,0,0,0,0,428060,2,"Australia","Australian Capital Territory",NA,"f42f23e3"
"NSW",2020-02-28,4,0,0,0,0,0,0,0,8117976,2,"Australia","New South Wales",NA,"5c4dd6e0"
"NT",2020-02-28,0,0,0,0,0,0,0,0,245562,2,"Australia","Northern Territory",NA,"a079fdb2"
"QLD",2020-02-28,9,0,0,0,0,0,0,0,5115451,2,"Australia","Queensland",NA,"36068882"
"SA",2020-02-28,3,0,0,0,0,0,0,0,1756494,2,"Australia","South Australia",NA,"165128d0"
"TAS",2020-02-28,0,0,0,0,0,0,0,0,535500,2,"Australia","Tasmania",NA,"86525f8e"
"VIC",2020-02-28,7,0,0,0,0,0,0,0,6629870,2,"Australia","Victoria",NA,"6c5dccdb"
"WA",2020-02-28,2,0,0,0,0,0,0,0,2630557,2,"Australia","Western Australia",NA,"1f999f12"
"ACT",2020-02-29,0,0,0,0,0,0,0,0,428060,2,"Australia","Australian Capital Territory",NA,"f42f23e3"
"NSW",2020-02-29,4,0,0,0,0,0,0,0,8117976,2,"Australia","New South Wales",NA,"5c4dd6e0"
"NT",2020-02-29,0,0,0,0,0,0,0,0,245562,2,"Australia","Northern Territory",NA,"a079fdb2"
"QLD",2020-02-29,9,0,0,0,0,0,0,0,5115451,2,"Australia","Queensland",NA,"36068882"
"SA",2020-02-29,3,0,0,0,0,0,0,0,1756494,2,"Australia","South Australia",NA,"165128d0"
"TAS",2020-02-29,0,0,0,0,0,0,0,0,535500,2,"Australia","Tasmania",NA,"86525f8e"
"VIC",2020-02-29,7,0,0,0,0,0,0,0,6629870,2,"Australia","Victoria",NA,"6c5dccdb"
"WA",2020-02-29,2,0,0,0,0,0,0,0,2630557,2,"Australia","Western Australia",NA,"1f999f12"
"ACT",2020-03-01,0,0,0,0,0,0,0,0,428060,2,"Australia","Australian Capital Territory",NA,"f42f23e3"
"NSW",2020-03-01,5,0,0,5,0,0,0,0,8117976,2,"Australia","New South Wales",NA,"5c4dd6e0"
"NT",2020-03-01,0,0,0,0,0,0,0,0,245562,2,"Australia","Northern Territory",NA,"a079fdb2"
"QLD",2020-03-01,9,0,0,9,0,0,0,0,5115451,2,"Australia","Queensland",NA,"36068882"
"SA",2020-03-01,3,0,0,3,0,0,0,0,1756494,2,"Australia","South Australia",NA,"165128d0"
"TAS",2020-03-01,0,0,0,0,0,0,0,0,535500,2,"Australia","Tasmania",NA,"86525f8e"
"VIC",2020-03-01,9,0,0,9,0,0,0,0,6629870,2,"Australia","Victoria",NA,"6c5dccdb"
"WA",2020-03-01,2,1,0,2,0,0,0,0,2630557,2,"Australia","Western Australia",NA,"1f999f12"
"ACT",2020-03-02,0,0,0,0,0,0,0,0,428060,2,"Australia","Australian Capital Territory",NA,"f42f23e3"
"NSW",2020-03-02,9,0,0,9,0,0,0,0,8117976,2,"Australia","New South Wales",NA,"5c4dd6e0"
"NT",2020-03-02,0,0,0,0,0,0,0,0,245562,2,"Australia","Northern Territory",NA,"a079fdb2"
"QLD",2020-03-02,9,0,0,9,0,0,0,0,5115451,2,"Australia","Queensland",NA,"36068882"
"SA",2020-03-02,3,0,0,3,0,0,0,0,1756494,2,"Australia","South Australia",NA,"165128d0"
"TAS",2020-03-02,0,0,0,0,0,0,0,0,535500,2,"Australia","Tasmania",NA,"86525f8e"
"VIC",2020-03-02,9,0,0,9,0,0,0,0,6629870,2,"Australia","Victoria",NA,"6c5dccdb"
"WA",2020-03-02,2,1,0,2,0,0,0,0,2630557,2,"Australia","Western Australia",NA,"1f999f12"
"ACT",2020-03-03,0,0,0,0,0,0,0,0,428060,2,"Australia","Australian Capital Territory",NA,"f42f23e3"
"NSW",2020-03-03,15,0,0,15,0,0,0,0,8117976,2,"Australia","New South Wales",NA,"5c4dd6e0"
"NT",2020-03-03,0,0,0,0,0,0,0,0,245562,2,"Australia","Northern Territory",NA,"a079fdb2"
"QLD",2020-03-03,10,0,0,10,0,0,0,0,5115451,2,"Australia","Queensland",NA,"36068882"
"SA",2020-03-03,3,0,0,3,0,0,0,0,1756494,2,"Australia","South Australia",NA,"165128d0"
"TAS",2020-03-03,1,0,0,1,0,0,0,0,535500,2,"Australia","Tasmania",NA,"86525f8e"
"VIC",2020-03-03,9,0,0,9,0,0,0,0,6629870,2,"Australia","Victoria",NA,"6c5dccdb"
"WA",2020-03-03,2,1,0,2,0,0,0,0,2630557,2,"Australia","Western Australia",NA,"1f999f12"
"ACT",2020-03-04,0,0,0,0,0,0,0,0,428060,2,"Australia","Australian Capital Territory",NA,"f42f23e3"
"NSW",2020-03-04,22,1,0,22,0,0,0,0,8117976,2,"Australia","New South Wales",NA,"5c4dd6e0"
"NT",2020-03-04,0,0,0,0,0,0,0,0,245562,2,"Australia","Northern Territory",NA,"a079fdb2"
"QLD",2020-03-04,11,0,0,11,0,0,0,0,5115451,2,"Australia","Queensland",NA,"36068882"
"SA",2020-03-04,5,0,0,5,0,0,0,0,1756494,2,"Australia","South Australia",NA,"165128d0"
"TAS",2020-03-04,1,0,0,1,0,0,0,0,535500,2,"Australia","Tasmania",NA,"86525f8e"
"VIC",2020-03-04,10,0,0,10,0,0,0,0,6629870,2,"Australia","Victoria",NA,"6c5dccdb"
"WA",2020-03-04,2,1,0,2,0,0,0,0,2630557,2,"Australia","Western Australia",NA,"1f999f12"
"ACT",2020-03-05,0,0,0,0,0,0,0,0,428060,2,"Australia","Australian Capital Territory",NA,"f42f23e3"
"NSW",2020-03-05,25,1,0,25,0,0,0,0,8117976,2,"Australia","New South Wales",NA,"5c4dd6e0"
"NT",2020-03-05,0,0,0,0,0,0,0,0,245562,2,"Australia","Northern Territory",NA,"a079fdb2"
"QLD",2020-03-05,13,0,0,13,0,0,0,0,5115451,2,"Australia","Queensland",NA,"36068882"
"SA",2020-03-05,7,0,0,7,0,0,0,0,1756494,2,"Australia","South Australia",NA,"165128d0"
"TAS",2020-03-05,1,0,0,1,0,0,0,0,535500,2,"Australia","Tasmania",NA,"86525f8e"
"VIC",2020-03-05,10,0,0,10,0,0,0,0,6629870,2,"Australia","Victoria",NA,"6c5dccdb"
"WA",2020-03-05,3,1,0,3,0,0,0,0,2630557,2,"Australia","Western Australia",NA,"1f999f12"
"ACT",2020-03-06,0,0,0,0,0,0,0,0,428060,2,"Australia","Australian Capital Territory",NA,"f42f23e3"
"NSW",2020-03-06,28,1,0,28,0,0,0,0,8117976,2,"Australia","New South Wales",NA,"5c4dd6e0"
"NT",2020-03-06,0,0,0,0,0,0,0,0,245562,2,"Australia","Northern Territory",NA,"a079fdb2"
"QLD",2020-03-06,14,0,0,14,0,0,0,0,5115451,2,"Australia","Queensland",NA,"36068882"
"SA",2020-03-06,7,0,0,7,0,0,0,0,1756494,2,"Australia","South Australia",NA,"165128d0"
"TAS",2020-03-06,1,0,0,1,0,0,0,0,535500,2,"Australia","Tasmania",NA,"86525f8e"
"VIC",2020-03-06,10,0,0,10,0,0,0,0,6629870,2,"Australia","Victoria",NA,"6c5dccdb"
"WA",2020-03-06,3,1,0,3,0,0,0,0,2630557,2,"Australia","Western Australia",NA,"1f999f12"
"ACT",2020-03-07,0,0,0,0,0,0,0,0,428060,2,"Australia","Australian Capital Territory",NA,"f42f23e3"
"NSW",2020-03-07,36,1,7214,36,0,0,0,0,8117976,2,"Australia","New South Wales",NA,"5c4dd6e0"
"NT",2020-03-07,0,0,0,0,0,0,0,0,245562,2,"Australia","Northern Territory",NA,"a079fdb2"
"QLD",2020-03-07,14,0,0,14,0,0,0,0,5115451,2,"Australia","Queensland",NA,"36068882"
"SA",2020-03-07,7,0,0,7,0,0,0,0,1756494,2,"Australia","South Australia",NA,"165128d0"
"TAS",2020-03-07,2,0,0,2,0,0,0,0,535500,2,"Australia","Tasmania",NA,"86525f8e"
"VIC",2020-03-07,11,0,0,11,0,0,0,0,6629870,2,"Australia","Victoria",NA,"6c5dccdb"
"WA",2020-03-07,3,1,0,3,0,0,0,0,2630557,2,"Australia","Western Australia",NA,"1f999f12"
"ACT",2020-03-08,0,0,0,0,0,0,0,0,428060,2,"Australia","Australian Capital Territory",NA,"f42f23e3"
"NSW",2020-03-08,40,2,8008,40,0,0,0,0,8117976,2,"Australia","New South Wales",NA,"5c4dd6e0"
"NT",2020-03-08,0,0,0,0,0,0,0,0,245562,2,"Australia","Northern Territory",NA,"a079fdb2"
"QLD",2020-03-08,15,0,0,15,0,0,0,0,5115451,2,"Australia","Queensland",NA,"36068882"
"SA",2020-03-08,7,0,0,7,0,0,0,0,1756494,2,"Australia","South Australia",NA,"165128d0"
"TAS",2020-03-08,2,0,0,2,0,0,0,0,535500,2,"Australia","Tasmania",NA,"86525f8e"
"VIC",2020-03-08,12,0,0,12,0,0,0,0,6629870,2,"Australia","Victoria",NA,"6c5dccdb"
"WA",2020-03-08,4,1,0,4,0,0,0,0,2630557,2,"Australia","Western Australia",NA,"1f999f12"
"ACT",2020-03-09,0,0,0,0,0,0,0,0,428060,2,"Australia","Australian Capital Territory",NA,"f42f23e3"
"NSW",2020-03-09,47,2,8371,47,0,0,0,0,8117976,2,"Australia","New South Wales",NA,"5c4dd6e0"
"NT",2020-03-09,0,0,0,0,0,0,0,0,245562,2,"Australia","Northern Territory",NA,"a079fdb2"
"QLD",2020-03-09,15,0,0,15,0,0,0,0,5115451,2,"Australia","Queensland",NA,"36068882"
"SA",2020-03-09,7,0,0,7,0,0,0,0,1756494,2,"Australia","South Australia",NA,"165128d0"
"TAS",2020-03-09,2,0,0,2,0,0,0,0,535500,2,"Australia","Tasmania",NA,"86525f8e"
"VIC",2020-03-09,15,0,0,15,0,0,0,0,6629870,2,"Australia","Victoria",NA,"6c5dccdb"
"WA",2020-03-09,6,1,0,6,0,0,0,0,2630557,2,"Australia","Western Australia",NA,"1f999f12"
"ACT",2020-03-10,0,0,0,0,0,0,0,0,428060,2,"Australia","Australian Capital Territory",NA,"f42f23e3"
"NSW",2020-03-10,61,2,10165,61,0,0,0,0,8117976,2,"Australia","New South Wales",NA,"5c4dd6e0"
"NT",2020-03-10,0,0,0,0,0,0,0,0,245562,2,"Australia","Northern Territory",NA,"a079fdb2"
"QLD",2020-03-10,18,0,0,18,0,0,0,0,5115451,2,"Australia","Queensland",NA,"36068882"
"SA",2020-03-10,7,0,0,7,0,0,0,0,1756494,2,"Australia","South Australia",NA,"165128d0"
"TAS",2020-03-10,2,0,0,2,0,0,0,0,535500,2,"Australia","Tasmania",NA,"86525f8e"
"VIC",2020-03-10,18,0,0,18,0,0,0,0,6629870,2,"Australia","Victoria",NA,"6c5dccdb"
"WA",2020-03-10,6,1,0,6,0,0,0,0,2630557,2,"Australia","Western Australia",NA,"1f999f12"
"ACT",2020-03-11,0,0,0,0,0,0,0,0,428060,2,"Australia","Australian Capital Territory",NA,"f42f23e3"
"NSW",2020-03-11,65,2,10221,65,0,0,0,0,8117976,2,"Australia","New South Wales",NA,"5c4dd6e0"
"NT",2020-03-11,0,0,0,0,0,0,0,0,245562,2,"Australia","Northern Territory",NA,"a079fdb2"
"QLD",2020-03-11,20,0,0,20,0,0,0,0,5115451,2,"Australia","Queensland",NA,"36068882"
"SA",2020-03-11,9,0,0,9,0,0,0,0,1756494,2,"Australia","South Australia",NA,"165128d0"
"TAS",2020-03-11,3,0,0,3,0,0,0,0,535500,2,"Australia","Tasmania",NA,"86525f8e"
"VIC",2020-03-11,21,0,0,21,0,0,0,0,6629870,2,"Australia","Victoria",NA,"6c5dccdb"
"WA",2020-03-11,9,1,0,9,0,0,0,0,2630557,2,"Australia","Western Australia",NA,"1f999f12"
"ACT",2020-03-12,1,0,0,1,0,0,0,0,428060,2,"Australia","Australian Capital Territory",NA,"f42f23e3"
"NSW",2020-03-12,78,2,14856,78,0,0,0,0,8117976,2,"Australia","New South Wales",NA,"5c4dd6e0"
"NT",2020-03-12,0,0,0,0,0,0,0,0,245562,2,"Australia","Northern Territory",NA,"a079fdb2"
"QLD",2020-03-12,27,0,0,27,0,0,0,0,5115451,2,"Australia","Queensland",NA,"36068882"
"SA",2020-03-12,12,0,0,12,0,0,0,0,1756494,2,"Australia","South Australia",NA,"165128d0"
"TAS",2020-03-12,3,0,0,3,0,0,0,0,535500,2,"Australia","Tasmania",NA,"86525f8e"
"VIC",2020-03-12,27,0,0,27,0,0,0,0,6629870,2,"Australia","Victoria",NA,"6c5dccdb"
"WA",2020-03-12,9,1,0,9,0,0,0,0,2630557,2,"Australia","Western Australia",NA,"1f999f12"
"ACT",2020-03-13,1,0,0,1,0,0,0,0,428060,2,"Australia","Australian Capital Territory",NA,"f42f23e3"
"NSW",2020-03-13,92,2,16685,92,0,0,0,0,8117976,2,"Australia","New South Wales",NA,"5c4dd6e0"
"NT",2020-03-13,0,0,0,0,0,0,0,0,245562,2,"Australia","Northern Territory",NA,"a079fdb2"
"QLD",2020-03-13,35,1,0,35,0,0,0,0,5115451,2,"Australia","Queensland",NA,"36068882"
"SA",2020-03-13,16,0,0,16,0,0,0,0,1756494,2,"Australia","South Australia",NA,"165128d0"
"TAS",2020-03-13,4,0,0,4,0,0,0,0,535500,2,"Australia","Tasmania",NA,"86525f8e"
"VIC",2020-03-13,36,0,0,36,0,0,0,0,6629870,2,"Australia","Victoria",NA,"6c5dccdb"
"WA",2020-03-13,14,1,0,14,0,0,0,0,2630557,2,"Australia","Western Australia",NA,"1f999f12"
"ACT",2020-03-14,1,0,0,1,0,0,0,0,428060,2,"Australia","Australian Capital Territory",NA,"f42f23e3"
"NSW",2020-03-14,112,2,20496,112,0,0,0,0,8117976,2,"Australia","New South Wales",NA,"5c4dd6e0"
"NT",2020-03-14,0,0,0,0,0,0,0,0,245562,2,"Australia","Northern Territory",NA,"a079fdb2"
"QLD",2020-03-14,46,1,0,46,0,0,0,0,5115451,2,"Australia","Queensland",NA,"36068882"
"SA",2020-03-14,19,0,0,19,0,0,0,0,1756494,2,"Australia","South Australia",NA,"165128d0"
"TAS",2020-03-14,5,0,0,5,0,0,0,0,535500,2,"Australia","Tasmania",NA,"86525f8e"
"VIC",2020-03-14,49,0,0,49,0,0,0,0,6629870,2,"Australia","Victoria",NA,"6c5dccdb"
"WA",2020-03-14,17,1,0,17,0,0,0,0,2630557,2,"Australia","Western Australia",NA,"1f999f12"
"ACT",2020-03-15,1,0,0,1,0,0,0,0,428060,2,"Australia","Australian Capital Territory",NA,"f42f23e3"
"NSW",2020-03-15,134,4,22567,134,0,0,0,0,8117976,2,"Australia","New South Wales",NA,"5c4dd6e0"
"NT",2020-03-15,0,0,0,0,0,0,0,0,245562,2,"Australia","Northern Territory",NA,"a079fdb2"
"QLD",2020-03-15,61,1,0,61,0,0,0,0,5115451,2,"Australia","Queensland",NA,"36068882"
"SA",2020-03-15,20,0,0,20,0,0,0,0,1756494,2,"Australia","South Australia",NA,"165128d0"
"TAS",2020-03-15,6,0,0,6,0,0,0,0,535500,2,"Australia","Tasmania",NA,"86525f8e"
"VIC",2020-03-15,57,0,0,57,0,0,0,0,6629870,2,"Australia","Victoria",NA,"6c5dccdb"
"WA",2020-03-15,18,1,0,18,0,0,0,0,2630557,2,"Australia","Western Australia",NA,"1f999f12"
"ACT",2020-03-16,2,0,0,2,0,0,0,0,428060,2,"Australia","Australian Capital Territory",NA,"f42f23e3"
"NSW",2020-03-16,171,4,26964,171,0,0,0,0,8117976,2,"Australia","New South Wales",NA,"5c4dd6e0"
"NT",2020-03-16,0,0,0,0,0,0,0,0,245562,2,"Australia","Northern Territory",NA,"a079fdb2"
"QLD",2020-03-16,68,1,0,68,0,0,0,0,5115451,2,"Australia","Queensland",NA,"36068882"
"SA",2020-03-16,29,0,0,29,0,0,0,0,1756494,2,"Australia","South Australia",NA,"165128d0"
"TAS",2020-03-16,7,0,0,7,0,0,0,0,535500,2,"Australia","Tasmania",NA,"86525f8e"
"VIC",2020-03-16,71,0,11700,71,0,0,0,0,6629870,2,"Australia","Victoria",NA,"6c5dccdb"
"WA",2020-03-16,28,1,0,28,0,0,0,0,2630557,2,"Australia","Western Australia",NA,"1f999f12"
"ACT",2020-03-17,2,0,0,2,0,0,0,0,428060,2,"Australia","Australian Capital Territory",NA,"f42f23e3"
"NSW",2020-03-17,210,4,30244,210,0,0,0,0,8117976,2,"Australia","New South Wales",NA,"5c4dd6e0"
"NT",2020-03-17,0,0,0,0,0,0,0,0,245562,2,"Australia","Northern Territory",NA,"a079fdb2"
"QLD",2020-03-17,78,1,0,78,0,0,0,0,5115451,2,"Australia","Queensland",NA,"36068882"
"SA",2020-03-17,32,0,0,32,0,0,0,0,1756494,2,"Australia","South Australia",NA,"165128d0"
"TAS",2020-03-17,7,0,0,7,0,0,0,0,535500,2,"Australia","Tasmania",NA,"86525f8e"
"VIC",2020-03-17,94,0,14200,94,0,0,0,0,6629870,2,"Australia","Victoria",NA,"6c5dccdb"
"WA",2020-03-17,31,1,0,31,0,0,0,0,2630557,2,"Australia","Western Australia",NA,"1f999f12"
"ACT",2020-03-18,3,0,0,3,0,0,0,0,428060,2,"Australia","Australian Capital Territory",NA,"f42f23e3"
"NSW",2020-03-18,267,5,35800,267,0,0,0,0,8117976,2,"Australia","New South Wales",NA,"5c4dd6e0"
"NT",2020-03-18,0,0,0,0,0,0,0,0,245562,2,"Australia","Northern Territory",NA,"a079fdb2"
"QLD",2020-03-18,94,1,0,94,0,0,0,0,5115451,2,"Australia","Queensland",NA,"36068882"
"SA",2020-03-18,37,0,0,37,0,0,0,0,1756494,2,"Australia","South Australia",NA,"165128d0"
"TAS",2020-03-18,10,0,0,10,0,0,0,0,535500,2,"Australia","Tasmania",NA,"86525f8e"
"VIC",2020-03-18,121,0,15200,121,0,0,0,0,6629870,2,"Australia","Victoria",NA,"6c5dccdb"
"WA",2020-03-18,35,1,0,35,0,0,0,0,2630557,2,"Australia","Western Australia",NA,"1f999f12"
"ACT",2020-03-19,4,0,0,4,0,0,0,0,428060,2,"Australia","Australian Capital Territory",NA,"f42f23e3"
"NSW",2020-03-19,307,5,39089,307,0,0,0,0,8117976,2,"Australia","New South Wales",NA,"5c4dd6e0"
"NT",2020-03-19,0,0,0,0,0,0,0,0,245562,2,"Australia","Northern Territory",NA,"a079fdb2"
"QLD",2020-03-19,144,1,27064,144,0,0,0,0,5115451,2,"Australia","Queensland",NA,"36068882"
"SA",2020-03-19,42,0,0,42,0,0,0,0,1756494,2,"Australia","South Australia",NA,"165128d0"
"TAS",2020-03-19,10,0,0,10,0,0,0,0,535500,2,"Australia","Tasmania",NA,"86525f8e"
"VIC",2020-03-19,150,0,17180,150,28,0,0,0,6629870,2,"Australia","Victoria",NA,"6c5dccdb"
"WA",2020-03-19,52,1,0,52,0,0,0,0,2630557,2,"Australia","Western Australia",NA,"1f999f12"
"ACT",2020-03-20,6,0,2218,6,0,0,0,0,428060,2,"Australia","Australian Capital Territory",NA,"f42f23e3"
"NSW",2020-03-20,353,6,40651,353,0,0,0,0,8117976,2,"Australia","New South Wales",NA,"5c4dd6e0"
"NT",2020-03-20,2,0,0,2,0,0,0,0,245562,2,"Australia","Northern Territory",NA,"a079fdb2"
"QLD",2020-03-20,184,1,28386,184,0,0,0,0,5115451,2,"Australia","Queensland",NA,"36068882"
"SA",2020-03-20,50,0,0,50,0,0,0,0,1756494,2,"Australia","South Australia",NA,"165128d0"
"TAS",2020-03-20,10,0,807,10,0,0,0,0,535500,2,"Australia","Tasmania",NA,"86525f8e"
"VIC",2020-03-20,178,0,19337,178,39,0,0,0,6629870,2,"Australia","Victoria",NA,"6c5dccdb"
"WA",2020-03-20,64,1,0,64,0,0,0,0,2630557,2,"Australia","Western Australia",NA,"1f999f12"
"ACT",2020-03-21,9,0,2218,9,0,0,0,0,428060,2,"Australia","Australian Capital Territory",NA,"f42f23e3"
"NSW",2020-03-21,436,6,46892,436,0,0,0,0,8117976,2,"Australia","New South Wales",NA,"5c4dd6e0"
"NT",2020-03-21,4,0,0,4,0,0,0,0,245562,2,"Australia","Northern Territory",NA,"a079fdb2"
"QLD",2020-03-21,221,1,29867,221,0,0,0,0,5115451,2,"Australia","Queensland",NA,"36068882"
"SA",2020-03-21,67,0,0,67,0,0,0,0,1756494,2,"Australia","South Australia",NA,"165128d0"
"TAS",2020-03-21,16,0,807,16,0,0,0,0,535500,2,"Australia","Tasmania",NA,"86525f8e"
"VIC",2020-03-21,229,0,20500,229,51,0,0,0,6629870,2,"Australia","Victoria",NA,"6c5dccdb"
"WA",2020-03-21,90,1,0,90,0,0,0,0,2630557,2,"Australia","Western Australia",NA,"1f999f12"
"ACT",2020-03-22,19,0,2414,19,0,0,0,0,428060,2,"Australia","Australian Capital Territory",NA,"f42f23e3"
"NSW",2020-03-22,533,6,52663,533,0,0,0,0,8117976,2,"Australia","New South Wales",NA,"5c4dd6e0"
"NT",2020-03-22,4,0,0,4,0,0,0,0,245562,2,"Australia","Northern Territory",NA,"a079fdb2"
"QLD",2020-03-22,259,1,31309,259,0,0,0,0,5115451,2,"Australia","Queensland",NA,"36068882"
"SA",2020-03-22,100,0,0,100,0,0,0,0,1756494,2,"Australia","South Australia",NA,"165128d0"
"TAS",2020-03-22,21,0,0,21,0,0,0,0,535500,2,"Australia","Tasmania",NA,"86525f8e"
"VIC",2020-03-22,296,0,22900,296,70,0,0,0,6629870,2,"Australia","Victoria",NA,"6c5dccdb"
"WA",2020-03-22,120,1,0,120,0,0,0,0,2630557,2,"Australia","Western Australia",NA,"1f999f12"
"ACT",2020-03-23,32,0,2608,32,0,0,0,0,428060,2,"Australia","Australian Capital Territory",NA,"f42f23e3"
"NSW",2020-03-23,669,6,56941,669,0,0,0,0,8117976,2,"Australia","New South Wales",NA,"5c4dd6e0"
"NT",2020-03-23,4,0,0,4,0,0,0,0,245562,2,"Australia","Northern Territory",NA,"a079fdb2"
"QLD",2020-03-23,319,1,32394,319,0,0,0,0,5115451,2,"Australia","Queensland",NA,"36068882"
"SA",2020-03-23,134,0,0,134,0,0,0,0,1756494,2,"Australia","South Australia",NA,"165128d0"
"TAS",2020-03-23,27,0,0,27,0,0,0,0,535500,2,"Australia","Tasmania",NA,"86525f8e"
"VIC",2020-03-23,355,0,23700,355,97,0,0,0,6629870,2,"Australia","Victoria",NA,"6c5dccdb"
"WA",2020-03-23,140,1,0,140,0,0,0,0,2630557,2,"Australia","Western Australia",NA,"1f999f12"
"ACT",2020-03-24,39,0,2819,39,0,0,0,0,428060,2,"Australia","Australian Capital Territory",NA,"f42f23e3"
"NSW",2020-03-24,818,7,61848,818,0,0,0,0,8117976,2,"Australia","New South Wales",NA,"5c4dd6e0"
"NT",2020-03-24,5,0,0,5,0,0,0,0,245562,2,"Australia","Northern Territory",NA,"a079fdb2"
"QLD",2020-03-24,397,1,32394,397,0,0,0,0,5115451,2,"Australia","Queensland",NA,"36068882"
"SA",2020-03-24,170,0,0,170,0,0,0,0,1756494,2,"Australia","South Australia",NA,"165128d0"
"TAS",2020-03-24,35,0,1139,35,0,0,0,0,535500,2,"Australia","Tasmania",NA,"86525f8e"
"VIC",2020-03-24,411,0,25000,411,113,0,0,0,6629870,2,"Australia","Victoria",NA,"6c5dccdb"
"WA",2020-03-24,175,1,0,175,0,0,0,0,2630557,2,"Australia","Western Australia",NA,"1f999f12"
"ACT",2020-03-25,44,0,3008,44,0,0,0,0,428060,2,"Australia","Australian Capital Territory",NA,"f42f23e3"
"NSW",2020-03-25,1029,7,68177,1029,0,0,0,0,8117976,2,"Australia","New South Wales",NA,"5c4dd6e0"
"NT",2020-03-25,5,0,0,5,1,0,0,0,245562,2,"Australia","Northern Territory",NA,"a079fdb2"
"QLD",2020-03-25,443,2,38860,443,0,0,0,0,5115451,2,"Australia","Queensland",NA,"36068882"
"SA",2020-03-25,197,0,19269,197,0,0,0,0,1756494,2,"Australia","South Australia",NA,"165128d0"
"TAS",2020-03-25,41,0,1272,41,0,0,0,0,535500,2,"Australia","Tasmania",NA,"86525f8e"
"VIC",2020-03-25,466,0,25500,466,128,0,0,0,6629870,2,"Australia","Victoria",NA,"6c5dccdb"
"WA",2020-03-25,205,1,0,205,0,0,0,0,2630557,2,"Australia","Western Australia",NA,"1f999f12"
"ACT",2020-03-26,53,0,3272,53,1,0,0,0,428060,2,"Australia","Australian Capital Territory",NA,"f42f23e3"
"NSW",2020-03-26,1219,7,74006,1219,0,0,0,0,8117976,2,"Australia","New South Wales",NA,"5c4dd6e0"
"NT",2020-03-26,12,0,0,12,1,0,0,0,245562,2,"Australia","Northern Territory",NA,"a079fdb2"
"QLD",2020-03-26,493,2,38860,493,0,0,0,0,5115451,2,"Australia","Queensland",NA,"36068882"
"SA",2020-03-26,235,0,20676,235,0,0,0,0,1756494,2,"Australia","South Australia",NA,"165128d0"
"TAS",2020-03-26,46,0,1272,46,0,0,0,0,535500,2,"Australia","Tasmania",NA,"86525f8e"
"VIC",2020-03-26,520,3,26900,520,149,0,0,0,6629870,2,"Australia","Victoria",NA,"6c5dccdb"
"WA",2020-03-26,231,2,11519,231,0,0,0,0,2630557,2,"Australia","Western Australia",NA,"1f999f12"
"ACT",2020-03-27,62,0,3760,62,2,0,0,0,428060,2,"Australia","Australian Capital Territory",NA,"f42f23e3"
"NSW",2020-03-27,1405,7,77689,1405,0,0,0,0,8117976,2,"Australia","New South Wales",NA,"5c4dd6e0"
"NT",2020-03-27,14,0,0,14,2,0,0,0,245562,2,"Australia","Northern Territory",NA,"a079fdb2"
"QLD",2020-03-27,555,2,42965,555,0,0,0,0,5115451,2,"Australia","Queensland",NA,"36068882"
"SA",2020-03-27,257,0,23500,257,0,0,0,0,1756494,2,"Australia","South Australia",NA,"165128d0"
"TAS",2020-03-27,58,0,1779,58,0,0,0,0,535500,2,"Australia","Tasmania",NA,"86525f8e"
"VIC",2020-03-27,574,3,31000,574,172,0,0,0,6629870,2,"Australia","Victoria",NA,"6c5dccdb"
"WA",2020-03-27,255,2,12091,255,28,0,0,0,2630557,2,"Australia","Western Australia",NA,"1f999f12"
"ACT",2020-03-28,71,0,4059,71,2,0,0,0,428060,2,"Australia","Australian Capital Territory",NA,"f42f23e3"
"NSW",2020-03-28,1617,8,86524,1617,0,0,0,0,8117976,2,"Australia","New South Wales",NA,"5c4dd6e0"
"NT",2020-03-28,15,0,0,15,2,0,0,0,245562,2,"Australia","Northern Territory",NA,"a079fdb2"
"QLD",2020-03-28,625,2,42965,625,0,0,0,0,5115451,2,"Australia","Queensland",NA,"36068882"
"SA",2020-03-28,287,0,24737,287,0,0,0,0,1756494,2,"Australia","South Australia",NA,"165128d0"
"TAS",2020-03-28,62,0,1779,62,0,0,0,0,535500,2,"Australia","Tasmania",NA,"86525f8e"
"VIC",2020-03-28,685,3,35000,685,191,0,0,0,6629870,2,"Australia","Victoria",NA,"6c5dccdb"
"WA",2020-03-28,278,2,12971,278,28,0,0,0,2630557,2,"Australia","Western Australia",NA,"1f999f12"
"ACT",2020-03-29,77,0,4307,77,2,0,0,0,428060,2,"Australia","Australian Capital Territory",NA,"f42f23e3"
"NSW",2020-03-29,1791,8,93099,1791,0,0,0,0,8117976,2,"Australia","New South Wales",NA,"5c4dd6e0"
"NT",2020-03-29,15,0,1000,15,2,0,0,0,245562,2,"Australia","Northern Territory",NA,"a079fdb2"
"QLD",2020-03-29,656,3,44999,656,0,0,0,0,5115451,2,"Australia","Queensland",NA,"36068882"
"SA",2020-03-29,299,0,25682,299,0,0,0,0,1756494,2,"Australia","South Australia",NA,"165128d0"
"TAS",2020-03-29,66,0,1779,66,0,0,0,0,535500,2,"Australia","Tasmania",NA,"86525f8e"
"VIC",2020-03-29,769,4,39000,769,193,0,0,0,6629870,2,"Australia","Victoria",NA,"6c5dccdb"
"WA",2020-03-29,311,2,13648,311,28,0,0,0,2630557,2,"Australia","Western Australia",NA,"1f999f12"
"ACT",2020-03-30,78,1,4307,78,0,0,0,0,428060,2,"Australia","Australian Capital Territory",NA,"f42f23e3"
"NSW",2020-03-30,1918,8,96446,1918,0,0,0,0,8117976,2,"Australia","New South Wales",NA,"5c4dd6e0"
"NT",2020-03-30,15,0,1000,15,2,0,0,0,245562,2,"Australia","Northern Territory",NA,"a079fdb2"
"QLD",2020-03-30,689,3,47025,689,0,0,0,0,5115451,2,"Australia","Queensland",NA,"36068882"
"SA",2020-03-30,305,0,26202,305,0,0,0,0,1756494,2,"Australia","South Australia",NA,"165128d0"
"TAS",2020-03-30,69,1,0,69,0,0,0,0,535500,2,"Australia","Tasmania",NA,"86525f8e"
"VIC",2020-03-30,821,4,42000,821,248,0,0,0,6629870,2,"Australia","Victoria",NA,"6c5dccdb"
"WA",2020-03-30,355,2,14188,355,41,0,0,0,2630557,2,"Australia","Western Australia",NA,"1f999f12"
"ACT",2020-03-31,80,1,4443,80,3,0,0,0,428060,2,"Australia","Australian Capital Territory",NA,"f42f23e3"
"NSW",2020-03-31,2032,8,99951,2032,0,0,0,0,8117976,2,"Australia","New South Wales",NA,"5c4dd6e0"
"NT",2020-03-31,19,0,2100,19,3,0,0,0,245562,2,"Australia","Northern Territory",NA,"a079fdb2"
"QLD",2020-03-31,743,3,49382,743,0,0,0,0,5115451,2,"Australia","Queensland",NA,"36068882"
"SA",2020-03-31,337,0,27344,337,0,0,0,0,1756494,2,"Australia","South Australia",NA,"165128d0"
"TAS",2020-03-31,69,2,0,69,0,0,0,0,535500,2,"Australia","Tasmania",NA,"86525f8e"
"VIC",2020-03-31,917,4,45000,917,291,32,6,0,6629870,2,"Australia","Victoria",NA,"6c5dccdb"
"WA",2020-03-31,364,2,14704,364,48,0,0,0,2630557,2,"Australia","Western Australia",NA,"1f999f12"
"ACT",2020-04-01,84,1,4858,84,8,8,2,2,428060,2,"Australia","Australian Capital Territory",NA,"f42f23e3"
"NSW",2020-04-01,2182,9,105543,2182,0,218,42,23,8117976,2,"Australia","New South Wales",NA,"5c4dd6e0"
"NT",2020-04-01,19,0,2131,19,3,16,1,1,245562,2,"Australia","Northern Territory",NA,"a079fdb2"
"QLD",2020-04-01,781,3,50853,781,0,66,9,7,5115451,2,"Australia","Queensland",NA,"36068882"
"SA",2020-04-01,367,0,28828,367,0,23,8,0,1756494,2,"Australia","South Australia",NA,"165128d0"
"TAS",2020-04-01,71,2,2218,71,0,9,0,0,535500,2,"Australia","Tasmania",NA,"86525f8e"
"VIC",2020-04-01,968,4,47000,968,343,36,6,0,6629870,2,"Australia","Victoria",NA,"6c5dccdb"
"WA",2020-04-01,392,2,15522,392,64,24,8,0,2630557,2,"Australia","Western Australia",NA,"1f999f12"
"ACT",2020-04-02,87,1,5018,87,11,11,4,2,428060,2,"Australia","Australian Capital Territory",NA,"f42f23e3"
"NSW",2020-04-02,2298,10,110537,2298,0,231,43,21,8117976,2,"Australia","New South Wales",NA,"5c4dd6e0"
"NT",2020-04-02,22,0,2273,22,3,18,1,1,245562,2,"Australia","Northern Territory",NA,"a079fdb2"
"QLD",2020-04-02,835,4,51785,835,0,60,9,8,5115451,2,"Australia","Queensland",NA,"36068882"
"SA",2020-04-02,385,0,29876,385,44,19,7,0,1756494,2,"Australia","South Australia",NA,"165128d0"
"TAS",2020-04-02,74,2,2218,74,0,10,1,0,535500,2,"Australia","Tasmania",NA,"86525f8e"
"VIC",2020-04-02,1036,6,49000,1036,422,37,7,0,6629870,2,"Australia","Victoria",NA,"6c5dccdb"
"WA",2020-04-02,400,2,16190,400,92,29,9,0,2630557,2,"Australia","Western Australia",NA,"1f999f12"
"ACT",2020-04-03,91,1,5222,91,18,12,8,2,428060,2,"Australia","Australian Capital Territory",NA,"f42f23e3"
"NSW",2020-04-03,2389,12,114455,2389,0,231,42,22,8117976,2,"Australia","New South Wales",NA,"5c4dd6e0"
"NT",2020-04-03,26,0,2466,26,3,19,1,0,245562,2,"Australia","Northern Territory",NA,"a079fdb2"
"QLD",2020-04-03,873,4,54441,873,0,54,10,8,5115451,2,"Australia","Queensland",NA,"36068882"
"SA",2020-04-03,396,0,30922,396,46,18,8,0,1756494,2,"Australia","South Australia",NA,"165128d0"
"TAS",2020-04-03,80,2,0,80,0,10,1,0,535500,2,"Australia","Tasmania",NA,"86525f8e"
"VIC",2020-04-03,1085,7,51000,1085,476,37,7,0,6629870,2,"Australia","Victoria",NA,"6c5dccdb"
"WA",2020-04-03,422,3,16866,422,92,29,9,0,2630557,2,"Australia","Western Australia",NA,"1f999f12"
"ACT",2020-04-04,93,2,5328,93,18,6,3,2,428060,2,"Australia","Australian Capital Territory",NA,"f42f23e3"
"NSW",2020-04-04,2493,12,117633,2493,0,251,41,23,8117976,2,"Australia","New South Wales",NA,"5c4dd6e0"
"NT",2020-04-04,26,0,2642,26,3,23,0,0,245562,2,"Australia","Northern Territory",NA,"a079fdb2"
"QLD",2020-04-04,900,4,56000,900,0,47,11,8,5115451,2,"Australia","Queensland",NA,"36068882"
"SA",2020-04-04,407,0,32037,407,46,19,8,0,1756494,2,"Australia","South Australia",NA,"165128d0"
"TAS",2020-04-04,82,2,0,82,0,11,2,0,535500,2,"Australia","Tasmania",NA,"86525f8e"
"VIC",2020-04-04,1115,8,54000,1115,527,42,10,0,6629870,2,"Australia","Victoria",NA,"6c5dccdb"
"WA",2020-04-04,436,3,17251,436,92,61,17,0,2630557,2,"Australia","Western Australia",NA,"1f999f12"
"ACT",2020-04-05,96,2,5258,96,18,7,3,2,428060,2,"Australia","Australian Capital Territory",NA,"f42f23e3"
"NSW",2020-04-05,2580,16,121433,2580,0,250,40,23,8117976,2,"Australia","New South Wales",NA,"5c4dd6e0"
"NT",2020-04-05,27,0,2753,27,3,24,0,0,245562,2,"Australia","Northern Territory",NA,"a079fdb2"
"QLD",2020-04-05,907,5,57795,907,0,43,12,8,5115451,2,"Australia","Queensland",NA,"36068882"
"SA",2020-04-05,409,0,32863,409,46,20,10,0,1756494,2,"Australia","South Australia",NA,"165128d0"
"TAS",2020-04-05,86,2,2845,86,0,11,2,0,535500,2,"Australia","Tasmania",NA,"86525f8e"
"VIC",2020-04-05,1135,8,56000,1135,573,47,11,0,6629870,2,"Australia","Victoria",NA,"6c5dccdb"
"WA",2020-04-05,453,3,18197,453,148,58,18,0,2630557,2,"Australia","Western Australia",NA,"1f999f12"
"ACT",2020-04-06,96,2,5329,96,18,7,3,2,428060,2,"Australia","Australian Capital Territory",NA,"f42f23e3"
"NSW",2020-04-06,2637,18,124038,2637,0,250,40,23,8117976,2,"Australia","New South Wales",NA,"5c4dd6e0"
"NT",2020-04-06,27,0,2805,27,3,24,0,0,245562,2,"Australia","Northern Territory",NA,"a079fdb2"
"QLD",2020-04-06,921,5,58490,921,0,43,12,10,5115451,2,"Australia","Queensland",NA,"36068882"
"SA",2020-04-06,411,0,33303,411,46,20,10,0,1756494,2,"Australia","South Australia",NA,"165128d0"
"TAS",2020-04-06,89,2,2972,89,0,11,2,0,535500,2,"Australia","Tasmania",NA,"86525f8e"
"VIC",2020-04-06,1158,10,57000,1158,620,45,11,0,6629870,2,"Australia","Victoria",NA,"6c5dccdb"
"WA",2020-04-06,460,4,18726,460,162,58,18,0,2630557,2,"Australia","Western Australia",NA,"1f999f12"
"ACT",2020-04-07,97,2,5497,97,42,6,3,2,428060,2,"Australia","Australian Capital Territory",NA,"f42f23e3"
"NSW",2020-04-07,2686,21,126146,2686,1356,103,37,24,8117976,2,"Australia","New South Wales",NA,"5c4dd6e0"
"NT",2020-04-07,27,0,2999,27,3,24,0,0,245562,2,"Australia","Northern Territory",NA,"a079fdb2"
"QLD",2020-04-07,934,5,61834,934,173,42,13,11,5115451,2,"Australia","Queensland",NA,"36068882"
"SA",2020-04-07,415,1,33831,415,89,16,10,0,1756494,2,"Australia","South Australia",NA,"165128d0"
"TAS",2020-04-07,98,3,3192,98,30,13,2,0,535500,2,"Australia","Tasmania",NA,"86525f8e"
"VIC",2020-04-07,1191,11,58000,1191,686,47,13,0,6629870,2,"Australia","Victoria",NA,"6c5dccdb"
"WA",2020-04-07,470,6,19201,470,170,54,15,0,2630557,2,"Australia","Western Australia",NA,"1f999f12"
"ACT",2020-04-08,99,2,5679,99,47,4,3,2,428060,2,"Australia","Australian Capital Territory",NA,"f42f23e3"
"NSW",2020-04-08,2734,21,129091,2734,1356,92,36,23,8117976,2,"Australia","New South Wales",NA,"5c4dd6e0"
"NT",2020-04-08,27,0,3062,27,3,24,0,0,245562,2,"Australia","Northern Territory",NA,"a079fdb2"
"QLD",2020-04-08,943,5,63552,943,345,35,11,11,5115451,2,"Australia","Queensland",NA,"36068882"
"SA",2020-04-08,420,2,34593,420,120,16,8,0,1756494,2,"Australia","South Australia",NA,"165128d0"
"TAS",2020-04-08,107,3,3295,107,38,13,2,0,535500,2,"Australia","Tasmania",NA,"86525f8e"
"VIC",2020-04-08,1212,12,60000,1212,736,45,12,0,6629870,2,"Australia","Victoria",NA,"6c5dccdb"
"WA",2020-04-08,481,6,20096,481,170,34,15,0,2630557,2,"Australia","Western Australia",NA,"1f999f12"
"ACT",2020-04-09,100,2,5802,100,54,3,2,2,428060,2,"Australia","Australian Capital Territory",NA,"f42f23e3"
"NSW",2020-04-09,2773,21,132997,2773,1356,88,31,22,8117976,2,"Australia","New South Wales",NA,"5c4dd6e0"
"NT",2020-04-09,27,0,3174,27,3,24,0,0,245562,2,"Australia","Northern Territory",NA,"a079fdb2"
"QLD",2020-04-09,953,5,66766,953,372,33,12,12,5115451,2,"Australia","Queensland",NA,"36068882"
"SA",2020-04-09,421,3,35286,421,165,15,6,0,1756494,2,"Australia","South Australia",NA,"165128d0"
"TAS",2020-04-09,111,3,3397,111,46,15,2,0,535500,2,"Australia","Tasmania",NA,"86525f8e"
"VIC",2020-04-09,1228,12,62000,1228,806,50,13,0,6629870,2,"Australia","Victoria",NA,"6c5dccdb"
"WA",2020-04-09,495,6,20712,495,187,34,15,0,2630557,2,"Australia","Western Australia",NA,"1f999f12"
"ACT",2020-04-10,103,2,6017,103,59,4,2,2,428060,2,"Australia","Australian Capital Territory",NA,"f42f23e3"
"NSW",2020-04-10,2822,22,137441,2822,1356,83,29,24,8117976,2,"Australia","New South Wales",NA,"5c4dd6e0"
"NT",2020-04-10,27,0,3243,27,3,24,0,0,245562,2,"Australia","Northern Territory",NA,"a079fdb2"
"QLD",2020-04-10,965,5,69194,965,368,36,12,12,5115451,2,"Australia","Queensland",NA,"36068882"
"SA",2020-04-10,428,3,35716,428,179,15,6,0,1756494,2,"Australia","South Australia",NA,"165128d0"
"TAS",2020-04-10,122,4,3591,122,48,8,2,0,535500,2,"Australia","Tasmania",NA,"86525f8e"
"VIC",2020-04-10,1241,13,62000,1241,926,43,13,0,6629870,2,"Australia","Victoria",NA,"6c5dccdb"
"WA",2020-04-10,506,6,21144,506,203,23,10,0,2630557,2,"Australia","Western Australia",NA,"1f999f12"
"ACT",2020-04-11,103,2,6103,103,62,4,2,2,428060,2,"Australia","Australian Capital Territory",NA,"f42f23e3"
"NSW",2020-04-11,2857,23,138090,2857,1356,78,30,24,8117976,2,"Australia","New South Wales",NA,"5c4dd6e0"
"NT",2020-04-11,27,0,3300,27,3,24,0,0,245562,2,"Australia","Northern Territory",NA,"a079fdb2"
"QLD",2020-04-11,974,5,71499,974,368,28,12,12,5115451,2,"Australia","Queensland",NA,"36068882"
"SA",2020-04-11,429,3,36159,429,225,15,7,0,1756494,2,"Australia","South Australia",NA,"165128d0"
"TAS",2020-04-11,133,4,3591,133,50,8,2,0,535500,2,"Australia","Tasmania",NA,"86525f8e"
"VIC",2020-04-11,1265,14,67000,1265,986,44,15,0,6629870,2,"Australia","Victoria",NA,"6c5dccdb"
"WA",2020-04-11,514,6,22105,514,216,39,12,0,2630557,2,"Australia","Western Australia",NA,"1f999f12"
"ACT",2020-04-12,102,2,6159,102,67,3,2,2,428060,2,"Australia","Australian Capital Territory",NA,"f42f23e3"
"NSW",2020-04-12,2854,24,141777,2854,1356,78,30,22,8117976,2,"Australia","New South Wales",NA,"5c4dd6e0"
"NT",2020-04-12,27,0,3355,27,4,22,0,0,245562,2,"Australia","Northern Territory",NA,"a079fdb2"
"QLD",2020-04-12,983,5,72313,983,368,30,12,11,5115451,2,"Australia","Queensland",NA,"36068882"
"SA",2020-04-12,429,4,36449,429,239,14,6,0,1756494,2,"Australia","South Australia",NA,"165128d0"
"TAS",2020-04-12,144,5,3770,144,50,10,2,0,535500,2,"Australia","Tasmania",NA,"86525f8e"
"VIC",2020-04-12,1268,14,67000,1268,1015,44,14,0,6629870,2,"Australia","Victoria",NA,"6c5dccdb"
"WA",2020-04-12,517,6,23118,517,239,38,15,0,2630557,2,"Australia","Western Australia",NA,"1f999f12"
"ACT",2020-04-13,103,2,6191,103,72,3,2,1,428060,2,"Australia","Australian Capital Territory",NA,"f42f23e3"
"NSW",2020-04-13,2863,26,144380,2863,1356,77,30,22,8117976,2,"Australia","New South Wales",NA,"5c4dd6e0"
"NT",2020-04-13,27,0,3381,27,4,22,0,0,245562,2,"Australia","Northern Territory",NA,"a079fdb2"
"QLD",2020-04-13,987,5,73170,987,442,23,11,11,5115451,2,"Australia","Queensland",NA,"36068882"
"SA",2020-04-13,431,4,36704,431,240,13,6,0,1756494,2,"Australia","South Australia",NA,"165128d0"
"TAS",2020-04-13,150,5,4375,150,54,11,2,0,535500,2,"Australia","Tasmania",NA,"86525f8e"
"VIC",2020-04-13,1281,14,70000,1281,1075,40,14,12,6629870,2,"Australia","Victoria",NA,"6c5dccdb"
"WA",2020-04-13,523,6,23935,523,251,38,14,0,2630557,2,"Australia","Western Australia",NA,"1f999f12"
"ACT",2020-04-14,103,2,6291,103,75,3,2,1,428060,2,"Australia","Australian Capital Territory",NA,"f42f23e3"
"NSW",2020-04-14,2870,26,145809,2870,1356,80,32,20,8117976,2,"Australia","New South Wales",NA,"5c4dd6e0"
"NT",2020-04-14,27,0,3442,27,4,22,0,0,245562,2,"Australia","Northern Territory",NA,"a079fdb2"
"QLD",2020-04-14,998,5,74013,998,442,24,11,11,5115451,2,"Australia","Queensland",NA,"36068882"
"SA",2020-04-14,433,4,37039,433,253,11,4,0,1756494,2,"Australia","South Australia",NA,"165128d0"
"TAS",2020-04-14,165,6,4502,165,54,12,2,0,535500,2,"Australia","Tasmania",NA,"86525f8e"
"VIC",2020-04-14,1291,14,71000,1291,1118,40,15,12,6629870,2,"Australia","Victoria",NA,"6c5dccdb"
"WA",2020-04-14,527,6,24397,527,296,38,14,0,2630557,2,"Australia","Western Australia",NA,"1f999f12"
"ACT",2020-04-15,103,3,6490,103,77,2,1,1,428060,2,"Australia","Australian Capital Territory",NA,"f42f23e3"
"NSW",2020-04-15,3075,26,147114,3075,1356,73,29,19,8117976,2,"Australia","New South Wales",NA,"5c4dd6e0"
"NT",2020-04-15,27,0,3489,27,5,21,0,0,245562,2,"Australia","Northern Territory",NA,"a079fdb2"
"QLD",2020-04-15,999,5,75480,999,442,23,11,10,5115451,2,"Australia","Queensland",NA,"36068882"
"SA",2020-04-15,433,4,37545,433,279,10,4,0,1756494,2,"Australia","South Australia",NA,"165128d0"
"TAS",2020-04-15,169,6,4646,169,54,13,2,0,535500,2,"Australia","Tasmania",NA,"86525f8e"
"VIC",2020-04-15,1299,14,72000,1299,1137,39,18,12,6629870,2,"Australia","Victoria",NA,"6c5dccdb"
"WA",2020-04-15,532,6,24613,532,338,33,8,0,2630557,2,"Australia","Western Australia",NA,"1f999f12"
"ACT",2020-04-16,103,3,6619,103,79,2,1,0,428060,2,"Australia","Australian Capital Territory",NA,"f42f23e3"
"NSW",2020-04-16,3086,26,150314,3086,1356,64,26,20,8117976,2,"Australia","New South Wales",NA,"5c4dd6e0"
"NT",2020-04-16,27,0,3521,27,7,20,0,0,245562,2,"Australia","Northern Territory",NA,"a079fdb2"
"QLD",2020-04-16,1001,5,77727,1001,442,21,11,9,5115451,2,"Australia","Queensland",NA,"36068882"
"SA",2020-04-16,434,4,38389,434,308,10,4,0,1756494,2,"Australia","South Australia",NA,"165128d0"
"TAS",2020-04-16,180,6,4810,180,62,15,2,0,535500,2,"Australia","Tasmania",NA,"86525f8e"
"VIC",2020-04-16,1301,14,73000,1301,1153,36,17,9,6629870,2,"Australia","Victoria",NA,"6c5dccdb"
"WA",2020-04-16,535,6,25623,535,340,33,6,0,2630557,2,"Australia","Western Australia",NA,"1f999f12"
"ACT",2020-04-17,103,3,6754,103,81,2,1,0,428060,2,"Australia","Australian Capital Territory",NA,"f42f23e3"
"NSW",2020-04-17,3115,26,155302,3115,1356,63,26,20,8117976,2,"Australia","New South Wales",NA,"5c4dd6e0"
"NT",2020-04-17,27,0,3606,27,9,19,0,0,245562,2,"Australia","Northern Territory",NA,"a079fdb2"
"QLD",2020-04-17,1007,5,80227,1007,442,19,11,9,5115451,2,"Australia","Queensland",NA,"36068882"
"SA",2020-04-17,435,4,39318,435,331,7,1,0,1756494,2,"Australia","South Australia",NA,"165128d0"
"TAS",2020-04-17,184,7,5098,184,64,16,2,0,535500,2,"Australia","Tasmania",NA,"86525f8e"
"VIC",2020-04-17,1302,14,75000,1302,1159,32,13,9,6629870,2,"Australia","Victoria",NA,"6c5dccdb"
"WA",2020-04-17,541,7,26225,541,377,34,6,0,2630557,2,"Australia","Western Australia",NA,"1f999f12"
"ACT",2020-04-18,103,3,6856,103,88,1,1,0,428060,2,"Australia","Australian Capital Territory",NA,"f42f23e3"
"NSW",2020-04-18,3125,27,160454,3125,1356,57,25,19,8117976,2,"Australia","New South Wales",NA,"5c4dd6e0"
"NT",2020-04-18,27,0,3625,27,10,17,0,0,245562,2,"Australia","Northern Territory",NA,"a079fdb2"
"QLD",2020-04-18,1015,6,82763,1015,738,22,9,7,5115451,2,"Australia","Queensland",NA,"36068882"
"SA",2020-04-18,435,4,41261,435,346,7,1,0,1756494,2,"Australia","South Australia",NA,"165128d0"
"TAS",2020-04-18,188,8,5376,188,65,17,2,0,535500,2,"Australia","Tasmania",NA,"86525f8e"
"VIC",2020-04-18,1319,14,79000,1319,1172,30,12,8,6629870,2,"Australia","Victoria",NA,"6c5dccdb"
"WA",2020-04-18,544,7,27175,544,388,33,6,0,2630557,2,"Australia","Western Australia",NA,"1f999f12"
"ACT",2020-04-19,103,3,6893,103,89,1,0,0,428060,2,"Australia","Australian Capital Territory",NA,"f42f23e3"
"NSW",2020-04-19,3146,28,165137,3146,1356,57,21,18,8117976,2,"Australia","New South Wales",NA,"5c4dd6e0"
"NT",2020-04-19,27,0,3713,27,11,16,0,0,245562,2,"Australia","Northern Territory",NA,"a079fdb2"
"QLD",2020-04-19,1019,6,84735,1019,738,22,8,7,5115451,2,"Australia","Queensland",NA,"36068882"
"SA",2020-04-19,435,4,43310,435,354,7,1,0,1756494,2,"Australia","South Australia",NA,"165128d0"
"TAS",2020-04-19,197,8,6320,197,68,18,2,0,535500,2,"Australia","Tasmania",NA,"86525f8e"
"VIC",2020-04-19,1328,15,82000,1328,1188,29,10,8,6629870,2,"Australia","Victoria",NA,"6c5dccdb"
"WA",2020-04-19,545,7,28888,545,426,28,6,0,2630557,2,"Australia","Western Australia",NA,"1f999f12"
"ACT",2020-04-20,104,3,7063,104,91,1,0,0,428060,2,"Australia","Australian Capital Territory",NA,"f42f23e3"
"NSW",2020-04-20,3152,29,168626,3152,1356,53,22,16,8117976,2,"Australia","New South Wales",NA,"5c4dd6e0"
"NT",2020-04-20,27,0,3731,27,11,16,0,0,245562,2,"Australia","Northern Territory",NA,"a079fdb2"
"QLD",2020-04-20,1019,6,85870,1019,738,20,7,7,5115451,2,"Australia","Queensland",NA,"36068882"
"SA",2020-04-20,435,4,44278,435,363,6,1,0,1756494,2,"Australia","South Australia",NA,"165128d0"
"TAS",2020-04-20,202,8,6697,202,68,19,2,0,535500,2,"Australia","Tasmania",NA,"86525f8e"
"VIC",2020-04-20,1329,15,86000,1329,1196,28,11,9,6629870,2,"Australia","Victoria",NA,"6c5dccdb"
"WA",2020-04-20,545,7,29469,545,435,27,6,0,2630557,2,"Australia","Western Australia",NA,"1f999f12"
"ACT",2020-04-21,104,3,7126,104,92,1,0,0,428060,2,"Australia","Australian Capital Territory",NA,"f42f23e3"
"NSW",2020-04-21,3158,29,171128,3158,1755,55,21,18,8117976,2,"Australia","New South Wales",NA,"5c4dd6e0"
"NT",2020-04-21,27,0,3810,27,15,14,0,0,245562,2,"Australia","Northern Territory",NA,"a079fdb2"
"QLD",2020-04-21,1024,6,87470,1024,738,21,7,6,5115451,2,"Australia","Queensland",NA,"36068882"
"SA",2020-04-21,437,4,45495,437,376,5,1,0,1756494,2,"Australia","South Australia",NA,"165128d0"
"TAS",2020-04-21,203,8,6701,203,74,17,1,0,535500,2,"Australia","Tasmania",NA,"86525f8e"
"VIC",2020-04-21,1336,15,88000,1336,1202,28,12,9,6629870,2,"Australia","Victoria",NA,"6c5dccdb"
"WA",2020-04-21,546,7,30112,546,443,26,5,0,2630557,2,"Australia","Western Australia",NA,"1f999f12"
"ACT",2020-04-22,104,3,7256,104,93,1,0,0,428060,2,"Australia","Australian Capital Territory",NA,"f42f23e3"
"NSW",2020-04-22,3160,32,175419,3160,1926,50,20,17,8117976,2,"Australia","New South Wales",NA,"5c4dd6e0"
"NT",2020-04-22,27,0,3972,27,16,14,0,0,245562,2,"Australia","Northern Territory",NA,"a079fdb2"
"QLD",2020-04-22,1024,6,90168,1024,738,20,7,6,5115451,2,"Australia","Queensland",NA,"36068882"
"SA",2020-04-22,438,4,47238,438,388,4,1,0,1756494,2,"Australia","South Australia",NA,"165128d0"
"TAS",2020-04-22,207,8,7248,207,80,18,1,0,535500,2,"Australia","Tasmania",NA,"86525f8e"
"VIC",2020-04-22,1336,15,90000,1336,1243,30,13,8,6629870,2,"Australia","Victoria",NA,"6c5dccdb"
"WA",2020-04-22,546,7,31140,546,451,25,5,0,2630557,2,"Australia","Western Australia",NA,"1f999f12"
"ACT",2020-04-23,104,3,7367,104,93,1,0,0,428060,2,"Australia","Australian Capital Territory",NA,"f42f23e3"
"NSW",2020-04-23,3165,32,181064,3165,2006,47,21,16,8117976,2,"Australia","New South Wales",NA,"5c4dd6e0"
"NT",2020-04-23,27,0,4045,27,16,13,0,0,245562,2,"Australia","Northern Territory",NA,"a079fdb2"
"QLD",2020-04-23,1026,6,92699,1026,738,20,7,6,5115451,2,"Australia","Queensland",NA,"36068882"
"SA",2020-04-23,438,4,48727,438,394,4,2,0,1756494,2,"Australia","South Australia",NA,"165128d0"
"TAS",2020-04-23,207,8,7607,207,89,16,1,0,535500,2,"Australia","Tasmania",NA,"86525f8e"
"VIC",2020-04-23,1337,16,93000,1337,1251,27,10,7,6629870,2,"Australia","Victoria",NA,"6c5dccdb"
"WA",2020-04-23,546,7,32150,546,458,24,5,0,2630557,2,"Australia","Western Australia",NA,"1f999f12"
"ACT",2020-04-24,105,3,7440,105,97,1,0,0,428060,2,"Australia","Australian Capital Territory",NA,"f42f23e3"
"NSW",2020-04-24,3171,33,188416,3171,2056,43,19,15,8117976,2,"Australia","New South Wales",NA,"5c4dd6e0"
"NT",2020-04-24,27,0,4120,27,20,10,0,0,245562,2,"Australia","Northern Territory",NA,"a079fdb2"
"QLD",2020-04-24,1026,6,94977,1026,738,18,6,6,5115451,2,"Australia","Queensland",NA,"36068882"
"SA",2020-04-24,438,4,50396,438,401,4,2,0,1756494,2,"Australia","South Australia",NA,"165128d0"
"TAS",2020-04-24,209,9,7883,209,106,16,0,0,535500,2,"Australia","Tasmania",NA,"86525f8e"
"VIC",2020-04-24,1343,16,96000,1343,1254,27,11,7,6629870,2,"Australia","Victoria",NA,"6c5dccdb"
"WA",2020-04-24,548,8,33138,548,464,20,4,0,2630557,2,"Australia","Western Australia",NA,"1f999f12"
"ACT",2020-04-25,106,3,7738,106,98,1,1,0,428060,2,"Australia","Australian Capital Territory",NA,"f42f23e3"
"NSW",2020-04-25,3183,34,193256,3183,2193,39,19,15,8117976,2,"Australia","New South Wales",NA,"5c4dd6e0"
"NT",2020-04-25,27,0,4189,27,20,5,0,0,245562,2,"Australia","Northern Territory",NA,"a079fdb2"
"QLD",2020-04-25,1026,6,97057,1026,803,18,6,6,5115451,2,"Australia","Queensland",NA,"36068882"
"SA",2020-04-25,438,4,51536,438,402,4,2,0,1756494,2,"Australia","South Australia",NA,"165128d0"
"TAS",2020-04-25,210,10,8282,210,117,14,0,0,535500,2,"Australia","Tasmania",NA,"86525f8e"
"VIC",2020-04-25,1346,16,98000,1346,1262,24,11,7,6629870,2,"Australia","Victoria",NA,"6c5dccdb"
"WA",2020-04-25,549,8,34199,549,478,24,4,0,2630557,2,"Australia","Western Australia",NA,"1f999f12"
"ACT",2020-04-26,106,3,7886,106,99,1,1,0,428060,2,"Australia","Australian Capital Territory",NA,"f42f23e3"
"NSW",2020-04-26,3191,35,198715,3191,2208,37,19,15,8117976,2,"Australia","New South Wales",NA,"5c4dd6e0"
"NT",2020-04-26,27,0,4231,27,23,5,0,0,245562,2,"Australia","Northern Territory",NA,"a079fdb2"
"QLD",2020-04-26,1030,6,98422,1030,926,18,6,5,5115451,2,"Australia","Queensland",NA,"36068882"
"SA",2020-04-26,438,4,52671,438,411,4,2,0,1756494,2,"Australia","South Australia",NA,"165128d0"
"TAS",2020-04-26,214,11,8719,214,123,13,1,0,535500,2,"Australia","Tasmania",NA,"86525f8e"
"VIC",2020-04-26,1349,17,101000,1349,1265,21,10,5,6629870,2,"Australia","Victoria",NA,"6c5dccdb"
"WA",2020-04-26,549,8,34805,549,486,16,4,0,2630557,2,"Australia","Western Australia",NA,"1f999f12"
"ACT",2020-04-27,106,3,8102,106,100,1,1,0,428060,2,"Australia","Australian Capital Territory",NA,"f42f23e3"
"NSW",2020-04-27,3193,35,203131,3193,2227,35,19,15,8117976,2,"Australia","New South Wales",NA,"5c4dd6e0"
"NT",2020-04-27,27,0,4245,27,23,5,0,0,245562,2,"Australia","Northern Territory",NA,"a079fdb2"
"QLD",2020-04-27,1033,6,99527,1033,926,15,6,6,5115451,2,"Australia","Queensland",NA,"36068882"
"SA",2020-04-27,438,4,53283,438,414,4,2,0,1756494,2,"Australia","South Australia",NA,"165128d0"
"TAS",2020-04-27,216,11,9384,216,132,14,1,0,535500,2,"Australia","Tasmania",NA,"86525f8e"
"VIC",2020-04-27,1349,17,104000,1349,1280,23,11,6,6629870,2,"Australia","Victoria",NA,"6c5dccdb"
"WA",2020-04-27,549,8,35391,549,486,16,4,0,2630557,2,"Australia","Western Australia",NA,"1f999f12"
"ACT",2020-04-28,106,3,8348,106,101,1,1,0,428060,2,"Australia","Australian Capital Territory",NA,"f42f23e3"
"NSW",2020-04-28,3198,36,207245,3198,2243,33,19,15,8117976,2,"Australia","New South Wales",NA,"5c4dd6e0"
"NT",2020-04-28,27,0,4338,27,23,5,0,0,245562,2,"Australia","Northern Territory",NA,"a079fdb2"
"QLD",2020-04-28,1033,6,101767,1033,934,14,6,6,5115451,2,"Australia","Queensland",NA,"36068882"
"SA",2020-04-28,438,4,54082,438,420,4,2,0,1756494,2,"Australia","South Australia",NA,"165128d0"
"TAS",2020-04-28,220,11,10145,220,135,14,0,0,535500,2,"Australia","Tasmania",NA,"86525f8e"
"VIC",2020-04-28,1351,17,109049,1351,1279,23,11,6,6629870,2,"Australia","Victoria",NA,"6c5dccdb"
"WA",2020-04-28,550,8,35705,550,495,16,4,0,2630557,2,"Australia","Western Australia",NA,"1f999f12"
"ACT",2020-04-29,106,3,8442,106,101,0,0,0,428060,2,"Australia","Australian Capital Territory",NA,"f42f23e3"
"NSW",2020-04-29,3205,40,212659,3205,2266,28,17,14,8117976,2,"Australia","New South Wales",NA,"5c4dd6e0"
"NT",2020-04-29,27,0,4421,27,25,3,0,0,245562,2,"Australia","Northern Territory",NA,"a079fdb2"
"QLD",2020-04-29,1034,6,104950,1034,934,12,6,6,5115451,2,"Australia","Queensland",NA,"36068882"
"SA",2020-04-29,438,4,55417,438,420,4,2,0,1756494,2,"Australia","South Australia",NA,"165128d0"
"TAS",2020-04-29,221,11,10898,221,137,14,0,0,535500,2,"Australia","Tasmania",NA,"86525f8e"
"VIC",2020-04-29,1354,18,111092,1354,1287,19,9,6,6629870,2,"Australia","Victoria",NA,"6c5dccdb"
"WA",2020-04-29,551,8,36531,551,500,14,4,0,2630557,2,"Australia","Western Australia",NA,"1f999f12"
"ACT",2020-04-30,106,3,8674,106,103,0,0,0,428060,2,"Australia","Australian Capital Territory",NA,"f42f23e3"
"NSW",2020-04-30,3205,41,220046,3205,2284,27,15,13,8117976,2,"Australia","New South Wales",NA,"5c4dd6e0"
"NT",2020-04-30,27,0,4532,27,25,3,0,0,245562,2,"Australia","Northern Territory",NA,"a079fdb2"
"QLD",2020-04-30,1033,6,108137,1033,943,11,6,4,5115451,2,"Australia","Queensland",NA,"36068882"
"SA",2020-04-30,438,4,57423,438,420,3,1,0,1756494,2,"Australia","South Australia",NA,"165128d0"
"TAS",2020-04-30,223,12,11909,223,144,14,0,0,535500,2,"Australia","Tasmania",NA,"86525f8e"
"VIC",2020-04-30,1361,18,115118,1361,1291,18,9,5,6629870,2,"Australia","Victoria",NA,"6c5dccdb"
"WA",2020-04-30,551,8,37802,551,507,13,3,0,2630557,2,"Australia","Western Australia",NA,"1f999f12"
"ACT",2020-05-01,106,3,8981,106,103,0,0,0,428060,2,"Australia","Australian Capital Territory",NA,"f42f23e3"
"NSW",2020-05-01,3215,42,227084,3215,2293,27,14,12,8117976,2,"Australia","New South Wales",NA,"5c4dd6e0"
"NT",2020-05-01,27,0,4643,27,24,3,0,0,245562,2,"Australia","Northern Territory",NA,"a079fdb2"
"QLD",2020-05-01,1033,6,111017,1033,948,11,4,4,5115451,2,"Australia","Queensland",NA,"36068882"
"SA",2020-05-01,438,4,58670,438,422,3,1,0,1756494,2,"Australia","South Australia",NA,"165128d0"
"TAS",2020-05-01,223,13,12974,223,153,12,0,0,535500,2,"Australia","Tasmania",NA,"86525f8e"
"VIC",2020-05-01,1364,18,123707,1364,1293,16,7,5,6629870,2,"Australia","Victoria",NA,"6c5dccdb"
"WA",2020-05-01,551,8,41792,551,511,11,3,0,2630557,2,"Australia","Western Australia",NA,"1f999f12"
"ACT",2020-05-02,106,3,9243,106,103,0,0,0,428060,2,"Australia","Australian Capital Territory",NA,"f42f23e3"
"NSW",2020-05-02,3220,42,235894,3220,2300,28,14,12,8117976,2,"Australia","New South Wales",NA,"5c4dd6e0"
"NT",2020-05-02,29,0,4721,29,24,5,0,0,245562,2,"Australia","Northern Territory",NA,"a079fdb2"
"QLD",2020-05-02,1034,6,113601,1034,965,10,4,4,5115451,2,"Australia","Queensland",NA,"36068882"
"SA",2020-05-02,438,4,59835,438,427,3,0,0,1756494,2,"Australia","South Australia",NA,"165128d0"
"TAS",2020-05-02,223,13,13829,223,157,13,0,0,535500,2,"Australia","Tasmania",NA,"86525f8e"
"VIC",2020-05-02,1371,18,129228,1371,1300,12,7,5,6629870,2,"Australia","Victoria",NA,"6c5dccdb"
"WA",2020-05-02,551,8,45232,551,520,8,3,0,2630557,2,"Australia","Western Australia",NA,"1f999f12"
"ACT",2020-05-03,106,3,9402,106,103,0,0,0,428060,2,"Australia","Australian Capital Territory",NA,"f42f23e3"
"NSW",2020-05-03,3224,43,243128,3224,2306,27,14,11,8117976,2,"Australia","New South Wales",NA,"5c4dd6e0"
"NT",2020-05-03,29,0,4828,29,24,5,0,0,245562,2,"Australia","Northern Territory",NA,"a079fdb2"
"QLD",2020-05-03,1035,6,115598,1035,976,9,4,4,5115451,2,"Australia","Queensland",NA,"36068882"
"SA",2020-05-03,438,4,60769,438,427,3,0,0,1756494,2,"Australia","South Australia",NA,"165128d0"
"TAS",2020-05-03,223,13,14782,223,158,11,0,0,535500,2,"Australia","Tasmania",NA,"86525f8e"
"VIC",2020-05-03,1384,18,138433,1384,1300,12,7,5,6629870,2,"Australia","Victoria",NA,"6c5dccdb"
"WA",2020-05-03,551,9,46167,551,523,8,3,0,2630557,2,"Australia","Western Australia",NA,"1f999f12"
"ACT",2020-05-04,107,3,9628,107,103,0,0,0,428060,2,"Australia","Australian Capital Territory",NA,"f42f23e3"
"NSW",2020-05-04,3222,43,248699,3222,2328,27,14,10,8117976,2,"Australia","New South Wales",NA,"5c4dd6e0"
"NT",2020-05-04,29,0,4855,29,24,5,0,0,245562,2,"Australia","Northern Territory",NA,"a079fdb2"
"QLD",2020-05-04,1038,6,116650,1038,980,9,4,3,5115451,2,"Australia","Queensland",NA,"36068882"
"SA",2020-05-04,438,4,61336,438,427,3,0,0,1756494,2,"Australia","South Australia",NA,"165128d0"
"TAS",2020-05-04,223,13,15356,223,164,8,1,1,535500,2,"Australia","Tasmania",NA,"86525f8e"
"VIC",2020-05-04,1406,18,146661,1406,1310,11,6,6,6629870,2,"Australia","Victoria",NA,"6c5dccdb"
"WA",2020-05-04,551,9,47029,551,527,7,3,0,2630557,2,"Australia","Western Australia",NA,"1f999f12"
"ACT",2020-05-05,107,3,9829,107,103,0,0,0,428060,2,"Australia","Australian Capital Territory",NA,"f42f23e3"
"NSW",2020-05-05,3224,45,253995,3224,2349,25,13,11,8117976,2,"Australia","New South Wales",NA,"5c4dd6e0"
"NT",2020-05-05,29,0,4925,29,26,3,0,0,245562,2,"Australia","Northern Territory",NA,"a079fdb2"
"QLD",2020-05-05,1043,6,117721,1043,980,9,4,3,5115451,2,"Australia","Queensland",NA,"36068882"
"SA",2020-05-05,438,4,62139,438,428,2,0,0,1756494,2,"Australia","South Australia",NA,"165128d0"
"TAS",2020-05-05,225,13,16017,225,165,8,1,1,535500,2,"Australia","Tasmania",NA,"86525f8e"
"VIC",2020-05-05,1423,18,151977,1423,1311,12,6,5,6629870,2,"Australia","Victoria",NA,"6c5dccdb"
"WA",2020-05-05,551,9,48153,551,528,7,3,0,2630557,2,"Australia","Western Australia",NA,"1f999f12"
"ACT",2020-05-06,107,3,10102,107,103,0,0,0,428060,2,"Australia","Australian Capital Territory",NA,"f42f23e3"
"NSW",2020-05-06,3231,45,261251,3231,2418,25,13,9,8117976,2,"Australia","New South Wales",NA,"5c4dd6e0"
"NT",2020-05-06,29,0,5003,29,26,3,0,0,245562,2,"Australia","Northern Territory",NA,"a079fdb2"
"QLD",2020-05-06,1043,6,120204,1043,985,9,4,3,5115451,2,"Australia","Queensland",NA,"36068882"
"SA",2020-05-06,438,4,63651,438,430,2,0,0,1756494,2,"Australia","South Australia",NA,"165128d0"
"TAS",2020-05-06,225,13,16476,225,168,8,1,1,535500,2,"Australia","Tasmania",NA,"86525f8e"
"VIC",2020-05-06,1440,18,162077,1440,1321,8,6,5,6629870,2,"Australia","Victoria",NA,"6c5dccdb"
"WA",2020-05-06,551,9,49892,551,528,7,3,0,2630557,2,"Australia","Western Australia",NA,"1f999f12"
"ACT",2020-05-07,107,3,10478,107,103,0,0,0,428060,2,"Australia","Australian Capital Territory",NA,"f42f23e3"
"NSW",2020-05-07,3233,45,271796,3233,2463,24,10,8,8117976,2,"Australia","New South Wales",NA,"5c4dd6e0"
"NT",2020-05-07,29,0,5117,29,27,2,0,0,245562,2,"Australia","Northern Territory",NA,"a079fdb2"
"QLD",2020-05-07,1045,6,124898,1045,989,8,3,3,5115451,2,"Australia","Queensland",NA,"36068882"
"SA",2020-05-07,439,4,65167,439,433,2,0,0,1756494,2,"Australia","South Australia",NA,"165128d0"
"TAS",2020-05-07,227,13,17234,227,170,8,1,1,535500,2,"Australia","Tasmania",NA,"86525f8e"
"VIC",2020-05-07,1455,18,176507,1455,1322,8,6,5,6629870,2,"Australia","Victoria",NA,"6c5dccdb"
"WA",2020-05-07,551,9,51352,551,531,6,3,0,2630557,2,"Australia","Western Australia",NA,"1f999f12"
"ACT",2020-05-08,107,3,10957,107,103,0,0,0,428060,2,"Australia","Australian Capital Territory",NA,"f42f23e3"
"NSW",2020-05-08,3236,45,281257,3236,2486,23,10,8,8117976,2,"Australia","New South Wales",NA,"5c4dd6e0"
"NT",2020-05-08,29,0,5267,29,27,2,0,0,245562,2,"Australia","Northern Territory",NA,"a079fdb2"
"QLD",2020-05-08,1045,6,129195,1045,994,9,3,3,5115451,2,"Australia","Queensland",NA,"36068882"
"SA",2020-05-08,439,4,66677,439,433,2,0,0,1756494,2,"Australia","South Australia",NA,"165128d0"
"TAS",2020-05-08,227,13,17807,227,175,8,1,1,535500,2,"Australia","Tasmania",NA,"86525f8e"
"VIC",2020-05-08,1469,18,193265,1469,1332,8,6,4,6629870,2,"Australia","Victoria",NA,"6c5dccdb"
"WA",2020-05-08,552,9,52825,552,534,4,1,0,2630557,2,"Australia","Western Australia",NA,"1f999f12"
"ACT",2020-05-09,107,3,11274,107,103,0,0,0,428060,2,"Australia","Australian Capital Territory",NA,"f42f23e3"
"NSW",2020-05-09,3240,45,294949,3240,2504,20,8,7,8117976,2,"Australia","New South Wales",NA,"5c4dd6e0"
"NT",2020-05-09,29,0,5389,29,27,2,0,0,245562,2,"Australia","Northern Territory",NA,"a079fdb2"
"QLD",2020-05-09,1045,6,133016,1045,1019,9,3,3,5115451,2,"Australia","Queensland",NA,"36068882"
"SA",2020-05-09,439,4,68012,439,433,1,0,0,1756494,2,"Australia","South Australia",NA,"165128d0"
"TAS",2020-05-09,227,13,18348,227,179,8,1,1,535500,2,"Australia","Tasmania",NA,"86525f8e"
"VIC",2020-05-09,1479,18,209905,1479,1336,7,6,4,6629870,2,"Australia","Victoria",NA,"6c5dccdb"
"WA",2020-05-09,552,9,54563,552,536,4,1,0,2630557,2,"Australia","Western Australia",NA,"1f999f12"
"ACT",2020-05-10,107,3,11737,107,104,0,0,0,428060,2,"Australia","Australian Capital Territory",NA,"f42f23e3"
"NSW",2020-05-10,3242,45,304464,3242,2515,13,8,7,8117976,2,"Australia","New South Wales",NA,"5c4dd6e0"
"NT",2020-05-10,29,0,5495,29,27,2,0,0,245562,2,"Australia","Northern Territory",NA,"a079fdb2"
"QLD",2020-05-10,1045,6,135806,1045,1019,8,3,3,5115451,2,"Australia","Queensland",NA,"36068882"
"SA",2020-05-10,439,4,69178,439,434,1,0,0,1756494,2,"Australia","South Australia",NA,"165128d0"
"TAS",2020-05-10,227,13,18545,227,185,8,1,1,535500,2,"Australia","Tasmania",NA,"86525f8e"
"VIC",2020-05-10,1489,18,226889,1489,1346,7,5,4,6629870,2,"Australia","Victoria",NA,"6c5dccdb"
"WA",2020-05-10,552,9,55758,552,536,4,1,0,2630557,2,"Australia","Western Australia",NA,"1f999f12"
"ACT",2020-05-11,107,3,11939,107,104,0,0,0,428060,2,"Australia","Australian Capital Territory",NA,"f42f23e3"
"NSW",2020-05-11,3242,45,309722,3242,2517,20,7,7,8117976,2,"Australia","New South Wales",NA,"5c4dd6e0"
"NT",2020-05-11,29,0,5527,29,27,2,0,0,245562,2,"Australia","Northern Territory",NA,"a079fdb2"
"QLD",2020-05-11,1045,6,137009,1045,1021,7,3,3,5115451,2,"Australia","Queensland",NA,"36068882"
"SA",2020-05-11,439,4,70147,439,434,1,0,0,1756494,2,"Australia","South Australia",NA,"165128d0"
"TAS",2020-05-11,227,13,19351,227,183,8,0,0,535500,2,"Australia","Tasmania",NA,"86525f8e"
"VIC",2020-05-11,1496,18,245326,1496,1360,7,5,4,6629870,2,"Australia","Victoria",NA,"6c5dccdb"
"WA",2020-05-11,552,9,56098,552,536,4,1,0,2630557,2,"Australia","Western Australia",NA,"1f999f12"
"ACT",2020-05-12,107,3,12367,107,104,0,0,0,428060,2,"Australia","Australian Capital Territory",NA,"f42f23e3"
"NSW",2020-05-12,3242,45,315770,3242,2543,19,8,8,8117976,2,"Australia","New South Wales",NA,"5c4dd6e0"
"NT",2020-05-12,29,0,5646,29,27,2,0,0,245562,2,"Australia","Northern Territory",NA,"a079fdb2"
"QLD",2020-05-12,1051,6,138892,1051,1027,7,3,3,5115451,2,"Australia","Queensland",NA,"36068882"
"SA",2020-05-12,439,4,71036,439,434,1,0,0,1756494,2,"Australia","South Australia",NA,"165128d0"
"TAS",2020-05-12,227,13,19539,227,185,8,0,0,535500,2,"Australia","Tasmania",NA,"86525f8e"
"VIC",2020-05-12,1509,18,258451,1509,1376,8,4,4,6629870,2,"Australia","Victoria",NA,"6c5dccdb"
"WA",2020-05-12,553,9,56226,553,537,2,1,0,2630557,2,"Australia","Western Australia",NA,"1f999f12"
"ACT",2020-05-13,107,3,12637,107,104,0,0,0,428060,2,"Australia","Australian Capital Territory",NA,"f42f23e3"
"NSW",2020-05-13,3248,46,323887,3248,2571,22,7,7,8117976,2,"Australia","New South Wales",NA,"5c4dd6e0"
"NT",2020-05-13,29,0,5759,29,27,2,0,0,245562,2,"Australia","Northern Territory",NA,"a079fdb2"
"QLD",2020-05-13,1051,6,142040,1051,1028,7,3,3,5115451,2,"Australia","Queensland",NA,"36068882"
"SA",2020-05-13,439,4,72725,439,434,1,0,0,1756494,2,"Australia","South Australia",NA,"165128d0"
"TAS",2020-05-13,227,13,20088,227,187,8,0,0,535500,2,"Australia","Tasmania",NA,"86525f8e"
"VIC",2020-05-13,1514,18,273255,1514,1385,9,6,4,6629870,2,"Australia","Victoria",NA,"6c5dccdb"
"WA",2020-05-13,553,9,58634,553,538,1,1,0,2630557,2,"Australia","Western Australia",NA,"1f999f12"
"ACT",2020-05-14,107,3,13066,107,104,0,0,0,428060,2,"Australia","Australian Capital Territory",NA,"f42f23e3"
"NSW",2020-05-14,3252,46,333634,3252,2595,23,8,6,8117976,2,"Australia","New South Wales",NA,"5c4dd6e0"
"NT",2020-05-14,29,0,5759,29,27,2,0,0,245562,2,"Australia","Northern Territory",NA,"a079fdb2"
"QLD",2020-05-14,1052,6,145182,1052,1029,7,3,3,5115451,2,"Australia","Queensland",NA,"36068882"
"SA",2020-05-14,439,4,74293,439,434,1,0,0,1756494,2,"Australia","South Australia",NA,"165128d0"
"TAS",2020-05-14,227,13,20657,227,187,8,0,0,535500,2,"Australia","Tasmania",NA,"86525f8e"
"VIC",2020-05-14,1523,18,289441,1523,1385,9,6,4,6629870,2,"Australia","Victoria",NA,"6c5dccdb"
"WA",2020-05-14,554,9,61267,554,538,1,1,0,2630557,2,"Australia","Western Australia",NA,"1f999f12"
"ACT",2020-05-15,107,3,13493,107,104,0,0,0,428060,2,"Australia","Australian Capital Territory",NA,"f42f23e3"
"NSW",2020-05-15,3260,46,345846,3260,2605,22,7,5,8117976,2,"Australia","New South Wales",NA,"5c4dd6e0"
"NT",2020-05-15,29,0,6116,29,27,2,0,0,245562,2,"Australia","Northern Territory",NA,"a079fdb2"
"QLD",2020-05-15,1054,6,148607,1054,1030,6,3,3,5115451,2,"Australia","Queensland",NA,"36068882"
"SA",2020-05-15,439,4,75958,439,435,1,0,0,1756494,2,"Australia","South Australia",NA,"165128d0"
"TAS",2020-05-15,228,13,21089,228,190,6,0,0,535500,2,"Australia","Tasmania",NA,"86525f8e"
"VIC",2020-05-15,1543,18,309459,1543,1407,9,7,5,6629870,2,"Australia","Victoria",NA,"6c5dccdb"
"WA",2020-05-15,554,9,63248,554,538,1,1,0,2630557,2,"Australia","Western Australia",NA,"1f999f12"
"ACT",2020-05-16,107,3,13854,107,104,0,0,0,428060,2,"Australia","Australian Capital Territory",NA,"f42f23e3"
"NSW",2020-05-16,3263,46,355738,3263,2611,22,6,3,8117976,2,"Australia","New South Wales",NA,"5c4dd6e0"
"NT",2020-05-16,29,0,6258,29,27,2,0,0,245562,2,"Australia","Northern Territory",NA,"a079fdb2"
"QLD",2020-05-16,1055,6,151854,1055,1036,5,3,3,5115451,2,"Australia","Queensland",NA,"36068882"
"SA",2020-05-16,439,4,77728,439,435,1,0,0,1756494,2,"Australia","South Australia",NA,"165128d0"
"TAS",2020-05-16,228,13,21604,228,195,7,0,0,535500,2,"Australia","Tasmania",NA,"86525f8e"
"VIC",2020-05-16,1554,18,323970,1554,1417,11,7,6,6629870,2,"Australia","Victoria",NA,"6c5dccdb"
"WA",2020-05-16,556,9,64646,556,541,1,0,0,2630557,2,"Australia","Western Australia",NA,"1f999f12"
"ACT",2020-05-17,107,3,14058,107,104,0,0,0,428060,2,"Australia","Australian Capital Territory",NA,"f42f23e3"
"NSW",2020-05-17,3264,46,362842,3264,2612,22,7,4,8117976,2,"Australia","New South Wales",NA,"5c4dd6e0"
"NT",2020-05-17,29,0,6370,29,27,2,0,0,245562,2,"Australia","Northern Territory",NA,"a079fdb2"
"QLD",2020-05-17,1055,6,154220,1055,1037,5,2,2,5115451,2,"Australia","Queensland",NA,"36068882"
"SA",2020-05-17,439,4,78833,439,435,1,0,0,1756494,2,"Australia","South Australia",NA,"165128d0"
"TAS",2020-05-17,228,13,21886,228,195,8,0,0,535500,2,"Australia","Tasmania",NA,"86525f8e"
"VIC",2020-05-17,1561,18,338219,1561,1417,11,7,6,6629870,2,"Australia","Victoria",NA,"6c5dccdb"
"WA",2020-05-17,556,9,65698,556,542,1,0,0,2630557,2,"Australia","Western Australia",NA,"1f999f12"
"ACT",2020-05-18,107,3,14290,107,104,0,0,0,428060,2,"Australia","Australian Capital Territory",NA,"f42f23e3"
"NSW",2020-05-18,3265,47,371881,3265,2612,22,6,2,8117976,2,"Australia","New South Wales",NA,"5c4dd6e0"
"NT",2020-05-18,29,0,6417,29,27,2,0,0,245562,2,"Australia","Northern Territory",NA,"a079fdb2"
"QLD",2020-05-18,1057,6,155755,1057,1038,4,1,1,5115451,2,"Australia","Queensland",NA,"36068882"
"SA",2020-05-18,439,4,79616,439,435,1,0,0,1756494,2,"Australia","South Australia",NA,"165128d0"
"TAS",2020-05-18,228,13,22246,228,197,6,0,0,535500,2,"Australia","Tasmania",NA,"86525f8e"
"VIC",2020-05-18,1567,18,345290,1567,1439,9,5,4,6629870,2,"Australia","Victoria",NA,"6c5dccdb"
"WA",2020-05-18,556,9,66539,556,544,1,0,0,2630557,2,"Australia","Western Australia",NA,"1f999f12"
"ACT",2020-05-19,107,3,14448,107,104,0,0,0,428060,2,"Australia","Australian Capital Territory",NA,"f42f23e3"
"NSW",2020-05-19,3267,47,377185,3267,2614,22,5,2,8117976,2,"Australia","New South Wales",NA,"5c4dd6e0"
"NT",2020-05-19,29,0,6517,29,27,2,0,0,245562,2,"Australia","Northern Territory",NA,"a079fdb2"
"QLD",2020-05-19,1057,6,158641,1057,1039,4,1,1,5115451,2,"Australia","Queensland",NA,"36068882"
"SA",2020-05-19,439,4,80713,439,435,1,0,0,1756494,2,"Australia","South Australia",NA,"165128d0"
"TAS",2020-05-19,228,13,22597,228,198,6,0,0,535500,2,"Australia","Tasmania",NA,"86525f8e"
"VIC",2020-05-19,1573,18,358120,1573,1454,11,5,4,6629870,2,"Australia","Victoria",NA,"6c5dccdb"
"WA",2020-05-19,556,9,67649,556,544,1,0,0,2630557,2,"Australia","Western Australia",NA,"1f999f12"
"ACT",2020-05-20,107,3,14712,107,104,0,0,0,428060,2,"Australia","Australian Capital Territory",NA,"f42f23e3"
"NSW",2020-05-20,3270,48,384278,3270,2631,20,3,2,8117976,2,"Australia","New South Wales",NA,"5c4dd6e0"
"NT",2020-05-20,29,0,6673,29,28,2,0,0,245562,2,"Australia","Northern Territory",NA,"a079fdb2"
"QLD",2020-05-20,1058,6,163560,1058,1040,4,1,1,5115451,2,"Australia","Queensland",NA,"36068882"
"SA",2020-05-20,439,4,82401,439,435,1,0,0,1756494,2,"Australia","South Australia",NA,"165128d0"
"TAS",2020-05-20,228,13,23027,228,198,6,0,0,535500,2,"Australia","Tasmania",NA,"86525f8e"
"VIC",2020-05-20,1580,18,367272,1580,1465,10,5,4,6629870,2,"Australia","Victoria",NA,"6c5dccdb"
"WA",2020-05-20,556,9,69644,556,544,1,0,0,2630557,2,"Australia","Western Australia",NA,"1f999f12"
"ACT",2020-05-21,107,3,14916,107,104,0,0,0,428060,2,"Australia","Australian Capital Territory",NA,"f42f23e3"
"NSW",2020-05-21,3271,48,390930,3271,2648,20,3,2,8117976,2,"Australia","New South Wales",NA,"5c4dd6e0"
"NT",2020-05-21,29,0,6809,29,29,1,0,0,245562,2,"Australia","Northern Territory",NA,"a079fdb2"
"QLD",2020-05-21,1058,6,166877,1058,1040,4,1,1,5115451,2,"Australia","Queensland",NA,"36068882"
"SA",2020-05-21,439,4,84389,439,435,1,0,0,1756494,2,"Australia","South Australia",NA,"165128d0"
"TAS",2020-05-21,228,13,23448,228,199,5,0,0,535500,2,"Australia","Tasmania",NA,"86525f8e"
"VIC",2020-05-21,1581,18,378673,1581,1473,10,5,4,6629870,2,"Australia","Victoria",NA,"6c5dccdb"
"WA",2020-05-21,556,9,71642,556,544,0,0,0,2630557,2,"Australia","Western Australia",NA,"1f999f12"
"ACT",2020-05-22,107,3,15253,107,104,0,0,0,428060,2,"Australia","Australian Capital Territory",NA,"f42f23e3"
"NSW",2020-05-22,3273,49,402623,3273,2648,20,1,1,8117976,2,"Australia","New South Wales",NA,"5c4dd6e0"
"NT",2020-05-22,29,0,6809,29,29,1,0,0,245562,2,"Australia","Northern Territory",NA,"a079fdb2"
"QLD",2020-05-22,1058,6,169863,1058,1040,4,1,1,5115451,2,"Australia","Queensland",NA,"36068882"
"SA",2020-05-22,439,4,86089,439,435,1,0,0,1756494,2,"Australia","South Australia",NA,"165128d0"
"TAS",2020-05-22,228,13,23636,228,201,4,0,0,535500,2,"Australia","Tasmania",NA,"86525f8e"
"VIC",2020-05-22,1593,18,393103,1593,1479,10,5,4,6629870,2,"Australia","Victoria",NA,"6c5dccdb"
"WA",2020-05-22,556,9,73306,556,544,0,0,0,2630557,2,"Australia","Western Australia",NA,"1f999f12"
"ACT",2020-05-23,107,3,15567,107,104,0,0,0,428060,2,"Australia","Australian Capital Territory",NA,"f42f23e3"
"NSW",2020-05-23,3275,49,411618,3275,2653,17,1,1,8117976,2,"Australia","New South Wales",NA,"5c4dd6e0"
"NT",2020-05-23,29,0,7105,29,29,1,0,0,245562,2,"Australia","Northern Territory",NA,"a079fdb2"
"QLD",2020-05-23,1060,6,172212,1060,1041,4,1,1,5115451,2,"Australia","Queensland",NA,"36068882"
"SA",2020-05-23,439,4,87451,439,435,0,0,0,1756494,2,"Australia","South Australia",NA,"165128d0"
"TAS",2020-05-23,228,13,23999,228,201,4,0,0,535500,2,"Australia","Tasmania",NA,"86525f8e"
"VIC",2020-05-23,1602,19,398826,1602,1484,10,3,3,6629870,2,"Australia","Victoria",NA,"6c5dccdb"
"WA",2020-05-23,556,9,75484,556,545,0,0,0,2630557,2,"Australia","Western Australia",NA,"1f999f12"
"ACT",2020-05-24,107,3,15760,107,104,0,0,0,428060,2,"Australia","Australian Capital Territory",NA,"f42f23e3"
"NSW",2020-05-24,3276,49,418427,3276,2653,16,1,1,8117976,2,"Australia","New South Wales",NA,"5c4dd6e0"
"NT",2020-05-24,29,0,7217,29,29,0,0,0,245562,2,"Australia","Northern Territory",NA,"a079fdb2"
"QLD",2020-05-24,1061,6,173864,1061,1041,4,1,1,5115451,2,"Australia","Queensland",NA,"36068882"
"SA",2020-05-24,439,4,88446,439,435,0,0,0,1756494,2,"Australia","South Australia",NA,"165128d0"
"TAS",2020-05-24,228,13,24191,228,202,4,0,0,535500,2,"Australia","Tasmania",NA,"86525f8e"
"VIC",2020-05-24,1603,19,420246,1603,1498,9,3,3,6629870,2,"Australia","Victoria",NA,"6c5dccdb"
"WA",2020-05-24,556,9,76644,556,545,0,0,0,2630557,2,"Australia","Western Australia",NA,"1f999f12"
"ACT",2020-05-25,107,3,16006,107,104,0,0,0,428060,2,"Australia","Australian Capital Territory",NA,"f42f23e3"
"NSW",2020-05-25,3279,49,422703,3279,2656,15,1,1,8117976,2,"Australia","New South Wales",NA,"5c4dd6e0"
"NT",2020-05-25,29,0,7233,29,29,0,0,0,245562,2,"Australia","Northern Territory",NA,"a079fdb2"
"QLD",2020-05-25,1056,6,174974,1056,1038,4,1,1,5115451,2,"Australia","Queensland",NA,"36068882"
"SA",2020-05-25,439,4,89245,439,435,0,0,0,1756494,2,"Australia","South Australia",NA,"165128d0"
"TAS",2020-05-25,228,13,24663,228,203,4,0,0,535500,2,"Australia","Tasmania",NA,"86525f8e"
"VIC",2020-05-25,1605,19,431878,1605,1520,8,3,3,6629870,2,"Australia","Victoria",NA,"6c5dccdb"
"WA",2020-05-25,560,9,77501,560,545,0,0,0,2630557,2,"Australia","Western Australia",NA,"1f999f12"
"ACT",2020-05-26,107,3,16196,107,104,0,0,0,428060,2,"Australia","Australian Capital Territory",NA,"f42f23e3"
"NSW",2020-05-26,3281,49,456724,3281,2661,14,1,1,8117976,2,"Australia","New South Wales",NA,"5c4dd6e0"
"NT",2020-05-26,29,0,7396,29,29,0,0,0,245562,2,"Australia","Northern Territory",NA,"a079fdb2"
"QLD",2020-05-26,1057,6,176561,1057,1039,4,1,1,5115451,2,"Australia","Queensland",NA,"36068882"
"SA",2020-05-26,440,4,90384,440,435,0,0,0,1756494,2,"Australia","South Australia",NA,"165128d0"
"TAS",2020-05-26,228,13,25248,228,205,4,0,0,535500,2,"Australia","Tasmania",NA,"86525f8e"
"VIC",2020-05-26,1610,19,437406,1610,1533,8,3,3,6629870,2,"Australia","Victoria",NA,"6c5dccdb"
"WA",2020-05-26,566,9,78308,566,545,0,0,0,2630557,2,"Australia","Western Australia",NA,"1f999f12"
"ACT",2020-05-27,107,3,16575,107,104,0,0,0,428060,2,"Australia","Australian Capital Territory",NA,"f42f23e3"
"NSW",2020-05-27,3278,49,464351,3278,2663,14,1,1,8117976,2,"Australia","New South Wales",NA,"5c4dd6e0"
"NT",2020-05-27,29,0,7528,29,29,0,0,0,245562,2,"Australia","Northern Territory",NA,"a079fdb2"
"QLD",2020-05-27,1058,6,180371,1058,1044,4,1,1,5115451,2,"Australia","Queensland",NA,"36068882"
"SA",2020-05-27,440,4,92903,440,435,0,0,0,1756494,2,"Australia","South Australia",NA,"165128d0"
"TAS",2020-05-27,228,13,25595,228,205,4,0,0,535500,2,"Australia","Tasmania",NA,"86525f8e"
"VIC",2020-05-27,1618,19,470832,1618,1533,8,4,1,6629870,2,"Australia","Victoria",NA,"6c5dccdb"
"WA",2020-05-27,566,9,80166,566,545,0,0,0,2630557,2,"Australia","Western Australia",NA,"1f999f12"
"ACT",2020-05-28,107,3,17069,107,104,0,0,0,428060,2,"Australia","Australian Capital Territory",NA,"f42f23e3"
"NSW",2020-05-28,3279,49,474223,3279,2670,13,1,1,8117976,2,"Australia","New South Wales",NA,"5c4dd6e0"
"NT",2020-05-28,29,0,7698,29,29,0,0,0,245562,2,"Australia","Northern Territory",NA,"a079fdb2"
"QLD",2020-05-28,1058,6,184039,1058,1045,4,1,1,5115451,2,"Australia","Queensland",NA,"36068882"
"SA",2020-05-28,440,4,93812,440,435,0,0,0,1756494,2,"Australia","South Australia",NA,"165128d0"
"TAS",2020-05-28,228,13,26592,228,205,4,0,0,535500,2,"Australia","Tasmania",NA,"86525f8e"
"VIC",2020-05-28,1628,19,480693,1628,1546,8,3,1,6629870,2,"Australia","Victoria",NA,"6c5dccdb"
"WA",2020-05-28,573,9,83318,573,546,0,0,0,2630557,2,"Australia","Western Australia",NA,"1f999f12"
"ACT",2020-05-29,107,3,17374,107,104,0,0,0,428060,2,"Australia","Australian Capital Territory",NA,"f42f23e3"
"NSW",2020-05-29,3281,49,484185,3281,2666,13,1,1,8117976,2,"Australia","New South Wales",NA,"5c4dd6e0"
"NT",2020-05-29,29,0,7918,29,29,0,0,0,245562,2,"Australia","Northern Territory",NA,"a079fdb2"
"QLD",2020-05-29,1058,6,185936,1058,1045,1,1,1,5115451,2,"Australia","Queensland",NA,"36068882"
"SA",2020-05-29,440,4,95888,440,435,0,0,0,1756494,2,"Australia","South Australia",NA,"165128d0"
"TAS",2020-05-29,228,13,27498,228,205,2,0,0,535500,2,"Australia","Tasmania",NA,"86525f8e"
"VIC",2020-05-29,1634,19,493085,1634,1549,7,2,1,6629870,2,"Australia","Victoria",NA,"6c5dccdb"
"WA",2020-05-29,581,9,85738,581,547,0,0,0,2630557,2,"Australia","Western Australia",NA,"1f999f12"
"ACT",2020-05-30,107,3,17792,107,104,0,0,0,428060,2,"Australia","Australian Capital Territory",NA,"f42f23e3"
"NSW",2020-05-30,3281,49,493637,3281,2683,12,1,1,8117976,2,"Australia","New South Wales",NA,"5c4dd6e0"
"NT",2020-05-30,29,0,8082,29,29,0,0,0,245562,2,"Australia","Northern Territory",NA,"a079fdb2"
"QLD",2020-05-30,1058,6,192062,1058,1045,1,1,1,5115451,2,"Australia","Queensland",NA,"36068882"
"SA",2020-05-30,440,4,98040,440,435,0,0,0,1756494,2,"Australia","South Australia",NA,"165128d0"
"TAS",2020-05-30,228,13,28158,228,207,2,0,0,535500,2,"Australia","Tasmania",NA,"86525f8e"
"VIC",2020-05-30,1645,19,501565,1645,1564,7,2,1,6629870,2,"Australia","Victoria",NA,"6c5dccdb"
"WA",2020-05-30,581,9,89202,581,546,0,0,0,2630557,2,"Australia","Western Australia",NA,"1f999f12"
"ACT",2020-05-31,107,3,18114,107,104,0,0,0,428060,2,"Australia","Australian Capital Territory",NA,"f42f23e3"
"NSW",2020-05-31,3284,49,503464,3284,2685,11,1,0,8117976,2,"Australia","New South Wales",NA,"5c4dd6e0"
"NT",2020-05-31,29,0,8220,29,29,0,0,0,245562,2,"Australia","Northern Territory",NA,"a079fdb2"
"QLD",2020-05-31,1058,6,195437,1058,1046,1,1,0,5115451,2,"Australia","Queensland",NA,"36068882"
"SA",2020-05-31,440,4,99465,440,435,0,0,0,1756494,2,"Australia","South Australia",NA,"165128d0"
"TAS",2020-05-31,228,13,28647,228,208,2,0,0,535500,2,"Australia","Tasmania",NA,"86525f8e"
"VIC",2020-05-31,1649,19,509691,1649,1557,6,2,1,6629870,2,"Australia","Victoria",NA,"6c5dccdb"
"WA",2020-05-31,584,9,91530,584,547,0,0,0,2630557,2,"Australia","Western Australia",NA,"1f999f12"
"ACT",2020-06-01,107,3,18425,107,104,0,0,0,428060,2,"Australia","Australian Capital Territory",NA,"f42f23e3"
"NSW",2020-06-01,3287,49,509227,3287,2685,10,1,0,8117976,2,"Australia","New South Wales",NA,"5c4dd6e0"
"NT",2020-06-01,29,0,8240,29,29,0,0,0,245562,2,"Australia","Northern Territory",NA,"a079fdb2"
"QLD",2020-06-01,1058,6,197367,1058,1046,1,1,0,5115451,2,"Australia","Queensland",NA,"36068882"
"SA",2020-06-01,440,4,100370,440,435,0,0,0,1756494,2,"Australia","South Australia",NA,"165128d0"
"TAS",2020-06-01,228,13,29049,228,209,2,0,0,535500,2,"Australia","Tasmania",NA,"86525f8e"
"VIC",2020-06-01,1653,19,515541,1653,1560,6,1,1,6629870,2,"Australia","Victoria",NA,"6c5dccdb"
"WA",2020-06-01,585,9,94001,585,547,1,0,0,2630557,2,"Australia","Western Australia",NA,"1f999f12"
"ACT",2020-06-02,107,3,18634,107,104,0,0,0,428060,2,"Australia","Australian Capital Territory",NA,"f42f23e3"
"NSW",2020-06-02,3293,49,514651,3293,2687,11,1,0,8117976,2,"Australia","New South Wales",NA,"5c4dd6e0"
"NT",2020-06-02,29,0,8406,29,29,0,0,0,245562,2,"Australia","Northern Territory",NA,"a079fdb2"
"QLD",2020-06-02,1059,6,200391,1059,1046,2,1,1,5115451,2,"Australia","Queensland",NA,"36068882"
"SA",2020-06-02,440,4,102388,440,435,0,0,0,1756494,2,"Australia","South Australia",NA,"165128d0"
"TAS",2020-06-02,228,13,29610,228,209,2,0,0,535500,2,"Australia","Tasmania",NA,"86525f8e"
"VIC",2020-06-02,1663,19,521359,1663,1563,9,2,1,6629870,2,"Australia","Victoria",NA,"6c5dccdb"
"WA",2020-06-02,585,9,94948,585,547,2,0,0,2630557,2,"Australia","Western Australia",NA,"1f999f12"
"ACT",2020-06-03,107,3,18899,107,104,0,0,0,428060,2,"Australia","Australian Capital Territory",NA,"f42f23e3"
"NSW",2020-06-03,3293,49,521669,3293,2691,11,2,0,8117976,2,"Australia","New South Wales",NA,"5c4dd6e0"
"NT",2020-06-03,29,0,8591,29,29,0,0,0,245562,2,"Australia","Northern Territory",NA,"a079fdb2"
"QLD",2020-06-03,1059,6,204258,1059,1046,2,1,1,5115451,2,"Australia","Queensland",NA,"36068882"
"SA",2020-06-03,440,4,104548,440,435,0,0,0,1756494,2,"Australia","South Australia",NA,"165128d0"
"TAS",2020-06-03,228,13,30316,228,210,2,0,0,535500,2,"Australia","Tasmania",NA,"86525f8e"
"VIC",2020-06-03,1670,19,526507,1670,1569,9,2,1,6629870,2,"Australia","Victoria",NA,"6c5dccdb"
"WA",2020-06-03,586,9,97912,586,551,1,0,0,2630557,2,"Australia","Western Australia",NA,"1f999f12"
"ACT",2020-06-04,107,3,19337,107,104,0,0,0,428060,2,"Australia","Australian Capital Territory",NA,"f42f23e3"
"NSW",2020-06-04,3295,49,533034,3295,2700,11,1,0,8117976,2,"Australia","New South Wales",NA,"5c4dd6e0"
"NT",2020-06-04,29,0,8983,29,29,0,0,0,245562,2,"Australia","Northern Territory",NA,"a079fdb2"
"QLD",2020-06-04,1060,6,208758,1060,1046,2,1,1,5115451,2,"Australia","Queensland",NA,"36068882"
"SA",2020-06-04,440,4,106873,440,436,0,0,0,1756494,2,"Australia","South Australia",NA,"165128d0"
"TAS",2020-06-04,228,13,31063,228,210,2,0,0,535500,2,"Australia","Tasmania",NA,"86525f8e"
"VIC",2020-06-04,1678,19,536190,1678,1584,7,2,1,6629870,2,"Australia","Victoria",NA,"6c5dccdb"
"WA",2020-06-04,586,9,102091,586,551,1,0,0,2630557,2,"Australia","Western Australia",NA,"1f999f12"
"ACT",2020-06-05,107,3,19736,107,104,0,0,0,428060,2,"Australia","Australian Capital Territory",NA,"f42f23e3"
"NSW",2020-06-05,3299,49,543205,3299,2714,10,1,0,8117976,2,"Australia","New South Wales",NA,"5c4dd6e0"
"NT",2020-06-05,29,0,9174,29,29,0,0,0,245562,2,"Australia","Northern Territory",NA,"a079fdb2"
"QLD",2020-06-05,1060,6,212870,1060,1046,2,1,1,5115451,2,"Australia","Queensland",NA,"36068882"
"SA",2020-06-05,440,4,111625,440,436,0,0,0,1756494,2,"Australia","South Australia",NA,"165128d0"
"TAS",2020-06-05,228,13,31813,228,210,2,0,0,535500,2,"Australia","Tasmania",NA,"86525f8e"
"VIC",2020-06-05,1681,19,542958,1681,1586,7,1,1,6629870,2,"Australia","Victoria",NA,"6c5dccdb"
"WA",2020-06-05,590,9,107811,590,551,0,0,0,2630557,2,"Australia","Western Australia",NA,"1f999f12"
"ACT",2020-06-06,107,3,20132,107,104,0,0,0,428060,2,"Australia","Australian Capital Territory",NA,"f42f23e3"
"NSW",2020-06-06,3299,49,555956,3299,2719,9,0,0,8117976,2,"Australia","New South Wales",NA,"5c4dd6e0"
"NT",2020-06-06,29,0,9330,29,29,0,0,0,245562,2,"Australia","Northern Territory",NA,"a079fdb2"
"QLD",2020-06-06,1061,6,216458,1061,1046,2,1,1,5115451,2,"Australia","Queensland",NA,"36068882"
"SA",2020-06-06,440,4,113503,440,436,0,0,0,1756494,2,"Australia","South Australia",NA,"165128d0"
"TAS",2020-06-06,228,13,32283,228,210,2,0,0,535500,2,"Australia","Tasmania",NA,"86525f8e"
"VIC",2020-06-06,1681,19,530816,1681,1589,8,3,1,6629870,2,"Australia","Victoria",NA,"6c5dccdb"
"WA",2020-06-06,591,9,112110,591,551,0,0,0,2630557,2,"Australia","Western Australia",NA,"1f999f12"
"ACT",2020-06-07,108,3,20487,108,104,0,0,0,428060,2,"Australia","Australian Capital Territory",NA,"f42f23e3"
"NSW",2020-06-07,3298,49,565163,3298,2723,9,0,0,8117976,2,"Australia","New South Wales",NA,"5c4dd6e0"
"NT",2020-06-07,29,0,9454,29,29,0,0,0,245562,2,"Australia","Northern Territory",NA,"a079fdb2"
"QLD",2020-06-07,1061,6,219422,1061,1046,2,1,1,5115451,2,"Australia","Queensland",NA,"36068882"
"SA",2020-06-07,440,4,114749,440,436,0,0,0,1756494,2,"Australia","South Australia",NA,"165128d0"
"TAS",2020-06-07,228,13,32724,228,211,1,0,0,535500,2,"Australia","Tasmania",NA,"86525f8e"
"VIC",2020-06-07,1685,19,539956,1685,1593,6,2,1,6629870,2,"Australia","Victoria",NA,"6c5dccdb"
"WA",2020-06-07,591,9,115507,591,551,0,0,0,2630557,2,"Australia","Western Australia",NA,"1f999f12"
"ACT",2020-06-08,108,3,20683,108,104,0,0,0,428060,2,"Australia","Australian Capital Territory",NA,"f42f23e3"
"NSW",2020-06-08,3301,49,571113,3301,2724,9,0,0,8117976,2,"Australia","New South Wales",NA,"5c4dd6e0"
"NT",2020-06-08,29,0,9477,29,29,0,0,0,245562,2,"Australia","Northern Territory",NA,"a079fdb2"
"QLD",2020-06-08,1062,6,221212,1062,1050,2,1,1,5115451,2,"Australia","Queensland",NA,"36068882"
"SA",2020-06-08,440,4,115802,440,436,0,0,0,1756494,2,"Australia","South Australia",NA,"165128d0"
"TAS",2020-06-08,228,13,33023,228,211,1,0,0,535500,2,"Australia","Tasmania",NA,"86525f8e"
"VIC",2020-06-08,1687,19,543708,1687,1595,7,2,1,6629870,2,"Australia","Victoria",NA,"6c5dccdb"
"WA",2020-06-08,591,9,118497,591,551,0,0,0,2630557,2,"Australia","Western Australia",NA,"1f999f12"
"ACT",2020-06-09,108,3,20975,108,104,0,0,0,428060,2,"Australia","Australian Capital Territory",NA,"f42f23e3"
"NSW",2020-06-09,3303,49,575856,3303,2729,9,0,0,8117976,2,"Australia","New South Wales",NA,"5c4dd6e0"
"NT",2020-06-09,29,0,9558,29,29,0,0,0,245562,2,"Australia","Northern Territory",NA,"a079fdb2"
"QLD",2020-06-09,1062,6,224050,1062,1051,2,1,1,5115451,2,"Australia","Queensland",NA,"36068882"
"SA",2020-06-09,440,4,116561,440,436,0,0,0,1756494,2,"Australia","South Australia",NA,"165128d0"
"TAS",2020-06-09,228,13,33398,228,211,1,0,0,535500,2,"Australia","Tasmania",NA,"86525f8e"
"VIC",2020-06-09,1687,19,547899,1687,1602,7,1,1,6629870,2,"Australia","Victoria",NA,"6c5dccdb"
"WA",2020-06-09,591,9,122387,591,552,0,0,0,2630557,2,"Australia","Western Australia",NA,"1f999f12"
"ACT",2020-06-10,108,3,21411,108,104,0,0,0,428060,2,"Australia","Australian Capital Territory",NA,"f42f23e3"
"NSW",2020-06-10,3306,49,581559,3306,2735,9,0,0,8117976,2,"Australia","New South Wales",NA,"5c4dd6e0"
"NT",2020-06-10,29,0,9747,29,29,0,0,0,245562,2,"Australia","Northern Territory",NA,"a079fdb2"
"QLD",2020-06-10,1062,6,230792,1062,1051,1,1,1,5115451,2,"Australia","Queensland",NA,"36068882"
"SA",2020-06-10,440,4,117847,440,436,0,0,0,1756494,2,"Australia","South Australia",NA,"165128d0"
"TAS",2020-06-10,228,13,34054,228,211,1,0,0,535500,2,"Australia","Tasmania",NA,"86525f8e"
"VIC",2020-06-10,1691,19,557844,1691,1616,9,2,1,6629870,2,"Australia","Victoria",NA,"6c5dccdb"
"WA",2020-06-10,591,9,126700,591,554,0,0,0,2630557,2,"Australia","Western Australia",NA,"1f999f12"
"ACT",2020-06-11,108,3,21938,108,104,0,0,0,428060,2,"Australia","Australian Capital Territory",NA,"f42f23e3"
"NSW",2020-06-11,3306,49,591305,3306,2738,10,0,0,8117976,2,"Australia","New South Wales",NA,"5c4dd6e0"
"NT",2020-06-11,29,0,9939,29,29,0,0,0,245562,2,"Australia","Northern Territory",NA,"a079fdb2"
"QLD",2020-06-11,1063,6,235917,1063,1051,1,1,1,5115451,2,"Australia","Queensland",NA,"36068882"
"SA",2020-06-11,440,4,119981,440,436,0,0,0,1756494,2,"Australia","South Australia",NA,"165128d0"
"TAS",2020-06-11,228,13,34674,228,211,1,0,0,535500,2,"Australia","Tasmania",NA,"86525f8e"
"VIC",2020-06-11,1699,19,564192,1699,1621,6,1,1,6629870,2,"Australia","Victoria",NA,"6c5dccdb"
"WA",2020-06-11,591,9,133277,591,561,0,0,0,2630557,2,"Australia","Western Australia",NA,"1f999f12"
"ACT",2020-06-12,108,3,22492,108,104,0,0,0,428060,2,"Australia","Australian Capital Territory",NA,"f42f23e3"
"NSW",2020-06-12,3304,49,606525,3304,2743,10,0,0,8117976,2,"Australia","New South Wales",NA,"5c4dd6e0"
"NT",2020-06-12,29,0,10217,29,29,0,0,0,245562,2,"Australia","Northern Territory",NA,"a079fdb2"
"QLD",2020-06-12,1064,6,240861,1064,1051,2,1,1,5115451,2,"Australia","Queensland",NA,"36068882"
"SA",2020-06-12,440,4,122481,440,436,0,0,0,1756494,2,"Australia","South Australia",NA,"165128d0"
"TAS",2020-06-12,228,13,35498,228,213,1,0,0,535500,2,"Australia","Tasmania",NA,"86525f8e"
"VIC",2020-06-12,1703,19,572985,1703,1632,5,1,1,6629870,2,"Australia","Victoria",NA,"6c5dccdb"
"WA",2020-06-12,592,9,134491,592,565,0,0,0,2630557,2,"Australia","Western Australia",NA,"1f999f12"
"ACT",2020-06-13,108,3,22779,108,104,0,0,0,428060,2,"Australia","Australian Capital Territory",NA,"f42f23e3"
"NSW",2020-06-13,3308,49,620650,3308,2763,9,0,0,8117976,2,"Australia","New South Wales",NA,"5c4dd6e0"
"NT",2020-06-13,29,0,10340,29,29,0,0,0,245562,2,"Australia","Northern Territory",NA,"a079fdb2"
"QLD",2020-06-13,1065,6,245713,1065,1051,2,1,0,5115451,2,"Australia","Queensland",NA,"36068882"
"SA",2020-06-13,440,4,124541,440,436,0,0,0,1756494,2,"Australia","South Australia",NA,"165128d0"
"TAS",2020-06-13,228,13,36008,228,213,0,0,0,535500,2,"Australia","Tasmania",NA,"86525f8e"
"VIC",2020-06-13,1711,19,582514,1711,1641,5,1,0,6629870,2,"Australia","Victoria",NA,"6c5dccdb"
"WA",2020-06-13,592,9,140106,592,565,0,0,0,2630557,2,"Australia","Western Australia",NA,"1f999f12"
"ACT",2020-06-14,108,3,23217,108,104,0,0,0,428060,2,"Australia","Australian Capital Territory",NA,"f42f23e3"
"NSW",2020-06-14,3317,49,634241,3317,2766,9,0,0,8117976,2,"Australia","New South Wales",NA,"5c4dd6e0"
"NT",2020-06-14,29,0,10464,29,29,0,0,0,245562,2,"Australia","Northern Territory",NA,"a079fdb2"
"QLD",2020-06-14,1065,6,249627,1065,1051,1,1,0,5115451,2,"Australia","Queensland",NA,"36068882"
"SA",2020-06-14,440,4,125732,440,436,0,0,0,1756494,2,"Australia","South Australia",NA,"165128d0"
"TAS",2020-06-14,228,13,36314,228,213,0,0,0,535500,2,"Australia","Tasmania",NA,"86525f8e"
"VIC",2020-06-14,1720,19,590853,1720,1657,6,2,0,6629870,2,"Australia","Victoria",NA,"6c5dccdb"
"WA",2020-06-14,592,9,141905,592,572,0,0,0,2630557,2,"Australia","Western Australia",NA,"1f999f12"
"ACT",2020-06-15,108,3,23571,108,104,0,0,0,428060,2,"Australia","Australian Capital Territory",NA,"f42f23e3"
"NSW",2020-06-15,3320,49,641442,3320,2766,9,0,0,8117976,2,"Australia","New South Wales",NA,"5c4dd6e0"
"NT",2020-06-15,29,0,10488,29,29,0,0,0,245562,2,"Australia","Northern Territory",NA,"a079fdb2"
"QLD",2020-06-15,1065,6,251322,1065,1051,1,1,0,5115451,2,"Australia","Queensland",NA,"36068882"
"SA",2020-06-15,440,4,126572,440,436,0,0,0,1756494,2,"Australia","South Australia",NA,"165128d0"
"TAS",2020-06-15,228,13,36471,228,213,0,0,0,535500,2,"Australia","Tasmania",NA,"86525f8e"
"VIC",2020-06-15,1732,19,594865,1732,1661,7,3,0,6629870,2,"Australia","Victoria",NA,"6c5dccdb"
"WA",2020-06-15,592,9,143418,592,581,0,0,0,2630557,2,"Australia","Western Australia",NA,"1f999f12"
"ACT",2020-06-16,108,3,23837,108,104,0,0,0,428060,2,"Australia","Australian Capital Territory",NA,"f42f23e3"
"NSW",2020-06-16,3323,49,649337,3323,2768,10,0,0,8117976,2,"Australia","New South Wales",NA,"5c4dd6e0"
"NT",2020-06-16,29,0,10665,29,29,0,0,0,245562,2,"Australia","Northern Territory",NA,"a079fdb2"
"QLD",2020-06-16,1065,6,254554,1065,1051,1,1,1,5115451,2,"Australia","Queensland",NA,"36068882"
"SA",2020-06-16,440,4,127815,440,436,0,0,0,1756494,2,"Australia","South Australia",NA,"165128d0"
"TAS",2020-06-16,228,13,38826,228,213,0,0,0,535500,2,"Australia","Tasmania",NA,"86525f8e"
"VIC",2020-06-16,1741,19,599895,1741,1664,6,2,1,6629870,2,"Australia","Victoria",NA,"6c5dccdb"
"WA",2020-06-16,592,9,143418,592,581,0,0,0,2630557,2,"Australia","Western Australia",NA,"1f999f12"
"ACT",2020-06-17,108,3,24428,108,105,0,0,0,428060,2,"Australia","Australian Capital Territory",NA,"f42f23e3"
"NSW",2020-06-17,3324,49,661226,3324,2770,10,0,0,8117976,2,"Australia","New South Wales",NA,"5c4dd6e0"
"NT",2020-06-17,29,0,10840,29,29,0,0,0,245562,2,"Australia","Northern Territory",NA,"a079fdb2"
"QLD",2020-06-17,1066,6,259902,1066,1052,1,1,1,5115451,2,"Australia","Queensland",NA,"36068882"
"SA",2020-06-17,440,4,130121,440,436,0,0,0,1756494,2,"Australia","South Australia",NA,"165128d0"
"TAS",2020-06-17,228,13,37356,228,215,0,0,0,535500,2,"Australia","Tasmania",NA,"86525f8e"
"VIC",2020-06-17,1762,19,608826,1762,1671,5,2,2,6629870,2,"Australia","Victoria",NA,"6c5dccdb"
"WA",2020-06-17,592,9,148820,592,582,0,0,0,2630557,2,"Australia","Western Australia",NA,"1f999f12"
"ACT",2020-06-18,108,3,24971,108,105,0,0,0,428060,2,"Australia","Australian Capital Territory",NA,"f42f23e3"
"NSW",2020-06-18,3326,49,678618,3326,2770,9,0,0,8117976,2,"Australia","New South Wales",NA,"5c4dd6e0"
"NT",2020-06-18,29,0,11088,29,29,0,0,0,245562,2,"Australia","Northern Territory",NA,"a079fdb2"
"QLD",2020-06-18,1066,6,264106,1066,1052,1,1,0,5115451,2,"Australia","Queensland",NA,"36068882"
"SA",2020-06-18,440,4,132490,440,436,0,0,0,1756494,2,"Australia","South Australia",NA,"165128d0"
"TAS",2020-06-18,228,13,42395,228,215,0,0,0,535500,2,"Australia","Tasmania",NA,"86525f8e"
"VIC",2020-06-18,1780,19,621226,1780,1671,4,2,2,6629870,2,"Australia","Victoria",NA,"6c5dccdb"
"WA",2020-06-18,593,9,152603,593,582,0,0,0,2630557,2,"Australia","Western Australia",NA,"1f999f12"
"ACT",2020-06-19,108,3,25300,108,105,0,0,0,428060,2,"Australia","Australian Capital Territory",NA,"f42f23e3"
"NSW",2020-06-19,3332,49,695981,3332,2770,9,0,0,8117976,2,"Australia","New South Wales",NA,"5c4dd6e0"
"NT",2020-06-19,29,0,11243,29,29,0,0,0,245562,2,"Australia","Northern Territory",NA,"a079fdb2"
"QLD",2020-06-19,1066,6,268286,1066,1053,1,0,0,5115451,2,"Australia","Queensland",NA,"36068882"
"SA",2020-06-19,440,4,134688,440,436,0,0,0,1756494,2,"Australia","South Australia",NA,"165128d0"
"TAS",2020-06-19,228,13,42995,228,215,0,0,0,535500,2,"Australia","Tasmania",NA,"86525f8e"
"VIC",2020-06-19,1792,19,635897,1792,1680,5,2,2,6629870,2,"Australia","Victoria",NA,"6c5dccdb"
"WA",2020-06-19,593,9,155815,593,582,0,0,0,2630557,2,"Australia","Western Australia",NA,"1f999f12"
"ACT",2020-06-20,108,3,25564,108,105,0,0,0,428060,2,"Australia","Australian Capital Territory",NA,"f42f23e3"
"NSW",2020-06-20,3333,49,712174,3333,2771,10,0,0,8117976,2,"Australia","New South Wales",NA,"5c4dd6e0"
"NT",2020-06-20,29,0,11417,29,29,0,0,0,245562,2,"Australia","Northern Territory",NA,"a079fdb2"
"QLD",2020-06-20,1066,6,271860,1066,1053,1,0,0,5115451,2,"Australia","Queensland",NA,"36068882"
"SA",2020-06-20,440,4,136378,440,436,0,0,0,1756494,2,"Australia","South Australia",NA,"165128d0"
"TAS",2020-06-20,228,13,43822,228,215,0,0,0,535500,2,"Australia","Tasmania",NA,"86525f8e"
"VIC",2020-06-20,1817,19,645401,1817,1686,6,3,0,6629870,2,"Australia","Victoria",NA,"6c5dccdb"
"WA",2020-06-20,593,9,158762,593,582,0,0,0,2630557,2,"Australia","Western Australia",NA,"1f999f12"
"ACT",2020-06-21,108,3,25905,108,105,0,0,0,428060,2,"Australia","Australian Capital Territory",NA,"f42f23e3"
"NSW",2020-06-21,3338,49,725817,3338,2771,8,0,0,8117976,2,"Australia","New South Wales",NA,"5c4dd6e0"
"NT",2020-06-21,29,0,11533,29,29,0,0,0,245562,2,"Australia","Northern Territory",NA,"a079fdb2"
"QLD",2020-06-21,1066,6,274688,1066,1053,1,0,0,5115451,2,"Australia","Queensland",NA,"36068882"
"SA",2020-06-21,440,4,137290,440,436,0,0,0,1756494,2,"Australia","South Australia",NA,"165128d0"
"TAS",2020-06-21,228,13,44025,228,215,0,0,0,535500,2,"Australia","Tasmania",NA,"86525f8e"
"VIC",2020-06-21,1836,19,660801,1836,1694,5,2,0,6629870,2,"Australia","Victoria",NA,"6c5dccdb"
"WA",2020-06-21,594,9,161265,594,582,0,0,0,2630557,2,"Australia","Western Australia",NA,"1f999f12"
"ACT",2020-06-22,108,3,26075,108,105,0,0,0,428060,2,"Australia","Australian Capital Territory",NA,"f42f23e3"
"NSW",2020-06-22,3340,49,734669,3340,2771,8,0,0,8117976,2,"Australia","New South Wales",NA,"5c4dd6e0"
"NT",2020-06-22,29,0,11566,29,29,0,0,0,245562,2,"Australia","Northern Territory",NA,"a079fdb2"
"QLD",2020-06-22,1066,6,323895,1066,1053,1,0,0,5115451,2,"Australia","Queensland",NA,"36068882"
"SA",2020-06-22,440,4,138170,440,436,0,0,0,1756494,2,"Australia","South Australia",NA,"165128d0"
"TAS",2020-06-22,228,13,44294,228,215,0,0,0,535500,2,"Australia","Tasmania",NA,"86525f8e"
"VIC",2020-06-22,1847,19,667115,1847,1701,7,2,0,6629870,2,"Australia","Victoria",NA,"6c5dccdb"
"WA",2020-06-22,594,9,162065,594,582,0,0,0,2630557,2,"Australia","Western Australia",NA,"1f999f12"
"ACT",2020-06-23,108,3,26480,108,105,0,0,0,428060,2,"Australia","Australian Capital Territory",NA,"f42f23e3"
"NSW",2020-06-23,3339,49,742962,3339,2771,9,0,0,8117976,2,"Australia","New South Wales",NA,"5c4dd6e0"
"NT",2020-06-23,29,0,11878,29,29,0,0,0,245562,2,"Australia","Northern Territory",NA,"a079fdb2"
"QLD",2020-06-23,1066,6,327530,1066,1053,1,0,0,5115451,2,"Australia","Queensland",NA,"36068882"
"SA",2020-06-23,440,4,139594,440,436,0,0,0,1756494,2,"Australia","South Australia",NA,"165128d0"
"TAS",2020-06-23,228,13,44966,228,215,0,0,0,535500,2,"Australia","Tasmania",NA,"86525f8e"
"VIC",2020-06-23,1864,19,675264,1864,1712,9,3,0,6629870,2,"Australia","Victoria",NA,"6c5dccdb"
"WA",2020-06-23,596,9,164147,596,583,0,0,0,2630557,2,"Australia","Western Australia",NA,"1f999f12"
"ACT",2020-06-24,108,3,26937,108,105,0,0,0,428060,2,"Australia","Australian Capital Territory",NA,"f42f23e3"
"NSW",2020-06-24,3348,49,756240,3348,2771,8,0,0,8117976,2,"Australia","New South Wales",NA,"5c4dd6e0"
"NT",2020-06-24,29,0,12099,29,29,0,0,0,245562,2,"Australia","Northern Territory",NA,"a079fdb2"
"QLD",2020-06-24,1066,6,334084,1066,1053,1,0,0,5115451,2,"Australia","Queensland",NA,"36068882"
"SA",2020-06-24,440,4,141630,440,436,0,0,0,1756494,2,"Australia","South Australia",NA,"165128d0"
"TAS",2020-06-24,228,13,45970,228,215,0,0,0,535500,2,"Australia","Tasmania",NA,"86525f8e"
"VIC",2020-06-24,1884,20,696263,1884,1721,7,2,0,6629870,2,"Australia","Victoria",NA,"6c5dccdb"
"WA",2020-06-24,596,9,167201,596,583,0,0,0,2630557,2,"Australia","Western Australia",NA,"1f999f12"
"ACT",2020-06-25,108,3,27529,108,105,0,0,0,428060,2,"Australia","Australian Capital Territory",NA,"f42f23e3"
"NSW",2020-06-25,3351,49,773415,3351,2776,8,0,0,8117976,2,"Australia","New South Wales",NA,"5c4dd6e0"
"NT",2020-06-25,29,0,12325,29,29,0,0,0,245562,2,"Australia","Northern Territory",NA,"a079fdb2"
"QLD",2020-06-25,1066,6,340581,1066,1054,1,0,0,5115451,2,"Australia","Queensland",NA,"36068882"
"SA",2020-06-25,440,4,143905,440,436,0,0,0,1756494,2,"Australia","South Australia",NA,"165128d0"
"TAS",2020-06-25,228,13,46824,228,215,0,0,0,535500,2,"Australia","Tasmania",NA,"86525f8e"
"VIC",2020-06-25,1917,20,716567,1917,1732,7,2,0,6629870,2,"Australia","Victoria",NA,"6c5dccdb"
"WA",2020-06-25,596,9,171195,596,583,0,0,0,2630557,2,"Australia","Western Australia",NA,"1f999f12"
"ACT",2020-06-26,108,3,28053,108,105,0,0,0,428060,2,"Australia","Australian Capital Territory",NA,"f42f23e3"
"NSW",2020-06-26,3357,49,788693,3357,2782,4,0,0,8117976,2,"Australia","New South Wales",NA,"5c4dd6e0"
"NT",2020-06-26,29,0,12606,29,29,0,0,0,245562,2,"Australia","Northern Territory",NA,"a079fdb2"
"QLD",2020-06-26,1067,6,347610,1067,1054,2,0,0,5115451,2,"Australia","Queensland",NA,"36068882"
"SA",2020-06-26,440,4,146127,440,436,0,0,0,1756494,2,"Australia","South Australia",NA,"165128d0"
"TAS",2020-06-26,228,13,47685,228,215,0,0,0,535500,2,"Australia","Tasmania",NA,"86525f8e"
"VIC",2020-06-26,1947,20,736735,1947,1742,6,1,0,6629870,2,"Australia","Victoria",NA,"6c5dccdb"
"WA",2020-06-26,596,9,174330,596,583,0,0,0,2630557,2,"Australia","Western Australia",NA,"1f999f12"
"ACT",2020-06-27,108,3,28364,108,105,0,0,0,428060,2,"Australia","Australian Capital Territory",NA,"f42f23e3"
"NSW",2020-06-27,3363,49,812427,3363,2784,5,0,0,8117976,2,"Australia","New South Wales",NA,"5c4dd6e0"
"NT",2020-06-27,29,0,12932,29,29,0,0,0,245562,2,"Australia","Northern Territory",NA,"a079fdb2"
"QLD",2020-06-27,1067,6,353085,1067,1054,2,0,0,5115451,2,"Australia","Queensland",NA,"36068882"
"SA",2020-06-27,440,4,147846,440,436,0,0,0,1756494,2,"Australia","South Australia",NA,"165128d0"
"TAS",2020-06-27,228,13,48239,228,215,0,0,0,535500,2,"Australia","Tasmania",NA,"86525f8e"
"VIC",2020-06-27,1987,20,758838,1987,1761,5,1,0,6629870,2,"Australia","Victoria",NA,"6c5dccdb"
"WA",2020-06-27,596,9,174330,596,583,0,0,0,2630557,2,"Australia","Western Australia",NA,"1f999f12"
"ACT",2020-06-28,108,3,29008,108,105,0,0,0,428060,2,"Australia","Australian Capital Territory",NA,"f42f23e3"
"NSW",2020-06-28,3366,49,830541,3366,2784,3,0,0,8117976,2,"Australia","New South Wales",NA,"5c4dd6e0"
"NT",2020-06-28,29,0,13209,29,29,0,0,0,245562,2,"Australia","Northern Territory",NA,"a079fdb2"
"QLD",2020-06-28,1067,6,357915,1067,1054,1,0,0,5115451,2,"Australia","Queensland",NA,"36068882"
"SA",2020-06-28,440,4,148844,440,436,0,0,0,1756494,2,"Australia","South Australia",NA,"165128d0"
"TAS",2020-06-28,228,13,48536,228,215,0,0,0,535500,2,"Australia","Tasmania",NA,"86525f8e"
"VIC",2020-06-28,2028,20,776792,2028,1775,7,1,0,6629870,2,"Australia","Victoria",NA,"6c5dccdb"
"WA",2020-06-28,597,9,174330,597,583,0,0,0,2630557,2,"Australia","Western Australia",NA,"1f999f12"
"ACT",2020-06-29,108,3,29282,108,105,0,0,0,428060,2,"Australia","Australian Capital Territory",NA,"f42f23e3"
"NSW",2020-06-29,3373,49,842374,3373,2784,5,0,0,8117976,2,"Australia","New South Wales",NA,"5c4dd6e0"
"NT",2020-06-29,29,0,13245,29,29,0,0,0,245562,2,"Australia","Northern Territory",NA,"a079fdb2"
"QLD",2020-06-29,1067,6,360469,1067,1054,1,0,0,5115451,2,"Australia","Queensland",NA,"36068882"
"SA",2020-06-29,443,4,149909,443,436,0,0,0,1756494,2,"Australia","South Australia",NA,"165128d0"
"TAS",2020-06-29,228,13,48917,228,215,0,0,0,535500,2,"Australia","Tasmania",NA,"86525f8e"
"VIC",2020-06-29,2099,20,792173,2099,1789,9,1,0,6629870,2,"Australia","Victoria",NA,"6c5dccdb"
"WA",2020-06-29,597,9,179326,597,584,0,0,0,2630557,2,"Australia","Western Australia",NA,"1f999f12"
"ACT",2020-06-30,108,3,29593,108,105,0,0,0,428060,2,"Australia","Australian Capital Territory",NA,"f42f23e3"
"NSW",2020-06-30,3378,49,855324,3378,2784,4,0,0,8117976,2,"Australia","New South Wales",NA,"5c4dd6e0"
"NT",2020-06-30,29,0,13307,29,29,0,0,0,245562,2,"Australia","Northern Territory",NA,"a079fdb2"
"QLD",2020-06-30,1067,6,364981,1067,1054,1,0,0,5115451,2,"Australia","Queensland",NA,"36068882"
"SA",2020-06-30,443,4,151285,443,436,0,0,0,1756494,2,"Australia","South Australia",NA,"165128d0"
"TAS",2020-06-30,228,13,49390,228,215,0,0,0,535500,2,"Australia","Tasmania",NA,"86525f8e"
"VIC",2020-06-30,2159,20,809589,2159,1816,9,1,0,6629870,2,"Australia","Victoria",NA,"6c5dccdb"
"WA",2020-06-30,599,9,182513,599,584,0,0,0,2630557,2,"Australia","Western Australia",NA,"1f999f12"
"ACT",2020-07-01,108,3,30332,108,105,0,0,0,428060,2,"Australia","Australian Capital Territory",NA,"f42f23e3"
"NSW",2020-07-01,3392,49,871567,3392,2787,2,1,0,8117976,2,"Australia","New South Wales",NA,"5c4dd6e0"
"NT",2020-07-01,29,0,13604,29,29,0,0,0,245562,2,"Australia","Northern Territory",NA,"a079fdb2"
"QLD",2020-07-01,1067,6,370973,1067,1054,1,0,0,5115451,2,"Australia","Queensland",NA,"36068882"
"SA",2020-07-01,443,4,153559,443,436,0,0,0,1756494,2,"Australia","South Australia",NA,"165128d0"
"TAS",2020-07-01,228,13,49767,228,215,0,0,0,535500,2,"Australia","Tasmania",NA,"86525f8e"
"VIC",2020-07-01,2231,20,830271,2231,1839,15,2,0,6629870,2,"Australia","Victoria",NA,"6c5dccdb"
"WA",2020-07-01,599,9,185850,599,586,0,0,0,2630557,2,"Australia","Western Australia",NA,"1f999f12"
"ACT",2020-07-02,108,3,31197,108,105,0,0,0,428060,2,"Australia","Australian Capital Territory",NA,"f42f23e3"
"NSW",2020-07-02,3400,49,889914,3400,2787,2,1,0,8117976,2,"Australia","New South Wales",NA,"5c4dd6e0"
"NT",2020-07-02,30,0,13959,30,29,1,0,0,245562,2,"Australia","Northern Territory",NA,"a079fdb2"
"QLD",2020-07-02,1067,6,376719,1067,1054,1,0,0,5115451,2,"Australia","Queensland",NA,"36068882"
"SA",2020-07-02,443,4,155482,443,436,0,0,0,1756494,2,"Australia","South Australia",NA,"165128d0"
"TAS",2020-07-02,228,13,50967,228,215,0,0,0,535500,2,"Australia","Tasmania",NA,"86525f8e"
"VIC",2020-07-02,2303,20,856591,2303,1866,20,4,0,6629870,2,"Australia","Victoria",NA,"6c5dccdb"
"WA",2020-07-02,599,9,188953,599,586,0,0,0,2630557,2,"Australia","Western Australia",NA,"1f999f12"
"ACT",2020-07-03,108,3,31563,108,105,0,0,0,428060,2,"Australia","Australian Capital Territory",NA,"f42f23e3"
"NSW",2020-07-03,3400,49,907762,3400,2787,2,1,0,8117976,2,"Australia","New South Wales",NA,"5c4dd6e0"
"NT",2020-07-03,30,0,14214,30,29,1,0,0,245562,2,"Australia","Northern Territory",NA,"a079fdb2"
"QLD",2020-07-03,1067,6,382114,1067,1054,1,0,0,5115451,2,"Australia","Queensland",NA,"36068882"
"SA",2020-07-03,443,4,157971,443,436,0,0,0,1756494,2,"Australia","South Australia",NA,"165128d0"
"TAS",2020-07-03,228,13,52002,228,215,0,0,0,535500,2,"Australia","Tasmania",NA,"86525f8e"
"VIC",2020-07-03,2368,20,881021,2368,1904,23,6,0,6629870,2,"Australia","Victoria",NA,"6c5dccdb"
"WA",2020-07-03,599,9,191213,599,586,0,0,0,2630557,2,"Australia","Western Australia",NA,"1f999f12"
"ACT",2020-07-04,108,3,32016,108,105,0,0,0,428060,2,"Australia","Australian Capital Territory",NA,"f42f23e3"
"NSW",2020-07-04,3405,49,924318,3405,2788,2,1,0,8117976,2,"Australia","New South Wales",NA,"5c4dd6e0"
"NT",2020-07-04,30,0,14523,30,29,1,0,0,245562,2,"Australia","Northern Territory",NA,"a079fdb2"
"QLD",2020-07-04,1067,6,386727,1067,1055,1,0,0,5115451,2,"Australia","Queensland",NA,"36068882"
"SA",2020-07-04,443,4,160000,443,436,0,0,0,1756494,2,"Australia","South Australia",NA,"165128d0"
"TAS",2020-07-04,228,13,52665,228,215,0,0,0,535500,2,"Australia","Tasmania",NA,"86525f8e"
"VIC",2020-07-04,2469,20,906574,2469,1938,25,3,0,6629870,2,"Australia","Victoria",NA,"6c5dccdb"
"WA",2020-07-04,599,9,191213,599,587,0,0,0,2630557,2,"Australia","Western Australia",NA,"1f999f12"
"ACT",2020-07-05,108,3,32273,108,105,0,0,0,428060,2,"Australia","Australian Capital Territory",NA,"f42f23e3"
"NSW",2020-07-05,3419,49,942432,3419,2799,2,1,0,8117976,2,"Australia","New South Wales",NA,"5c4dd6e0"
"NT",2020-07-05,30,0,14748,30,29,1,0,0,245562,2,"Australia","Northern Territory",NA,"a079fdb2"
"QLD",2020-07-05,1067,6,390572,1067,1055,1,0,0,5115451,2,"Australia","Queensland",NA,"36068882"
"SA",2020-07-05,443,4,161092,443,436,0,0,0,1756494,2,"Australia","South Australia",NA,"165128d0"
"TAS",2020-07-05,228,13,52934,228,215,0,0,0,535500,2,"Australia","Tasmania",NA,"86525f8e"
"VIC",2020-07-05,2536,20,928171,2536,1971,26,3,0,6629870,2,"Australia","Victoria",NA,"6c5dccdb"
"WA",2020-07-05,605,9,191213,605,587,0,0,0,2630557,2,"Australia","Western Australia",NA,"1f999f12"
"ACT",2020-07-06,108,3,32562,108,105,0,0,0,428060,2,"Australia","Australian Capital Territory",NA,"f42f23e3"
"NSW",2020-07-06,3429,49,953987,3429,2799,1,1,0,8117976,2,"Australia","New South Wales",NA,"5c4dd6e0"
"NT",2020-07-06,30,0,14773,30,29,1,0,0,245562,2,"Australia","Northern Territory",NA,"a079fdb2"
"QLD",2020-07-06,1067,6,392238,1067,1055,1,0,0,5115451,2,"Australia","Queensland",NA,"36068882"
"SA",2020-07-06,443,4,161999,443,436,0,0,0,1756494,2,"Australia","South Australia",NA,"165128d0"
"TAS",2020-07-06,228,13,54799,228,215,0,0,0,535500,2,"Australia","Tasmania",NA,"86525f8e"
"VIC",2020-07-06,2660,22,952699,2660,1992,31,5,0,6629870,2,"Australia","Victoria",NA,"6c5dccdb"
"WA",2020-07-06,608,9,196108,608,587,0,0,0,2630557,2,"Australia","Western Australia",NA,"1f999f12"
"ACT",2020-07-07,108,3,32562,108,105,0,0,0,428060,2,"Australia","Australian Capital Territory",NA,"f42f23e3"
"NSW",2020-07-07,3433,49,963733,3433,2798,2,1,0,8117976,2,"Australia","New South Wales",NA,"5c4dd6e0"
"NT",2020-07-07,30,0,15112,30,29,1,0,0,245562,2,"Australia","Northern Territory",NA,"a079fdb2"
"QLD",2020-07-07,1068,6,395027,1068,1055,1,0,0,5115451,2,"Australia","Queensland",NA,"36068882"
"SA",2020-07-07,443,4,163444,443,436,0,0,0,1756494,2,"Australia","South Australia",NA,"165128d0"
"TAS",2020-07-07,228,13,54092,228,215,0,0,0,535500,2,"Australia","Tasmania",NA,"86525f8e"
"VIC",2020-07-07,2824,22,979253,2824,2028,35,9,0,6629870,2,"Australia","Victoria",NA,"6c5dccdb"
"WA",2020-07-07,608,9,197884,608,587,0,0,0,2630557,2,"Australia","Western Australia",NA,"1f999f12"
"ACT",2020-07-08,111,3,33223,111,105,0,0,0,428060,2,"Australia","Australian Capital Territory",NA,"f42f23e3"
"NSW",2020-07-08,3440,49,979060,3440,2797,3,1,0,8117976,2,"Australia","New South Wales",NA,"5c4dd6e0"
"NT",2020-07-08,30,0,15476,30,29,1,0,0,245562,2,"Australia","Northern Territory",NA,"a079fdb2"
"QLD",2020-07-08,1068,6,398844,1068,1056,1,0,0,5115451,2,"Australia","Queensland",NA,"36068882"
"SA",2020-07-08,443,4,165600,443,436,0,0,0,1756494,2,"Australia","South Australia",NA,"165128d0"
"TAS",2020-07-08,228,13,54639,228,215,0,0,0,535500,2,"Australia","Tasmania",NA,"86525f8e"
"VIC",2020-07-08,2942,22,1008677,2942,2058,41,7,0,6629870,2,"Australia","Victoria",NA,"6c5dccdb"
"WA",2020-07-08,610,9,200887,610,588,0,0,0,2630557,2,"Australia","Western Australia",NA,"1f999f12"
"ACT",2020-07-09,112,3,33920,112,105,0,0,0,428060,2,"Australia","Australian Capital Territory",NA,"f42f23e3"
"NSW",2020-07-09,3453,49,997736,3453,2797,3,1,0,8117976,2,"Australia","New South Wales",NA,"5c4dd6e0"
"NT",2020-07-09,30,0,15784,30,29,1,0,0,245562,2,"Australia","Northern Territory",NA,"a079fdb2"
"QLD",2020-07-09,1068,6,406672,1068,1057,1,0,0,5115451,2,"Australia","Queensland",NA,"36068882"
"SA",2020-07-09,443,4,167653,443,439,0,0,0,1756494,2,"Australia","South Australia",NA,"165128d0"
"TAS",2020-07-09,228,13,55513,228,215,0,0,0,535500,2,"Australia","Tasmania",NA,"86525f8e"
"VIC",2020-07-09,3098,22,1030462,3098,2142,40,9,0,6629870,2,"Australia","Victoria",NA,"6c5dccdb"
"WA",2020-07-09,613,9,203091,613,588,0,0,0,2630557,2,"Australia","Western Australia",NA,"1f999f12"
"ACT",2020-07-10,113,3,34801,113,105,0,0,0,428060,2,"Australia","Australian Capital Territory",NA,"f42f23e3"
"NSW",2020-07-10,3467,49,1007662,3467,2798,4,1,0,8117976,2,"Australia","New South Wales",NA,"5c4dd6e0"
"NT",2020-07-10,31,0,16092,31,29,2,0,0,245562,2,"Australia","Northern Territory",NA,"a079fdb2"
"QLD",2020-07-10,1068,6,412838,1068,1057,1,0,0,5115451,2,"Australia","Queensland",NA,"36068882"
"SA",2020-07-10,443,4,169757,443,439,0,0,0,1756494,2,"Australia","South Australia",NA,"165128d0"
"TAS",2020-07-10,228,13,56139,228,215,0,0,0,535500,2,"Australia","Tasmania",NA,"86525f8e"
"VIC",2020-07-10,3379,22,1068050,3379,2201,47,12,0,6629870,2,"Australia","Victoria",NA,"6c5dccdb"
"WA",2020-07-10,616,9,204929,616,588,0,0,0,2630557,2,"Australia","Western Australia",NA,"1f999f12"
"ACT",2020-07-11,113,3,35872,113,105,0,0,0,428060,2,"Australia","Australian Capital Territory",NA,"f42f23e3"
"NSW",2020-07-11,3474,49,1024410,3474,2799,3,1,0,8117976,2,"Australia","New South Wales",NA,"5c4dd6e0"
"NT",2020-07-11,31,0,16734,31,29,2,0,0,245562,2,"Australia","Northern Territory",NA,"a079fdb2"
"QLD",2020-07-11,1070,6,417970,1070,1058,1,0,0,5115451,2,"Australia","Queensland",NA,"36068882"
"SA",2020-07-11,443,4,169757,443,439,0,0,0,1756494,2,"Australia","South Australia",NA,"165128d0"
"TAS",2020-07-11,228,13,56602,228,215,0,0,0,535500,2,"Australia","Tasmania",NA,"86525f8e"
"VIC",2020-07-11,3560,23,1095219,3560,2286,49,15,0,6629870,2,"Australia","Victoria",NA,"6c5dccdb"
"WA",2020-07-11,618,9,204929,618,588,0,0,0,2630557,2,"Australia","Western Australia",NA,"1f999f12"
"ACT",2020-07-12,113,3,36632,113,105,0,0,0,428060,2,"Australia","Australian Capital Territory",NA,"f42f23e3"
"NSW",2020-07-12,3478,49,1039385,3478,2799,7,1,0,8117976,2,"Australia","New South Wales",NA,"5c4dd6e0"
"NT",2020-07-12,31,0,16962,31,29,2,0,0,245562,2,"Australia","Northern Territory",NA,"a079fdb2"
"QLD",2020-07-12,1070,6,421738,1070,1058,1,0,0,5115451,2,"Australia","Queensland",NA,"36068882"
"SA",2020-07-12,443,4,173296,443,439,0,0,0,1756494,2,"Australia","South Australia",NA,"165128d0"
"TAS",2020-07-12,228,13,57132,228,215,0,0,0,535500,2,"Australia","Tasmania",NA,"86525f8e"
"VIC",2020-07-12,3799,24,1125414,3799,2289,57,16,0,6629870,2,"Australia","Victoria",NA,"6c5dccdb"
"WA",2020-07-12,619,9,204929,619,589,0,0,0,2630557,2,"Australia","Western Australia",NA,"1f999f12"
"ACT",2020-07-13,113,3,37233,113,105,0,0,0,428060,2,"Australia","Australian Capital Territory",NA,"f42f23e3"
"NSW",2020-07-13,3492,49,1050171,3492,2799,17,1,0,8117976,2,"Australia","New South Wales",NA,"5c4dd6e0"
"NT",2020-07-13,31,0,17028,31,29,2,0,0,245562,2,"Australia","Northern Territory",NA,"a079fdb2"
"QLD",2020-07-13,1071,6,423911,1071,1058,1,0,0,5115451,2,"Australia","Queensland",NA,"36068882"
"SA",2020-07-13,443,4,174553,443,439,0,0,0,1756494,2,"Australia","South Australia",NA,"165128d0"
"TAS",2020-07-13,228,13,57463,228,215,0,0,0,535500,2,"Australia","Tasmania",NA,"86525f8e"
"VIC",2020-07-13,3967,24,1148357,3967,2329,72,17,0,6629870,2,"Australia","Victoria",NA,"6c5dccdb"
"WA",2020-07-13,619,9,209072,619,590,0,0,0,2630557,2,"Australia","Western Australia",NA,"1f999f12"
"ACT",2020-07-14,113,3,37556,113,105,0,0,0,428060,2,"Australia","Australian Capital Territory",NA,"f42f23e3"
"NSW",2020-07-14,3505,49,1062503,3505,2799,2,1,0,8117976,2,"Australia","New South Wales",NA,"5c4dd6e0"
"NT",2020-07-14,31,0,19667,31,29,2,0,0,245562,2,"Australia","Northern Territory",NA,"a079fdb2"
"QLD",2020-07-14,1071,6,428420,1071,1058,1,0,0,5115451,2,"Australia","Queensland",NA,"36068882"
"SA",2020-07-14,443,4,176370,443,439,0,0,0,1756494,2,"Australia","South Australia",NA,"165128d0"
"TAS",2020-07-14,228,13,57802,228,215,0,0,0,535500,2,"Australia","Tasmania",NA,"86525f8e"
"VIC",2020-07-14,4224,26,1170352,4224,2395,85,26,0,6629870,2,"Australia","Victoria",NA,"6c5dccdb"
"WA",2020-07-14,620,9,209567,620,590,0,0,0,2630557,2,"Australia","Western Australia",NA,"1f999f12"
"ACT",2020-07-15,113,3,38685,113,105,0,0,0,428060,2,"Australia","Australian Capital Territory",NA,"f42f23e3"
"NSW",2020-07-15,3517,49,1080163,3517,2799,2,1,0,8117976,2,"Australia","New South Wales",NA,"5c4dd6e0"
"NT",2020-07-15,31,0,18645,31,29,2,0,0,245562,2,"Australia","Northern Territory",NA,"a079fdb2"
"QLD",2020-07-15,1071,6,435198,1071,1058,1,0,0,5115451,2,"Australia","Queensland",NA,"36068882"
"SA",2020-07-15,443,4,178869,443,439,0,0,0,1756494,2,"Australia","South Australia",NA,"165128d0"
"TAS",2020-07-15,228,13,58504,228,215,0,0,0,535500,2,"Australia","Tasmania",NA,"86525f8e"
"VIC",2020-07-15,4448,27,1197392,4448,2488,105,27,0,6629870,2,"Australia","Victoria",NA,"6c5dccdb"
"WA",2020-07-15,628,9,214685,628,590,1,0,0,2630557,2,"Australia","Western Australia",NA,"1f999f12"
"ACT",2020-07-16,113,3,39658,113,105,0,0,0,428060,2,"Australia","Australian Capital Territory",NA,"f42f23e3"
"NSW",2020-07-16,3527,49,1102999,3527,2799,2,1,0,8117976,2,"Australia","New South Wales",NA,"5c4dd6e0"
"NT",2020-07-16,31,0,19005,31,29,1,0,0,245562,2,"Australia","Northern Territory",NA,"a079fdb2"
"QLD",2020-07-16,1071,6,441998,1071,1058,1,0,0,5115451,2,"Australia","Queensland",NA,"36068882"
"SA",2020-07-16,444,4,181413,444,440,0,0,0,1756494,2,"Australia","South Australia",NA,"165128d0"
"TAS",2020-07-16,228,13,59356,228,215,0,0,0,535500,2,"Australia","Tasmania",NA,"86525f8e"
"VIC",2020-07-16,4750,29,1225999,4750,2591,109,29,0,6629870,2,"Australia","Victoria",NA,"6c5dccdb"
"WA",2020-07-16,630,9,217288,630,594,1,0,0,2630557,2,"Australia","Western Australia",NA,"1f999f12"
"ACT",2020-07-17,113,3,40533,113,105,0,0,0,428060,2,"Australia","Australian Capital Territory",NA,"f42f23e3"
"NSW",2020-07-17,3535,49,1127466,3535,2799,2,1,0,8117976,2,"Australia","New South Wales",NA,"5c4dd6e0"
"NT",2020-07-17,31,0,19359,31,29,1,0,0,245562,2,"Australia","Northern Territory",NA,"a079fdb2"
"QLD",2020-07-17,1071,6,448759,1071,1058,1,0,0,5115451,2,"Australia","Queensland",NA,"36068882"
"SA",2020-07-17,444,4,184086,444,440,0,0,0,1756494,2,"Australia","South Australia",NA,"165128d0"
"TAS",2020-07-17,228,13,60095,228,215,0,0,0,535500,2,"Australia","Tasmania",NA,"86525f8e"
"VIC",2020-07-17,5165,32,1250408,5165,2669,122,31,22,6629870,2,"Australia","Victoria",NA,"6c5dccdb"
"WA",2020-07-17,632,9,219758,632,597,1,0,0,2630557,2,"Australia","Western Australia",NA,"1f999f12"
"ACT",2020-07-18,113,3,41273,113,105,0,0,0,428060,2,"Australia","Australian Capital Territory",NA,"f42f23e3"
"NSW",2020-07-18,3550,49,1155168,3550,2799,3,1,0,8117976,2,"Australia","New South Wales",NA,"5c4dd6e0"
"NT",2020-07-18,31,0,19655,31,29,1,0,0,245562,2,"Australia","Northern Territory",NA,"a079fdb2"
"QLD",2020-07-18,1071,6,454831,1071,1059,1,0,0,5115451,2,"Australia","Queensland",NA,"36068882"
"SA",2020-07-18,444,4,184086,444,440,0,0,0,1756494,2,"Australia","South Australia",NA,"165128d0"
"TAS",2020-07-18,228,13,60548,228,215,0,0,0,535500,2,"Australia","Tasmania",NA,"86525f8e"
"VIC",2020-07-18,5353,35,1278512,5353,2709,110,25,18,6629870,2,"Australia","Victoria",NA,"6c5dccdb"
"WA",2020-07-18,633,9,219758,633,599,0,0,0,2630557,2,"Australia","Western Australia",NA,"1f999f12"
"ACT",2020-07-19,113,3,42003,113,105,0,0,0,428060,2,"Australia","Australian Capital Territory",NA,"f42f23e3"
"NSW",2020-07-19,3568,49,1181085,3568,2799,2,1,0,8117976,2,"Australia","New South Wales",NA,"5c4dd6e0"
"NT",2020-07-19,31,0,19907,31,29,1,0,0,245562,2,"Australia","Northern Territory",NA,"a079fdb2"
"QLD",2020-07-19,1071,6,459139,1071,1060,1,0,0,5115451,2,"Australia","Queensland",NA,"36068882"
"SA",2020-07-19,444,4,188428,444,440,0,0,0,1756494,2,"Australia","South Australia",NA,"165128d0"
"TAS",2020-07-19,228,13,60957,228,215,0,0,0,535500,2,"Australia","Tasmania",NA,"86525f8e"
"VIC",2020-07-19,5696,38,1305186,5696,2819,130,28,18,6629870,2,"Australia","Victoria",NA,"6c5dccdb"
"WA",2020-07-19,633,9,219758,633,599,1,0,0,2630557,2,"Australia","Western Australia",NA,"1f999f12"
"ACT",2020-07-20,113,3,42504,113,107,0,0,0,428060,2,"Australia","Australian Capital Territory",NA,"f42f23e3"
"NSW",2020-07-20,3588,49,1202252,3588,2799,5,2,1,8117976,2,"Australia","New South Wales",NA,"5c4dd6e0"
"NT",2020-07-20,31,0,20026,31,29,1,0,0,245562,2,"Australia","Northern Territory",NA,"a079fdb2"
"QLD",2020-07-20,1072,6,461932,1072,1061,2,0,0,5115451,2,"Australia","Queensland",NA,"36068882"
"SA",2020-07-20,444,4,189805,444,440,0,0,0,1756494,2,"Australia","South Australia",NA,"165128d0"
"TAS",2020-07-20,229,13,61415,229,215,0,0,0,535500,2,"Australia","Tasmania",NA,"86525f8e"
"VIC",2020-07-20,5942,39,1331774,5942,2933,147,31,16,6629870,2,"Australia","Victoria",NA,"6c5dccdb"
"WA",2020-07-20,633,9,224717,633,604,1,0,0,2630557,2,"Australia","Western Australia",NA,"1f999f12"
"ACT",2020-07-21,113,3,42723,113,107,0,0,0,428060,2,"Australia","Australian Capital Territory",NA,"f42f23e3"
"NSW",2020-07-21,3599,49,1218155,3599,2799,4,2,1,8117976,2,"Australia","New South Wales",NA,"5c4dd6e0"
"NT",2020-07-21,31,0,20348,31,29,1,0,0,245562,2,"Australia","Northern Territory",NA,"a079fdb2"
"QLD",2020-07-21,1072,6,466479,1072,1061,2,0,0,5115451,2,"Australia","Queensland",NA,"36068882"
"SA",2020-07-21,444,4,192436,444,440,0,0,0,1756494,2,"Australia","South Australia",NA,"165128d0"
"TAS",2020-07-21,229,13,61810,229,215,0,0,0,535500,2,"Australia","Tasmania",NA,"86525f8e"
"VIC",2020-07-21,6289,42,1361238,6289,3078,174,36,22,6629870,2,"Australia","Victoria",NA,"6c5dccdb"
"WA",2020-07-21,633,9,227546,633,607,1,0,0,2630557,2,"Australia","Western Australia",NA,"1f999f12"
"ACT",2020-07-22,113,3,44078,113,107,0,0,0,428060,2,"Australia","Australian Capital Territory",NA,"f42f23e3"
"NSW",2020-07-22,3614,49,1236620,3614,2799,5,2,1,8117976,2,"Australia","New South Wales",NA,"5c4dd6e0"
"NT",2020-07-22,31,0,21137,31,29,1,0,0,245562,2,"Australia","Northern Territory",NA,"a079fdb2"
"QLD",2020-07-22,1073,6,474333,1073,1062,2,0,0,5115451,2,"Australia","Queensland",NA,"36068882"
"SA",2020-07-22,446,4,195367,446,441,0,0,0,1756494,2,"Australia","South Australia",NA,"165128d0"
"TAS",2020-07-22,229,13,62628,229,215,1,0,0,535500,2,"Australia","Tasmania",NA,"86525f8e"
"VIC",2020-07-22,6739,44,1385964,6739,3184,205,40,24,6629870,2,"Australia","Victoria",NA,"6c5dccdb"
"WA",2020-07-22,633,9,230402,633,608,1,0,0,2630557,2,"Australia","Western Australia",NA,"1f999f12"
"ACT",2020-07-23,113,3,45407,113,109,0,0,0,428060,2,"Australia","Australian Capital Territory",NA,"f42f23e3"
"NSW",2020-07-23,3633,49,1261260,3633,2799,6,1,1,8117976,2,"Australia","New South Wales",NA,"5c4dd6e0"
"NT",2020-07-23,31,0,21542,31,29,1,0,0,245562,2,"Australia","Northern Territory",NA,"a079fdb2"
"QLD",2020-07-23,1074,6,482473,1074,1063,2,0,0,5115451,2,"Australia","Queensland",NA,"36068882"
"SA",2020-07-23,447,4,199703,447,441,0,0,0,1756494,2,"Australia","South Australia",NA,"165128d0"
"TAS",2020-07-23,229,13,63360,229,215,1,0,0,535500,2,"Australia","Tasmania",NA,"86525f8e"
"VIC",2020-07-23,7125,49,1413115,7125,3298,201,40,24,6629870,2,"Australia","Victoria",NA,"6c5dccdb"
"WA",2020-07-23,633,9,232977,633,610,0,0,0,2630557,2,"Australia","Western Australia",NA,"1f999f12"
"ACT",2020-07-24,113,3,46215,113,109,0,0,0,428060,2,"Australia","Australian Capital Territory",NA,"f42f23e3"
"NSW",2020-07-24,3640,49,1297429,3640,2799,7,3,1,8117976,2,"Australia","New South Wales",NA,"5c4dd6e0"
"NT",2020-07-24,31,0,21825,31,29,1,0,0,245562,2,"Australia","Northern Territory",NA,"a079fdb2"
"QLD",2020-07-24,1076,6,489894,1076,1063,2,0,0,5115451,2,"Australia","Queensland",NA,"36068882"
"SA",2020-07-24,447,4,203045,447,441,0,0,0,1756494,2,"Australia","South Australia",NA,"165128d0"
"TAS",2020-07-24,229,13,64268,229,215,1,0,0,535500,2,"Australia","Tasmania",NA,"86525f8e"
"VIC",2020-07-24,7405,56,1437233,7405,3450,206,41,0,6629870,2,"Australia","Victoria",NA,"6c5dccdb"
"WA",2020-07-24,633,9,235512,633,612,0,0,0,2630557,2,"Australia","Western Australia",NA,"1f999f12"
"ACT",2020-07-25,113,3,47288,113,109,0,0,0,428060,2,"Australia","Australian Capital Territory",NA,"f42f23e3"
"NSW",2020-07-25,3654,49,1327964,3654,2799,6,4,1,8117976,2,"Australia","New South Wales",NA,"5c4dd6e0"
"NT",2020-07-25,31,0,22108,31,29,1,0,0,245562,2,"Australia","Northern Territory",NA,"a079fdb2"
"QLD",2020-07-25,1076,6,497848,1076,1063,2,0,0,5115451,2,"Australia","Queensland",NA,"36068882"
"SA",2020-07-25,447,4,206049,447,441,0,0,0,1756494,2,"Australia","South Australia",NA,"165128d0"
"TAS",2020-07-25,229,13,65190,229,215,1,0,0,535500,2,"Australia","Tasmania",NA,"86525f8e"
"VIC",2020-07-25,7744,61,1457546,7744,3529,229,42,0,6629870,2,"Australia","Victoria",NA,"6c5dccdb"
"WA",2020-07-25,633,9,235512,633,619,0,0,0,2630557,2,"Australia","Western Australia",NA,"1f999f12"
"ACT",2020-07-26,113,3,47917,113,109,0,0,0,428060,2,"Australia","Australian Capital Territory",NA,"f42f23e3"
"NSW",2020-07-26,3668,49,1353103,3668,2799,9,4,1,8117976,2,"Australia","New South Wales",NA,"5c4dd6e0"
"NT",2020-07-26,31,0,22251,31,29,1,0,0,245562,2,"Australia","Northern Territory",NA,"a079fdb2"
"QLD",2020-07-26,1076,6,502468,1076,1063,2,0,0,5115451,2,"Australia","Queensland",NA,"36068882"
"SA",2020-07-26,447,4,207884,447,441,0,0,0,1756494,2,"Australia","South Australia",NA,"165128d0"
"TAS",2020-07-26,229,13,65470,229,215,1,0,0,535500,2,"Australia","Tasmania",NA,"86525f8e"
"VIC",2020-07-26,8181,71,1500519,8181,3680,228,42,21,6629870,2,"Australia","Victoria",NA,"6c5dccdb"
"WA",2020-07-26,635,9,235512,635,621,0,0,0,2630557,2,"Australia","Western Australia",NA,"1f999f12"
"ACT",2020-07-27,113,3,48240,113,109,0,0,0,428060,2,"Australia","Australian Capital Territory",NA,"f42f23e3"
"NSW",2020-07-27,3685,49,1375135,3685,2800,10,5,1,8117976,2,"Australia","New South Wales",NA,"5c4dd6e0"
"NT",2020-07-27,31,0,22526,31,29,1,0,0,245562,2,"Australia","Northern Territory",NA,"a079fdb2"
"QLD",2020-07-27,1076,6,505628,1076,1063,2,0,0,5115451,2,"Australia","Queensland",NA,"36068882"
"SA",2020-07-27,447,4,209996,447,441,0,0,0,1756494,2,"Australia","South Australia",NA,"165128d0"
"TAS",2020-07-27,229,13,66019,229,215,1,0,0,535500,2,"Australia","Tasmania",NA,"86525f8e"
"VIC",2020-07-27,8696,77,1518107,8696,3817,245,44,23,6629870,2,"Australia","Victoria",NA,"6c5dccdb"
"WA",2020-07-27,635,9,241439,635,624,0,0,0,2630557,2,"Australia","Western Australia",NA,"1f999f12"
"ACT",2020-07-28,113,3,48686,113,109,0,0,0,428060,2,"Australia","Australian Capital Territory",NA,"f42f23e3"
"NSW",2020-07-28,3699,49,1391144,3699,2800,11,5,1,8117976,2,"Australia","New South Wales",NA,"5c4dd6e0"
"NT",2020-07-28,31,0,23084,31,29,1,0,0,245562,2,"Australia","Northern Territory",NA,"a079fdb2"
"QLD",2020-07-28,1076,6,510206,1076,1063,2,0,0,5115451,2,"Australia","Queensland",NA,"36068882"
"SA",2020-07-28,448,4,212490,448,441,0,0,0,1756494,2,"Australia","South Australia",NA,"165128d0"
"TAS",2020-07-28,229,13,66544,229,215,1,0,0,535500,2,"Australia","Tasmania",NA,"86525f8e"
"VIC",2020-07-28,9049,83,1536628,9049,3937,260,42,23,6629870,2,"Australia","Victoria",NA,"6c5dccdb"
"WA",2020-07-28,636,9,243279,636,624,0,0,0,2630557,2,"Australia","Western Australia",NA,"1f999f12"
"ACT",2020-07-29,113,3,49618,113,109,0,0,0,428060,2,"Australia","Australian Capital Territory",NA,"f42f23e3"
"NSW",2020-07-29,3718,49,1409687,3718,2800,10,5,1,8117976,2,"Australia","New South Wales",NA,"5c4dd6e0"
"NT",2020-07-29,31,0,23511,31,30,1,0,0,245562,2,"Australia","Northern Territory",NA,"a079fdb2"
"QLD",2020-07-29,1079,6,518517,1079,1065,4,0,0,5115451,2,"Australia","Queensland",NA,"36068882"
"SA",2020-07-29,448,4,228850,448,441,0,0,0,1756494,2,"Australia","South Australia",NA,"165128d0"
"TAS",2020-07-29,229,13,67183,229,215,1,0,0,535500,2,"Australia","Tasmania",NA,"86525f8e"
"VIC",2020-07-29,9304,92,1554705,9304,4123,307,41,0,6629870,2,"Australia","Victoria",NA,"6c5dccdb"
"WA",2020-07-29,638,9,246178,638,624,0,0,0,2630557,2,"Australia","Western Australia",NA,"1f999f12"
"ACT",2020-07-30,113,3,50368,113,109,0,0,0,428060,2,"Australia","Australian Capital Territory",NA,"f42f23e3"
"NSW",2020-07-30,3736,49,1436834,3736,2800,11,6,1,8117976,2,"Australia","New South Wales",NA,"5c4dd6e0"
"NT",2020-07-30,31,0,24078,31,30,1,0,0,245562,2,"Australia","Northern Territory",NA,"a079fdb2"
"QLD",2020-07-30,1082,6,526768,1082,1065,5,0,0,5115451,2,"Australia","Queensland",NA,"36068882"
"SA",2020-07-30,449,4,233614,449,441,0,0,0,1756494,2,"Australia","South Australia",NA,"165128d0"
"TAS",2020-07-30,229,13,68137,229,215,1,0,0,535500,2,"Australia","Tasmania",NA,"86525f8e"
"VIC",2020-07-30,9998,105,1574626,9998,4259,312,34,0,6629870,2,"Australia","Victoria",NA,"6c5dccdb"
"WA",2020-07-30,639,9,248677,639,622,0,0,0,2630557,2,"Australia","Western Australia",NA,"1f999f12"
"ACT",2020-07-31,113,3,50856,113,109,0,0,0,428060,2,"Australia","Australian Capital Territory",NA,"f42f23e3"
"NSW",2020-07-31,3756,49,1462155,3756,2800,11,8,4,8117976,2,"Australia","New South Wales",NA,"5c4dd6e0"
"NT",2020-07-31,32,0,24538,32,30,1,0,0,245562,2,"Australia","Northern Territory",NA,"a079fdb2"
"QLD",2020-07-31,1083,6,535844,1083,1066,5,0,0,5115451,2,"Australia","Queensland",NA,"36068882"
"SA",2020-07-31,450,4,237766,450,443,0,0,0,1756494,2,"Australia","South Australia",NA,"165128d0"
"TAS",2020-07-31,229,13,68905,229,216,1,0,0,535500,2,"Australia","Tasmania",NA,"86525f8e"
"VIC",2020-07-31,10577,113,1608452,10577,4479,349,36,23,6629870,2,"Australia","Victoria",NA,"6c5dccdb"
"WA",2020-07-31,640,9,249789,640,622,0,0,0,2630557,2,"Australia","Western Australia",NA,"1f999f12"
"ACT",2020-08-01,113,3,51714,113,110,0,0,0,428060,2,"Australia","Australian Capital Territory",NA,"f42f23e3"
"NSW",2020-08-01,3773,50,1485613,3773,2801,13,9,4,8117976,2,"Australia","New South Wales",NA,"5c4dd6e0"
"NT",2020-08-01,33,0,24915,33,30,3,0,0,245562,2,"Australia","Northern Territory",NA,"a079fdb2"
"QLD",2020-08-01,1084,6,549547,1084,1066,6,0,0,5115451,2,"Australia","Queensland",NA,"36068882"
"SA",2020-08-01,451,4,242141,451,443,0,0,0,1756494,2,"Australia","South Australia",NA,"165128d0"
"TAS",2020-08-01,229,13,69552,229,216,0,0,0,535500,2,"Australia","Tasmania",NA,"86525f8e"
"VIC",2020-08-01,10931,116,1633953,10931,4696,379,41,24,6629870,2,"Australia","Victoria",NA,"6c5dccdb"
"WA",2020-08-01,640,9,249789,640,620,0,0,0,2630557,2,"Australia","Western Australia",NA,"1f999f12"
"ACT",2020-08-02,113,3,52639,113,110,0,0,0,428060,2,"Australia","Australian Capital Territory",NA,"f42f23e3"
"NSW",2020-08-02,3784,50,1508040,3784,2802,13,8,4,8117976,2,"Australia","New South Wales",NA,"5c4dd6e0"
"NT",2020-08-02,33,0,25211,33,30,3,0,0,245562,2,"Australia","Northern Territory",NA,"a079fdb2"
"QLD",2020-08-02,1085,6,560607,1085,1066,7,0,0,5115451,2,"Australia","Queensland",NA,"36068882"
"SA",2020-08-02,453,4,246160,453,443,0,0,0,1756494,2,"Australia","South Australia",NA,"165128d0"
"TAS",2020-08-02,229,13,69983,229,216,0,0,0,535500,2,"Australia","Tasmania",NA,"86525f8e"
"VIC",2020-08-02,11557,123,1651953,11557,4915,385,38,26,6629870,2,"Australia","Victoria",NA,"6c5dccdb"
"WA",2020-08-02,641,9,249789,641,624,0,0,0,2630557,2,"Australia","Western Australia",NA,"1f999f12"
"ACT",2020-08-03,113,3,53182,113,110,0,0,0,428060,2,"Australia","Australian Capital Territory",NA,"f42f23e3"
"NSW",2020-08-03,3797,50,1526863,3797,2802,13,8,5,8117976,2,"Australia","New South Wales",NA,"5c4dd6e0"
"NT",2020-08-03,33,0,25351,33,30,3,0,0,245562,2,"Australia","Northern Territory",NA,"a079fdb2"
"QLD",2020-08-03,1085,6,569392,1085,1067,7,0,0,5115451,2,"Australia","Queensland",NA,"36068882"
"SA",2020-08-03,455,4,250229,455,443,0,0,0,1756494,2,"Australia","South Australia",NA,"165128d0"
"TAS",2020-08-03,229,13,70359,229,216,0,0,0,535500,2,"Australia","Tasmania",NA,"86525f8e"
"VIC",2020-08-03,11937,136,1676953,11937,5111,416,35,26,6629870,2,"Australia","Victoria",NA,"6c5dccdb"
"WA",2020-08-03,641,9,257582,641,624,0,0,0,2630557,2,"Australia","Western Australia",NA,"1f999f12"
"ACT",2020-08-04,113,3,53678,113,110,0,0,0,428060,2,"Australia","Australian Capital Territory",NA,"f42f23e3"
"NSW",2020-08-04,3809,50,1539739,3809,2802,17,6,5,8117976,2,"Australia","New South Wales",NA,"5c4dd6e0"
"NT",2020-08-04,33,0,25550,33,30,3,0,0,245562,2,"Australia","Northern Territory",NA,"a079fdb2"
"QLD",2020-08-04,1085,6,581286,1085,1067,7,0,0,5115451,2,"Australia","Queensland",NA,"36068882"
"SA",2020-08-04,457,4,252855,457,443,0,0,0,1756494,2,"Australia","South Australia",NA,"165128d0"
"TAS",2020-08-04,229,13,70931,229,216,0,0,0,535500,2,"Australia","Tasmania",NA,"86525f8e"
"VIC",2020-08-04,12335,147,1697953,12335,5283,456,38,0,6629870,2,"Australia","Victoria",NA,"6c5dccdb"
"WA",2020-08-04,641,9,259625,641,626,0,0,0,2630557,2,"Australia","Western Australia",NA,"1f999f12"
"ACT",2020-08-05,113,3,54336,113,110,0,0,0,428060,2,"Australia","Australian Capital Territory",NA,"f42f23e3"
"NSW",2020-08-05,3820,50,1561826,3820,2802,20,9,6,8117976,2,"Australia","New South Wales",NA,"5c4dd6e0"
"NT",2020-08-05,33,0,26014,33,30,3,0,0,245562,2,"Australia","Northern Territory",NA,"a079fdb2"
"QLD",2020-08-05,1088,6,595001,1088,1069,5,0,0,5115451,2,"Australia","Queensland",NA,"36068882"
"SA",2020-08-05,456,4,258408,456,444,0,0,0,1756494,2,"Australia","South Australia",NA,"165128d0"
"TAS",2020-08-05,229,13,71467,229,216,0,0,0,535500,2,"Australia","Tasmania",NA,"86525f8e"
"VIC",2020-08-05,13035,162,1721953,13035,5424,538,42,30,6629870,2,"Australia","Victoria",NA,"6c5dccdb"
"WA",2020-08-05,642,9,263076,642,626,0,0,0,2630557,2,"Australia","Western Australia",NA,"1f999f12"
"ACT",2020-08-06,113,3,56007,113,110,0,0,0,428060,2,"Australia","Australian Capital Territory",NA,"f42f23e3"
"NSW",2020-08-06,3832,50,1589861,3832,2802,16,10,4,8117976,2,"Australia","New South Wales",NA,"5c4dd6e0"
"NT",2020-08-06,33,0,26563,33,30,3,0,0,245562,2,"Australia","Northern Territory",NA,"a079fdb2"
"QLD",2020-08-06,1088,6,609607,1088,1069,6,0,0,5115451,2,"Australia","Queensland",NA,"36068882"
"SA",2020-08-06,457,4,264410,457,445,0,0,0,1756494,2,"Australia","South Australia",NA,"165128d0"
"TAS",2020-08-06,229,13,72474,229,216,0,0,0,535500,2,"Australia","Tasmania",NA,"86525f8e"
"VIC",2020-08-06,13469,170,1746953,13469,5628,575,42,30,6629870,2,"Australia","Victoria",NA,"6c5dccdb"
"WA",2020-08-06,642,9,266214,642,626,0,0,0,2630557,2,"Australia","Western Australia",NA,"1f999f12"
"ACT",2020-08-07,113,3,56219,113,110,0,0,0,428060,2,"Australia","Australian Capital Territory",NA,"f42f23e3"
"NSW",2020-08-07,3842,50,1617799,3842,2802,15,10,5,8117976,2,"Australia","New South Wales",NA,"5c4dd6e0"
"NT",2020-08-07,33,0,27125,33,30,3,0,0,245562,2,"Australia","Northern Territory",NA,"a079fdb2"
"QLD",2020-08-07,1088,6,638011,1088,1069,6,0,0,5115451,2,"Australia","Queensland",NA,"36068882"
"SA",2020-08-07,459,4,270926,459,445,1,0,0,1756494,2,"Australia","South Australia",NA,"165128d0"
"TAS",2020-08-07,229,13,73251,229,216,0,0,0,535500,2,"Australia","Tasmania",NA,"86525f8e"
"VIC",2020-08-07,13867,181,1771953,13867,5829,607,41,28,6629870,2,"Australia","Victoria",NA,"6c5dccdb"
"WA",2020-08-07,642,9,268742,642,627,0,0,0,2630557,2,"Australia","Western Australia",NA,"1f999f12"
"ACT",2020-08-08,113,3,56723,113,110,0,0,0,428060,2,"Australia","Australian Capital Territory",NA,"f42f23e3"
"NSW",2020-08-08,3851,50,1642220,3851,2802,15,9,6,8117976,2,"Australia","New South Wales",NA,"5c4dd6e0"
"NT",2020-08-08,33,0,27618,33,30,3,0,0,245562,2,"Australia","Northern Territory",NA,"a079fdb2"
"QLD",2020-08-08,1088,6,656876,1088,1069,4,0,0,5115451,2,"Australia","Queensland",NA,"36068882"
"SA",2020-08-08,459,4,278180,459,446,1,0,0,1756494,2,"Australia","South Australia",NA,"165128d0"
"TAS",2020-08-08,229,13,73895,229,216,0,0,0,535500,2,"Australia","Tasmania",NA,"86525f8e"
"VIC",2020-08-08,14283,193,1759969,14283,6066,636,44,29,6629870,2,"Australia","Victoria",NA,"6c5dccdb"
"WA",2020-08-08,642,9,268742,642,628,0,0,0,2630557,2,"Australia","Western Australia",NA,"1f999f12"
"ACT",2020-08-09,113,3,57290,113,110,0,0,0,428060,2,"Australia","Australian Capital Territory",NA,"f42f23e3"
"NSW",2020-08-09,3861,50,1673901,3861,2802,17,8,6,8117976,2,"Australia","New South Wales",NA,"5c4dd6e0"
"NT",2020-08-09,33,0,27946,33,30,3,0,0,245562,2,"Australia","Northern Territory",NA,"a079fdb2"
"QLD",2020-08-09,1088,6,668751,1088,1069,4,0,0,5115451,2,"Australia","Queensland",NA,"36068882"
"SA",2020-08-09,459,4,285214,459,446,1,0,0,1756494,2,"Australia","South Australia",NA,"165128d0"
"TAS",2020-08-09,229,13,74185,229,216,0,0,0,535500,2,"Australia","Tasmania",NA,"86525f8e"
"VIC",2020-08-09,14659,209,1801385,14659,6378,634,43,26,6629870,2,"Australia","Victoria",NA,"6c5dccdb"
"WA",2020-08-09,642,9,268742,642,629,0,0,0,2630557,2,"Australia","Western Australia",NA,"1f999f12"
"ACT",2020-08-10,113,3,59852,113,110,0,0,0,428060,2,"Australia","Australian Capital Territory",NA,"f42f23e3"
"NSW",2020-08-10,3875,50,1693821,3875,2802,17,8,6,8117976,2,"Australia","New South Wales",NA,"5c4dd6e0"
"NT",2020-08-10,33,0,28123,33,30,3,0,0,245562,2,"Australia","Northern Territory",NA,"a079fdb2"
"QLD",2020-08-10,1089,6,677300,1089,1072,4,0,0,5115451,2,"Australia","Queensland",NA,"36068882"
"SA",2020-08-10,459,4,289707,459,447,0,0,0,1756494,2,"Australia","South Australia",NA,"165128d0"
"TAS",2020-08-10,229,13,74585,229,216,0,0,0,535500,2,"Australia","Tasmania",NA,"86525f8e"
"VIC",2020-08-10,14957,227,1820598,14957,6642,640,47,31,6629870,2,"Australia","Victoria",NA,"6c5dccdb"
"WA",2020-08-10,642,9,274560,642,630,0,0,0,2630557,2,"Australia","Western Australia",NA,"1f999f12"
"ACT",2020-08-11,113,3,60508,113,110,0,0,0,428060,2,"Australia","Australian Capital Territory",NA,"f42f23e3"
"NSW",2020-08-11,3897,50,1707078,3897,2802,17,8,6,8117976,2,"Australia","New South Wales",NA,"5c4dd6e0"
"NT",2020-08-11,33,0,28496,33,31,2,0,0,245562,2,"Australia","Northern Territory",NA,"a079fdb2"
"QLD",2020-08-11,1089,6,683824,1089,1075,4,0,0,5115451,2,"Australia","Queensland",NA,"36068882"
"SA",2020-08-11,459,4,294036,459,447,0,0,0,1756494,2,"Australia","South Australia",NA,"165128d0"
"TAS",2020-08-11,230,13,74963,230,216,0,0,0,535500,2,"Australia","Tasmania",NA,"86525f8e"
"VIC",2020-08-11,15251,246,1854688,15251,6889,650,51,27,6629870,2,"Australia","Victoria",NA,"6c5dccdb"
"WA",2020-08-11,642,9,276579,642,630,0,0,0,2630557,2,"Australia","Western Australia",NA,"1f999f12"
"ACT",2020-08-12,113,3,61255,113,110,0,0,0,428060,2,"Australia","Australian Capital Territory",NA,"f42f23e3"
"NSW",2020-08-12,3915,50,1727182,3915,2802,17,8,7,8117976,2,"Australia","New South Wales",NA,"5c4dd6e0"
"NT",2020-08-12,33,0,29045,33,31,2,0,0,245562,2,"Australia","Northern Territory",NA,"a079fdb2"
"QLD",2020-08-12,1089,6,693707,1089,1076,4,0,0,5115451,2,"Australia","Queensland",NA,"36068882"
"SA",2020-08-12,459,4,299549,459,449,0,0,0,1756494,2,"Australia","South Australia",NA,"165128d0"
"TAS",2020-08-12,230,13,75875,230,216,1,0,0,535500,2,"Australia","Tasmania",NA,"86525f8e"
"VIC",2020-08-12,15646,267,1874615,15646,7271,662,43,25,6629870,2,"Australia","Victoria",NA,"6c5dccdb"
"WA",2020-08-12,642,9,280116,642,632,0,0,0,2630557,2,"Australia","Western Australia",NA,"1f999f12"
"ACT",2020-08-13,113,3,62424,113,110,0,0,0,428060,2,"Australia","Australian Capital Territory",NA,"f42f23e3"
"NSW",2020-08-13,3927,51,1751803,3927,2802,15,7,6,8117976,2,"Australia","New South Wales",NA,"5c4dd6e0"
"NT",2020-08-13,33,0,29474,33,31,2,0,0,245562,2,"Australia","Northern Territory",NA,"a079fdb2"
"QLD",2020-08-13,1089,6,705622,1089,1076,4,0,0,5115451,2,"Australia","Queensland",NA,"36068882"
"SA",2020-08-13,459,4,305055,459,449,0,0,0,1756494,2,"Australia","South Australia",NA,"165128d0"
"TAS",2020-08-13,230,13,76837,230,216,1,0,0,535500,2,"Australia","Tasmania",NA,"86525f8e"
"VIC",2020-08-13,15863,275,1895566,15863,7493,664,37,25,6629870,2,"Australia","Victoria",NA,"6c5dccdb"
"WA",2020-08-13,644,9,283004,644,632,0,0,0,2630557,2,"Australia","Western Australia",NA,"1f999f12"
"ACT",2020-08-14,113,3,63631,113,110,0,0,0,428060,2,"Australia","Australian Capital Territory",NA,"f42f23e3"
"NSW",2020-08-14,3936,51,1781499,3936,2802,14,6,5,8117976,2,"Australia","New South Wales",NA,"5c4dd6e0"
"NT",2020-08-14,33,0,29883,33,31,2,0,0,245562,2,"Australia","Northern Territory",NA,"a079fdb2"
"QLD",2020-08-14,1091,6,716420,1091,1076,3,0,0,5115451,2,"Australia","Queensland",NA,"36068882"
"SA",2020-08-14,460,4,311863,460,449,0,0,0,1756494,2,"Australia","South Australia",NA,"165128d0"
"TAS",2020-08-14,230,13,77576,230,216,1,0,0,535500,2,"Australia","Tasmania",NA,"86525f8e"
"VIC",2020-08-14,16234,289,1914474,16234,7842,659,41,26,6629870,2,"Australia","Victoria",NA,"6c5dccdb"
"WA",2020-08-14,645,9,285068,645,632,0,0,0,2630557,2,"Australia","Western Australia",NA,"1f999f12"
"ACT",2020-08-15,113,3,64828,113,110,0,0,0,428060,2,"Australia","Australian Capital Territory",NA,"f42f23e3"
"NSW",2020-08-15,3945,51,1808887,3945,2802,16,7,5,8117976,2,"Australia","New South Wales",NA,"5c4dd6e0"
"NT",2020-08-15,33,0,30369,33,33,2,0,0,245562,2,"Australia","Northern Territory",NA,"a079fdb2"
"QLD",2020-08-15,1091,6,722095,1091,1079,3,0,0,5115451,2,"Australia","Queensland",NA,"36068882"
"SA",2020-08-15,460,4,316425,460,449,0,0,0,1756494,2,"Australia","South Australia",NA,"165128d0"
"TAS",2020-08-15,230,13,78376,230,216,1,0,0,535500,2,"Australia","Tasmania",NA,"86525f8e"
"VIC",2020-08-15,16517,293,1937736,16517,8121,661,41,28,6629870,2,"Australia","Victoria",NA,"6c5dccdb"
"WA",2020-08-15,646,9,285068,646,632,0,0,0,2630557,2,"Australia","Western Australia",NA,"1f999f12"
"ACT",2020-08-16,113,3,65008,113,110,0,0,0,428060,2,"Australia","Australian Capital Territory",NA,"f42f23e3"
"NSW",2020-08-16,3950,52,1832980,3950,2802,14,7,5,8117976,2,"Australia","New South Wales",NA,"5c4dd6e0"
"NT",2020-08-16,33,0,30527,33,33,0,0,0,245562,2,"Australia","Northern Territory",NA,"a079fdb2"
"QLD",2020-08-16,1091,6,725394,1091,1079,3,0,0,5115451,2,"Australia","Queensland",NA,"36068882"
"SA",2020-08-16,461,4,320526,461,450,0,0,0,1756494,2,"Australia","South Australia",NA,"165128d0"
"TAS",2020-08-16,230,13,78753,230,216,1,0,0,535500,2,"Australia","Tasmania",NA,"86525f8e"
"VIC",2020-08-16,16764,309,1959302,16764,8570,662,40,29,6629870,2,"Australia","Victoria",NA,"6c5dccdb"
"WA",2020-08-16,646,9,285068,646,633,0,0,0,2630557,2,"Australia","Western Australia",NA,"1f999f12"
"ACT",2020-08-17,113,3,65008,113,110,0,0,0,428060,2,"Australia","Australian Capital Territory",NA,"f42f23e3"
"NSW",2020-08-17,3957,52,1843786,3957,2802,13,7,5,8117976,2,"Australia","New South Wales",NA,"5c4dd6e0"
"NT",2020-08-17,33,0,30724,33,33,0,0,0,245562,2,"Australia","Northern Territory",NA,"a079fdb2"
"QLD",2020-08-17,1091,6,727913,1091,1079,3,0,0,5115451,2,"Australia","Queensland",NA,"36068882"
"SA",2020-08-17,462,4,323111,462,450,0,0,0,1756494,2,"Australia","South Australia",NA,"165128d0"
"TAS",2020-08-17,230,13,79127,230,216,1,0,0,535500,2,"Australia","Tasmania",NA,"86525f8e"
"VIC",2020-08-17,17027,334,1975030,17027,9023,657,44,32,6629870,2,"Australia","Victoria",NA,"6c5dccdb"
"WA",2020-08-17,646,9,291398,646,633,0,0,0,2630557,2,"Australia","Western Australia",NA,"1f999f12"
"ACT",2020-08-18,113,3,65008,113,110,0,0,0,428060,2,"Australia","Australian Capital Territory",NA,"f42f23e3"
"NSW",2020-08-18,3959,52,1857522,3959,2802,13,7,5,8117976,2,"Australia","New South Wales",NA,"5c4dd6e0"
"NT",2020-08-18,33,0,31052,33,33,0,0,0,245562,2,"Australia","Northern Territory",NA,"a079fdb2"
"QLD",2020-08-18,1091,6,735640,1091,1079,3,0,0,5115451,2,"Australia","Queensland",NA,"36068882"
"SA",2020-08-18,462,4,326109,462,450,0,0,0,1756494,2,"Australia","South Australia",NA,"165128d0"
"TAS",2020-08-18,230,13,79469,230,216,1,0,0,535500,2,"Australia","Tasmania",NA,"86525f8e"
"VIC",2020-08-18,17238,351,1992521,17238,9413,665,45,32,6629870,2,"Australia","Victoria",NA,"6c5dccdb"
"WA",2020-08-18,647,9,293292,647,633,0,0,0,2630557,2,"Australia","Western Australia",NA,"1f999f12"
"ACT",2020-08-19,113,3,67514,113,110,0,0,0,428060,2,"Australia","Australian Capital Territory",NA,"f42f23e3"
"NSW",2020-08-19,3966,52,1876936,3966,2802,15,8,5,8117976,2,"Australia","New South Wales",NA,"5c4dd6e0"
"NT",2020-08-19,33,0,31448,33,33,0,0,0,245562,2,"Australia","Northern Territory",NA,"a079fdb2"
"QLD",2020-08-19,1092,6,747180,1092,1079,3,0,0,5115451,2,"Australia","Queensland",NA,"36068882"
"SA",2020-08-19,462,4,331732,462,452,0,0,0,1756494,2,"Australia","South Australia",NA,"165128d0"
"TAS",2020-08-19,230,13,80253,230,216,1,0,0,535500,2,"Australia","Tasmania",NA,"86525f8e"
"VIC",2020-08-19,17446,363,2008630,17446,9729,675,45,29,6629870,2,"Australia","Victoria",NA,"6c5dccdb"
"WA",2020-08-19,651,9,296802,651,633,0,0,0,2630557,2,"Australia","Western Australia",NA,"1f999f12"
"ACT",2020-08-20,113,3,68274,113,110,0,0,0,428060,2,"Australia","Australian Capital Territory",NA,"f42f23e3"
"NSW",2020-08-20,3971,52,1905703,3971,2802,16,8,5,8117976,2,"Australia","New South Wales",NA,"5c4dd6e0"
"NT",2020-08-20,33,0,31866,33,33,0,0,0,245562,2,"Australia","Northern Territory",NA,"a079fdb2"
"QLD",2020-08-20,1093,6,756977,1093,1081,5,0,0,5115451,2,"Australia","Queensland",NA,"36068882"
"SA",2020-08-20,462,4,337004,462,452,0,0,0,1756494,2,"Australia","South Australia",NA,"165128d0"
"TAS",2020-08-20,230,13,81061,230,216,1,0,0,535500,2,"Australia","Tasmania",NA,"86525f8e"
"VIC",2020-08-20,17683,376,2028909,17683,12334,622,43,28,6629870,2,"Australia","Victoria",NA,"6c5dccdb"
"WA",2020-08-20,651,9,299037,651,633,0,0,0,2630557,2,"Australia","Western Australia",NA,"1f999f12"
"ACT",2020-08-21,113,3,69245,113,110,0,0,0,428060,2,"Australia","Australian Capital Territory",NA,"f42f23e3"
"NSW",2020-08-21,3972,52,1938283,3972,2802,16,7,6,8117976,2,"Australia","New South Wales",NA,"5c4dd6e0"
"NT",2020-08-21,33,0,32215,33,33,0,0,0,245562,2,"Australia","Northern Territory",NA,"a079fdb2"
"QLD",2020-08-21,1094,6,766099,1094,1082,4,0,0,5115451,2,"Australia","Queensland",NA,"36068882"
"SA",2020-08-21,462,4,341542,462,452,0,0,0,1756494,2,"Australia","South Australia",NA,"165128d0"
"TAS",2020-08-21,230,13,81645,230,216,1,0,0,535500,2,"Australia","Tasmania",NA,"86525f8e"
"VIC",2020-08-21,17852,385,2049235,17852,12940,626,40,25,6629870,2,"Australia","Victoria",NA,"6c5dccdb"
"WA",2020-08-21,651,9,301716,651,633,0,0,0,2630557,2,"Australia","Western Australia",NA,"1f999f12"
"ACT",2020-08-22,113,3,69917,113,110,0,0,0,428060,2,"Australia","Australian Capital Territory",NA,"f42f23e3"
"NSW",2020-08-22,3981,52,1969093,3981,2802,15,7,5,8117976,2,"Australia","New South Wales",NA,"5c4dd6e0"
"NT",2020-08-22,33,0,32355,33,33,0,0,0,245562,2,"Australia","Northern Territory",NA,"a079fdb2"
"QLD",2020-08-22,1103,6,775546,1103,1082,5,0,0,5115451,2,"Australia","Queensland",NA,"36068882"
"SA",2020-08-22,462,4,345833,462,452,0,0,0,1756494,2,"Australia","South Australia",NA,"165128d0"
"TAS",2020-08-22,230,13,82636,230,216,1,0,0,535500,2,"Australia","Tasmania",NA,"86525f8e"
"VIC",2020-08-22,18029,398,2070581,18029,13239,610,36,22,6629870,2,"Australia","Victoria",NA,"6c5dccdb"
"WA",2020-08-22,651,9,301716,651,633,0,0,0,2630557,2,"Australia","Western Australia",NA,"1f999f12"
"ACT",2020-08-23,113,3,70247,113,110,0,0,0,428060,2,"Australia","Australian Capital Territory",NA,"f42f23e3"
"NSW",2020-08-23,3985,52,1995573,3985,2802,13,7,5,8117976,2,"Australia","New South Wales",NA,"5c4dd6e0"
"NT",2020-08-23,33,0,32558,33,33,0,0,0,245562,2,"Australia","Northern Territory",NA,"a079fdb2"
"QLD",2020-08-23,1105,6,782421,1105,1082,5,0,0,5115451,2,"Australia","Queensland",NA,"36068882"
"SA",2020-08-23,463,4,349802,463,456,0,0,0,1756494,2,"Australia","South Australia",NA,"165128d0"
"TAS",2020-08-23,230,13,82942,230,216,1,0,0,535500,2,"Australia","Tasmania",NA,"86525f8e"
"VIC",2020-08-23,18231,415,2091328,18231,13708,585,32,21,6629870,2,"Australia","Victoria",NA,"6c5dccdb"
"WA",2020-08-23,652,9,301716,652,634,0,0,0,2630557,2,"Australia","Western Australia",NA,"1f999f12"
"ACT",2020-08-24,113,3,70582,113,110,0,0,0,428060,2,"Australia","Australian Capital Territory",NA,"f42f23e3"
"NSW",2020-08-24,3988,52,2016293,3988,2802,14,7,5,8117976,2,"Australia","New South Wales",NA,"5c4dd6e0"
"NT",2020-08-24,33,0,33056,33,33,0,0,0,245562,2,"Australia","Northern Territory",NA,"a079fdb2"
"QLD",2020-08-24,1106,6,789255,1106,1082,15,0,0,5115451,2,"Australia","Queensland",NA,"36068882"
"SA",2020-08-24,463,4,351607,463,456,0,0,0,1756494,2,"Australia","South Australia",NA,"165128d0"
"TAS",2020-08-24,230,13,83305,230,216,1,0,0,535500,2,"Australia","Tasmania",NA,"86525f8e"
"VIC",2020-08-24,18330,430,2106139,18330,14077,629,31,17,6629870,2,"Australia","Victoria",NA,"6c5dccdb"
"WA",2020-08-24,653,9,307797,653,635,0,0,0,2630557,2,"Australia","Western Australia",NA,"1f999f12"
"ACT",2020-08-25,113,3,71506,113,110,0,0,0,428060,2,"Australia","Australian Capital Territory",NA,"f42f23e3"
"NSW",2020-08-25,3991,52,2026668,3991,2802,10,7,4,8117976,2,"Australia","New South Wales",NA,"5c4dd6e0"
"NT",2020-08-25,33,0,33393,33,33,0,0,0,245562,2,"Australia","Northern Territory",NA,"a079fdb2"
"QLD",2020-08-25,1106,6,797314,1106,1082,16,0,0,5115451,2,"Australia","Queensland",NA,"36068882"
"SA",2020-08-25,463,4,354497,463,456,0,0,0,1756494,2,"Australia","South Australia",NA,"165128d0"
"TAS",2020-08-25,230,13,83661,230,216,1,0,0,535500,2,"Australia","Tasmania",NA,"86525f8e"
"VIC",2020-08-25,18464,438,2119199,18464,14288,617,35,19,6629870,2,"Australia","Victoria",NA,"6c5dccdb"
"WA",2020-08-25,653,9,328471,653,635,0,0,0,2630557,2,"Australia","Western Australia",NA,"1f999f12"
"ACT",2020-08-26,113,3,72457,113,110,0,0,0,428060,2,"Australia","Australian Capital Territory",NA,"f42f23e3"
"NSW",2020-08-26,3997,52,2052542,3997,2802,10,7,4,8117976,2,"Australia","New South Wales",NA,"5c4dd6e0"
"NT",2020-08-26,33,0,33855,33,33,0,0,0,245562,2,"Australia","Northern Territory",NA,"a079fdb2"
"QLD",2020-08-26,1108,6,818170,1108,1083,14,0,0,5115451,2,"Australia","Queensland",NA,"36068882"
"SA",2020-08-26,463,4,359926,463,456,0,0,0,1756494,2,"Australia","South Australia",NA,"165128d0"
"TAS",2020-08-26,230,13,84598,230,216,1,0,0,535500,2,"Australia","Tasmania",NA,"86525f8e"
"VIC",2020-08-26,18608,462,2132679,18608,14572,578,39,16,6629870,2,"Australia","Victoria",NA,"6c5dccdb"
"WA",2020-08-26,653,9,332185,653,636,0,0,0,2630557,2,"Australia","Western Australia",NA,"1f999f12"
"ACT",2020-08-27,113,3,73298,113,110,0,0,0,428060,2,"Australia","Australian Capital Territory",NA,"f42f23e3"
"NSW",2020-08-27,4006,52,2082715,4006,2802,11,6,4,8117976,2,"Australia","New South Wales",NA,"5c4dd6e0"
"NT",2020-08-27,33,0,34311,33,33,0,0,0,245562,2,"Australia","Northern Territory",NA,"a079fdb2"
"QLD",2020-08-27,1110,6,837950,1110,1083,14,0,0,5115451,2,"Australia","Queensland",NA,"36068882"
"SA",2020-08-27,463,4,365116,463,456,0,0,0,1756494,2,"Australia","South Australia",NA,"165128d0"
"TAS",2020-08-27,230,13,85384,230,216,1,0,0,535500,2,"Australia","Tasmania",NA,"86525f8e"
"VIC",2020-08-27,18714,484,2158149,18714,14837,532,29,11,6629870,2,"Australia","Victoria",NA,"6c5dccdb"
"WA",2020-08-27,653,9,335757,653,637,0,0,0,2630557,2,"Australia","Western Australia",NA,"1f999f12"
"ACT",2020-08-28,113,3,74073,113,110,0,0,0,428060,2,"Australia","Australian Capital Territory",NA,"f42f23e3"
"NSW",2020-08-28,4019,52,2112997,4019,2802,12,6,4,8117976,2,"Australia","New South Wales",NA,"5c4dd6e0"
"NT",2020-08-28,33,0,34710,33,33,0,0,0,245562,2,"Australia","Northern Territory",NA,"a079fdb2"
"QLD",2020-08-28,1113,6,859603,1113,1084,17,0,0,5115451,2,"Australia","Queensland",NA,"36068882"
"SA",2020-08-28,463,4,369379,463,458,0,0,0,1756494,2,"Australia","South Australia",NA,"165128d0"
"TAS",2020-08-28,230,13,86059,230,216,1,0,0,535500,2,"Australia","Tasmania",NA,"86525f8e"
"VIC",2020-08-28,18822,495,2178012,18822,15101,513,29,17,6629870,2,"Australia","Victoria",NA,"6c5dccdb"
"WA",2020-08-28,655,9,337403,655,637,0,0,0,2630557,2,"Australia","Western Australia",NA,"1f999f12"
"ACT",2020-08-29,113,3,74784,113,110,0,0,0,428060,2,"Australia","Australian Capital Territory",NA,"f42f23e3"
"NSW",2020-08-29,4033,52,2137629,4033,2802,10,6,4,8117976,2,"Australia","New South Wales",NA,"5c4dd6e0"
"NT",2020-08-29,33,0,35119,33,33,0,0,0,245562,2,"Australia","Northern Territory",NA,"a079fdb2"
"QLD",2020-08-29,1117,6,878366,1117,1084,18,0,0,5115451,2,"Australia","Queensland",NA,"36068882"
"SA",2020-08-29,463,4,373451,463,458,0,0,0,1756494,2,"Australia","South Australia",NA,"165128d0"
"TAS",2020-08-29,230,13,86913,230,216,1,0,0,535500,2,"Australia","Tasmania",NA,"86525f8e"
"VIC",2020-08-29,18903,513,2196126,18903,15324,481,26,17,6629870,2,"Australia","Victoria",NA,"6c5dccdb"
"WA",2020-08-29,655,9,337403,655,637,0,0,0,2630557,2,"Australia","Western Australia",NA,"1f999f12"
"ACT",2020-08-30,113,3,74969,113,110,0,0,0,428060,2,"Australia","Australian Capital Territory",NA,"f42f23e3"
"NSW",2020-08-30,4040,52,2157255,4040,2802,9,6,4,8117976,2,"Australia","New South Wales",NA,"5c4dd6e0"
"NT",2020-08-30,33,0,35377,33,33,0,0,0,245562,2,"Australia","Northern Territory",NA,"a079fdb2"
"QLD",2020-08-30,1121,6,888924,1121,1084,19,0,0,5115451,2,"Australia","Queensland",NA,"36068882"
"SA",2020-08-30,463,4,376562,463,458,0,0,0,1756494,2,"Australia","South Australia",NA,"165128d0"
"TAS",2020-08-30,230,13,87292,230,216,1,0,0,535500,2,"Australia","Tasmania",NA,"86525f8e"
"VIC",2020-08-30,19015,524,2210447,19015,15580,472,25,11,6629870,2,"Australia","Victoria",NA,"6c5dccdb"
"WA",2020-08-30,655,9,337403,655,641,0,0,0,2630557,2,"Australia","Western Australia",NA,"1f999f12"
"ACT",2020-08-31,113,3,76109,113,110,0,0,0,428060,2,"Australia","Australian Capital Territory",NA,"f42f23e3"
"NSW",2020-08-31,4050,52,2171487,4050,2802,9,6,4,8117976,2,"Australia","New South Wales",NA,"5c4dd6e0"
"NT",2020-08-31,33,0,35598,33,33,0,0,0,245562,2,"Australia","Northern Territory",NA,"a079fdb2"
"QLD",2020-08-31,1122,6,895789,1122,1084,18,0,0,5115451,2,"Australia","Queensland",NA,"36068882"
"SA",2020-08-31,463,4,377651,463,458,0,0,0,1756494,2,"Australia","South Australia",NA,"165128d0"
"TAS",2020-08-31,230,13,87718,230,216,1,0,0,535500,2,"Australia","Tasmania",NA,"86525f8e"
"VIC",2020-08-31,19080,565,2224887,19080,15814,453,21,13,6629870,2,"Australia","Victoria",NA,"6c5dccdb"
"WA",2020-08-31,655,9,345214,655,641,0,0,0,2630557,2,"Australia","Western Australia",NA,"1f999f12"
"ACT",2020-09-01,113,3,77563,113,110,0,0,0,428060,2,"Australia","Australian Capital Territory",NA,"f42f23e3"
"NSW",2020-09-01,4063,52,2186337,4063,2802,10,6,3,8117976,2,"Australia","New South Wales",NA,"5c4dd6e0"
"NT",2020-09-01,33,0,35987,33,33,0,0,0,245562,2,"Australia","Northern Territory",NA,"a079fdb2"
"QLD",2020-09-01,1124,6,903278,1124,1084,18,0,0,5115451,2,"Australia","Queensland",NA,"36068882"
"SA",2020-09-01,463,4,381219,463,458,0,0,0,1756494,2,"Australia","South Australia",NA,"165128d0"
"TAS",2020-09-01,230,13,88073,230,216,1,0,0,535500,2,"Australia","Tasmania",NA,"86525f8e"
"VIC",2020-09-01,19138,570,2235040,19138,15967,421,20,7,6629870,2,"Australia","Victoria",NA,"6c5dccdb"
"WA",2020-09-01,655,9,348335,655,641,0,0,0,2630557,2,"Australia","Western Australia",NA,"1f999f12"
"ACT",2020-09-02,113,3,79215,113,110,0,0,0,428060,2,"Australia","Australian Capital Territory",NA,"f42f23e3"
"NSW",2020-09-02,4079,52,2206385,4079,2802,10,5,3,8117976,2,"Australia","New South Wales",NA,"5c4dd6e0"
"NT",2020-09-02,33,0,36364,33,33,0,0,0,245562,2,"Australia","Northern Territory",NA,"a079fdb2"
"QLD",2020-09-02,1126,6,921429,1126,1084,16,0,0,5115451,2,"Australia","Queensland",NA,"36068882"
"SA",2020-09-02,463,4,386083,463,459,0,0,0,1756494,2,"Australia","South Australia",NA,"165128d0"
"TAS",2020-09-02,230,13,88884,230,217,1,0,0,535500,2,"Australia","Tasmania",NA,"86525f8e"
"VIC",2020-09-02,19224,576,2248952,19224,16152,406,18,13,6629870,2,"Australia","Victoria",NA,"6c5dccdb"
"WA",2020-09-02,655,9,352483,655,641,0,0,0,2630557,2,"Australia","Western Australia",NA,"1f999f12"
"ACT",2020-09-03,113,3,80670,113,110,0,0,0,428060,2,"Australia","Australian Capital Territory",NA,"f42f23e3"
"NSW",2020-09-03,4091,52,2235992,4091,2802,12,6,3,8117976,2,"Australia","New South Wales",NA,"5c4dd6e0"
"NT",2020-09-03,33,0,36951,33,33,0,0,0,245562,2,"Australia","Northern Territory",NA,"a079fdb2"
"QLD",2020-09-03,1128,6,935702,1128,1086,18,0,0,5115451,2,"Australia","Queensland",NA,"36068882"
"SA",2020-09-03,463,4,390089,463,459,0,0,0,1756494,2,"Australia","South Australia",NA,"165128d0"
"TAS",2020-09-03,230,13,89789,230,217,0,0,0,535500,2,"Australia","Tasmania",NA,"86525f8e"
"VIC",2020-09-03,19336,591,2331261,19336,16370,361,20,15,6629870,2,"Australia","Victoria",NA,"6c5dccdb"
"WA",2020-09-03,655,9,355535,655,643,0,0,0,2630557,2,"Australia","Western Australia",NA,"1f999f12"
"ACT",2020-09-04,113,3,82038,113,110,0,0,0,428060,2,"Australia","Australian Capital Territory",NA,"f42f23e3"
"NSW",2020-09-04,4099,52,2259160,4099,2802,13,7,4,8117976,2,"Australia","New South Wales",NA,"5c4dd6e0"
"NT",2020-09-04,33,0,37457,33,33,0,0,0,245562,2,"Australia","Northern Territory",NA,"a079fdb2"
"QLD",2020-09-04,1128,6,949480,1128,1088,15,0,0,5115451,2,"Australia","Queensland",NA,"36068882"
"SA",2020-09-04,463,4,394052,463,459,0,0,0,1756494,2,"Australia","South Australia",NA,"165128d0"
"TAS",2020-09-04,230,13,90140,230,217,0,0,0,535500,2,"Australia","Tasmania",NA,"86525f8e"
"VIC",2020-09-04,19415,650,2356292,19415,16625,329,20,13,6629870,2,"Australia","Victoria",NA,"6c5dccdb"
"WA",2020-09-04,655,9,358331,655,644,0,0,0,2630557,2,"Australia","Western Australia",NA,"1f999f12"
"ACT",2020-09-05,113,3,83237,113,110,0,0,0,428060,2,"Australia","Australian Capital Territory",NA,"f42f23e3"
"NSW",2020-09-05,4104,52,2289500,4104,2802,14,6,4,8117976,2,"Australia","New South Wales",NA,"5c4dd6e0"
"NT",2020-09-05,33,0,37971,33,33,0,0,0,245562,2,"Australia","Northern Territory",NA,"a079fdb2"
"QLD",2020-09-05,1129,6,960993,1129,1089,14,0,0,5115451,2,"Australia","Queensland",NA,"36068882"
"SA",2020-09-05,464,4,397457,464,459,0,0,0,1756494,2,"Australia","South Australia",NA,"165128d0"
"TAS",2020-09-05,230,13,91187,230,217,0,0,0,535500,2,"Australia","Tasmania",NA,"86525f8e"
"VIC",2020-09-05,19479,661,2372112,19479,16784,298,21,15,6629870,2,"Australia","Victoria",NA,"6c5dccdb"
"WA",2020-09-05,655,9,358331,655,644,0,0,0,2630557,2,"Australia","Western Australia",NA,"1f999f12"
"ACT",2020-09-06,113,3,83593,113,110,0,0,0,428060,2,"Australia","Australian Capital Territory",NA,"f42f23e3"
"NSW",2020-09-06,4114,52,2328026,4114,2802,14,7,4,8117976,2,"Australia","New South Wales",NA,"5c4dd6e0"
"NT",2020-09-06,33,0,38179,33,33,0,0,0,245562,2,"Australia","Northern Territory",NA,"a079fdb2"
"QLD",2020-09-06,1131,6,967055,1131,1089,13,0,0,5115451,2,"Australia","Queensland",NA,"36068882"
"SA",2020-09-06,464,4,400037,464,459,0,0,0,1756494,2,"Australia","South Australia",NA,"165128d0"
"TAS",2020-09-06,230,13,91677,230,217,0,0,0,535500,2,"Australia","Tasmania",NA,"86525f8e"
"VIC",2020-09-06,19538,666,2390450,19538,16921,283,19,16,6629870,2,"Australia","Victoria",NA,"6c5dccdb"
"WA",2020-09-06,656,9,358331,656,644,0,0,0,2630557,2,"Australia","Western Australia",NA,"1f999f12"
"ACT",2020-09-07,113,3,83841,113,110,0,0,0,428060,2,"Australia","Australian Capital Territory",NA,"f42f23e3"
"NSW",2020-09-07,4118,52,2338155,4118,2802,13,7,4,8117976,2,"Australia","New South Wales",NA,"5c4dd6e0"
"NT",2020-09-07,33,0,38544,33,33,0,0,0,245562,2,"Australia","Northern Territory",NA,"a079fdb2"
"QLD",2020-09-07,1133,6,971209,1133,1089,15,0,0,5115451,2,"Australia","Queensland",NA,"36068882"
"SA",2020-09-07,464,4,401471,464,460,0,0,0,1756494,2,"Australia","South Australia",NA,"165128d0"
"TAS",2020-09-07,230,13,91962,230,217,0,0,0,535500,2,"Australia","Tasmania",NA,"86525f8e"
"VIC",2020-09-07,19574,675,2403388,19574,17056,266,25,17,6629870,2,"Australia","Victoria",NA,"6c5dccdb"
"WA",2020-09-07,657,9,364864,657,644,0,0,0,2630557,2,"Australia","Western Australia",NA,"1f999f12"
"ACT",2020-09-08,113,3,84235,113,110,0,0,0,428060,2,"Australia","Australian Capital Territory",NA,"f42f23e3"
"NSW",2020-09-08,4126,52,2350649,4126,2802,13,7,3,8117976,2,"Australia","New South Wales",NA,"5c4dd6e0"
"NT",2020-09-08,33,0,38938,33,33,0,0,0,245562,2,"Australia","Northern Territory",NA,"a079fdb2"
"QLD",2020-09-08,1134,6,978869,1134,1090,12,0,0,5115451,2,"Australia","Queensland",NA,"36068882"
"SA",2020-09-08,465,4,404963,465,461,0,0,0,1756494,2,"Australia","South Australia",NA,"165128d0"
"TAS",2020-09-08,230,13,92521,230,217,0,0,0,535500,2,"Australia","Tasmania",NA,"86525f8e"
"VIC",2020-09-08,19615,683,2412092,19615,17175,238,22,13,6629870,2,"Australia","Victoria",NA,"6c5dccdb"
"WA",2020-09-08,658,9,368130,658,644,0,0,0,2630557,2,"Australia","Western Australia",NA,"1f999f12"
"ACT",2020-09-09,113,3,85045,113,110,0,0,0,428060,2,"Australia","Australian Capital Territory",NA,"f42f23e3"
"NSW",2020-09-09,4135,52,2371501,4135,2802,14,6,3,8117976,2,"Australia","New South Wales",NA,"5c4dd6e0"
"NT",2020-09-09,33,0,39259,33,33,0,0,0,245562,2,"Australia","Northern Territory",NA,"a079fdb2"
"QLD",2020-09-09,1143,6,990944,1143,1091,10,0,0,5115451,2,"Australia","Queensland",NA,"36068882"
"SA",2020-09-09,465,4,409446,465,461,0,0,0,1756494,2,"Australia","South Australia",NA,"165128d0"
"TAS",2020-09-09,230,13,93156,230,217,0,0,0,535500,2,"Australia","Tasmania",NA,"86525f8e"
"VIC",2020-09-09,19688,694,2428778,19688,17311,196,20,12,6629870,2,"Australia","Victoria",NA,"6c5dccdb"
"WA",2020-09-09,658,9,371204,658,646,1,0,0,2630557,2,"Australia","Western Australia",NA,"1f999f12"
"ACT",2020-09-10,113,3,85780,113,110,0,0,0,428060,2,"Australia","Australian Capital Territory",NA,"f42f23e3"
"NSW",2020-09-10,4142,52,2396261,4142,2802,15,6,4,8117976,2,"Australia","New South Wales",NA,"5c4dd6e0"
"NT",2020-09-10,33,0,39769,33,33,0,0,0,245562,2,"Australia","Northern Territory",NA,"a079fdb2"
"QLD",2020-09-10,1143,6,1001084,1143,1091,10,0,0,5115451,2,"Australia","Queensland",NA,"36068882"
"SA",2020-09-10,465,4,413372,465,461,0,0,0,1756494,2,"Australia","South Australia",NA,"165128d0"
"TAS",2020-09-10,230,13,93672,230,217,0,0,0,535500,2,"Australia","Tasmania",NA,"86525f8e"
"VIC",2020-09-10,19728,701,2443583,19728,17484,169,17,11,6629870,2,"Australia","Victoria",NA,"6c5dccdb"
"WA",2020-09-10,659,9,375910,659,646,1,0,0,2630557,2,"Australia","Western Australia",NA,"1f999f12"
"ACT",2020-09-11,113,3,86352,113,110,0,0,0,428060,2,"Australia","Australian Capital Territory",NA,"f42f23e3"
"NSW",2020-09-11,4152,52,2446201,4152,2802,12,6,4,8117976,2,"Australia","New South Wales",NA,"5c4dd6e0"
"NT",2020-09-11,33,0,40153,33,33,0,0,0,245562,2,"Australia","Northern Territory",NA,"a079fdb2"
"QLD",2020-09-11,1145,6,1010300,1145,1094,10,0,0,5115451,2,"Australia","Queensland",NA,"36068882"
"SA",2020-09-11,466,4,416649,466,462,0,0,0,1756494,2,"Australia","South Australia",NA,"165128d0"
"TAS",2020-09-11,230,13,94291,230,217,0,0,0,535500,2,"Australia","Tasmania",NA,"86525f8e"
"VIC",2020-09-11,19767,710,2456924,19767,17661,140,12,8,6629870,2,"Australia","Victoria",NA,"6c5dccdb"
"WA",2020-09-11,659,9,377283,659,646,1,0,0,2630557,2,"Australia","Western Australia",NA,"1f999f12"
"ACT",2020-09-12,113,3,86919,113,110,0,0,0,428060,2,"Australia","Australian Capital Territory",NA,"f42f23e3"
"NSW",2020-09-12,4157,52,2466412,4157,2802,12,6,4,8117976,2,"Australia","New South Wales",NA,"5c4dd6e0"
"NT",2020-09-12,33,0,40715,33,33,0,0,0,245562,2,"Australia","Northern Territory",NA,"a079fdb2"
"QLD",2020-09-12,1148,6,1017965,1148,1096,13,0,0,5115451,2,"Australia","Queensland",NA,"36068882"
"SA",2020-09-12,466,4,420565,466,462,0,0,0,1756494,2,"Australia","South Australia",NA,"165128d0"
"TAS",2020-09-12,230,13,94919,230,217,0,0,0,535500,2,"Australia","Tasmania",NA,"86525f8e"
"VIC",2020-09-12,19800,716,2471377,19800,17771,126,9,6,6629870,2,"Australia","Victoria",NA,"6c5dccdb"
"WA",2020-09-12,659,9,377283,659,646,0,0,0,2630557,2,"Australia","Western Australia",NA,"1f999f12"
"ACT",2020-09-13,113,3,87216,113,110,0,0,0,428060,2,"Australia","Australian Capital Territory",NA,"f42f23e3"
"NSW",2020-09-13,4166,52,2480838,4166,2802,12,6,3,8117976,2,"Australia","New South Wales",NA,"5c4dd6e0"
"NT",2020-09-13,33,0,40952,33,33,0,0,0,245562,2,"Australia","Northern Territory",NA,"a079fdb2"
"QLD",2020-09-13,1148,6,1022898,1148,1107,9,0,0,5115451,2,"Australia","Queensland",NA,"36068882"
"SA",2020-09-13,466,4,423003,466,462,0,0,0,1756494,2,"Australia","South Australia",NA,"165128d0"
"TAS",2020-09-13,230,13,95127,230,217,0,0,0,535500,2,"Australia","Tasmania",NA,"86525f8e"
"VIC",2020-09-13,19835,722,2488773,19835,17893,116,11,4,6629870,2,"Australia","Victoria",NA,"6c5dccdb"
"WA",2020-09-13,659,9,377283,659,646,0,0,0,2630557,2,"Australia","Western Australia",NA,"1f999f12"
"ACT",2020-09-14,113,3,87459,113,110,0,0,0,428060,2,"Australia","Australian Capital Territory",NA,"f42f23e3"
"NSW",2020-09-14,4170,52,2490154,4170,2802,10,6,3,8117976,2,"Australia","New South Wales",NA,"5c4dd6e0"
"NT",2020-09-14,33,0,41261,33,33,0,0,0,245562,2,"Australia","Northern Territory",NA,"a079fdb2"
"QLD",2020-09-14,1148,6,1025832,1148,1110,9,0,0,5115451,2,"Australia","Queensland",NA,"36068882"
"SA",2020-09-14,466,4,424452,466,462,0,0,0,1756494,2,"Australia","South Australia",NA,"165128d0"
"TAS",2020-09-14,230,13,95567,230,217,0,0,0,535500,2,"Australia","Tasmania",NA,"86525f8e"
"VIC",2020-09-14,19872,729,2497710,19872,18006,122,12,7,6629870,2,"Australia","Victoria",NA,"6c5dccdb"
"WA",2020-09-14,659,9,384601,659,646,0,0,0,2630557,2,"Australia","Western Australia",NA,"1f999f12"
"ACT",2020-09-15,113,3,88003,113,110,0,0,0,428060,2,"Australia","Australian Capital Territory",NA,"f42f23e3"
"NSW",2020-09-15,4176,52,2498989,4176,2802,12,6,3,8117976,2,"Australia","New South Wales",NA,"5c4dd6e0"
"NT",2020-09-15,33,0,41561,33,33,0,0,0,245562,2,"Australia","Northern Territory",NA,"a079fdb2"
"QLD",2020-09-15,1149,6,1030765,1149,1111,9,0,0,5115451,2,"Australia","Queensland",NA,"36068882"
"SA",2020-09-15,466,4,427106,466,462,0,0,0,1756494,2,"Australia","South Australia",NA,"165128d0"
"TAS",2020-09-15,230,13,96102,230,217,0,0,0,535500,2,"Australia","Tasmania",NA,"86525f8e"
"VIC",2020-09-15,19911,729,2506513,19911,18079,118,11,7,6629870,2,"Australia","Victoria",NA,"6c5dccdb"
"WA",2020-09-15,659,9,387613,659,646,0,0,0,2630557,2,"Australia","Western Australia",NA,"1f999f12"
"ACT",2020-09-16,113,3,88351,113,110,0,0,0,428060,2,"Australia","Australian Capital Territory",NA,"f42f23e3"
"NSW",2020-09-16,4185,52,2518555,4185,2802,11,5,3,8117976,2,"Australia","New South Wales",NA,"5c4dd6e0"
"NT",2020-09-16,33,0,42027,33,33,0,0,0,245562,2,"Australia","Northern Territory",NA,"a079fdb2"
"QLD",2020-09-16,1149,6,1037189,1149,1111,8,0,0,5115451,2,"Australia","Queensland",NA,"36068882"
"SA",2020-09-16,466,4,430383,466,462,0,0,0,1756494,2,"Australia","South Australia",NA,"165128d0"
"TAS",2020-09-16,230,13,96719,230,217,0,0,0,535500,2,"Australia","Tasmania",NA,"86525f8e"
"VIC",2020-09-16,19943,737,2520887,19943,18153,107,11,6,6629870,2,"Australia","Victoria",NA,"6c5dccdb"
"WA",2020-09-16,660,9,390273,660,646,0,0,0,2630557,2,"Australia","Western Australia",NA,"1f999f12"
"ACT",2020-09-17,113,3,88759,113,110,0,0,0,428060,2,"Australia","Australian Capital Territory",NA,"f42f23e3"
"NSW",2020-09-17,4190,52,2538966,4190,2802,12,4,3,8117976,2,"Australia","New South Wales",NA,"5c4dd6e0"
"NT",2020-09-17,33,0,42823,33,33,0,0,0,245562,2,"Australia","Northern Territory",NA,"a079fdb2"
"QLD",2020-09-17,1150,6,1048832,1150,1111,8,0,0,5115451,2,"Australia","Queensland",NA,"36068882"
"SA",2020-09-17,466,4,433954,466,462,0,0,0,1756494,2,"Australia","South Australia",NA,"165128d0"
"TAS",2020-09-17,230,13,97365,230,217,0,0,0,535500,2,"Australia","Tasmania",NA,"86525f8e"
"VIC",2020-09-17,19970,745,2535134,19970,18217,97,12,6,6629870,2,"Australia","Victoria",NA,"6c5dccdb"
"WA",2020-09-17,661,9,392908,661,648,0,0,0,2630557,2,"Australia","Western Australia",NA,"1f999f12"
"ACT",2020-09-18,113,3,89223,113,110,0,0,0,428060,2,"Australia","Australian Capital Territory",NA,"f42f23e3"
"NSW",2020-09-18,4196,52,2555809,4196,2802,11,4,2,8117976,2,"Australia","New South Wales",NA,"5c4dd6e0"
"NT",2020-09-18,33,0,43048,33,33,0,0,0,245562,2,"Australia","Northern Territory",NA,"a079fdb2"
"QLD",2020-09-18,1150,6,1054583,1150,1112,7,0,0,5115451,2,"Australia","Queensland",NA,"36068882"
"SA",2020-09-18,466,4,437295,466,462,0,0,0,1756494,2,"Australia","South Australia",NA,"165128d0"
"TAS",2020-09-18,230,13,97759,230,217,0,0,0,535500,2,"Australia","Tasmania",NA,"86525f8e"
"VIC",2020-09-18,20012,750,2551044,20012,18278,90,11,7,6629870,2,"Australia","Victoria",NA,"6c5dccdb"
"WA",2020-09-18,661,9,395402,661,649,0,0,0,2630557,2,"Australia","Western Australia",NA,"1f999f12"
"ACT",2020-09-19,113,3,89668,113,110,0,0,0,428060,2,"Australia","Australian Capital Territory",NA,"f42f23e3"
"NSW",2020-09-19,4198,52,2571048,4198,2802,12,4,2,8117976,2,"Australia","New South Wales",NA,"5c4dd6e0"
"NT",2020-09-19,33,0,43514,33,33,0,0,0,245562,2,"Australia","Northern Territory",NA,"a079fdb2"
"QLD",2020-09-19,1150,6,1061380,1150,1118,5,0,0,5115451,2,"Australia","Queensland",NA,"36068882"
"SA",2020-09-19,466,4,440672,466,462,0,0,0,1756494,2,"Australia","South Australia",NA,"165128d0"
"TAS",2020-09-19,230,13,98533,230,217,0,0,0,535500,2,"Australia","Tasmania",NA,"86525f8e"
"VIC",2020-09-19,20034,756,2562996,20034,18379,89,8,5,6629870,2,"Australia","Victoria",NA,"6c5dccdb"
"WA",2020-09-19,661,9,395402,661,649,0,0,0,2630557,2,"Australia","Western Australia",NA,"1f999f12"
"ACT",2020-09-20,113,3,89963,113,110,0,0,0,428060,2,"Australia","Australian Capital Territory",NA,"f42f23e3"
"NSW",2020-09-20,4200,53,2584683,4200,2802,11,2,1,8117976,2,"Australia","New South Wales",NA,"5c4dd6e0"
"NT",2020-09-20,33,0,43758,33,33,0,0,0,245562,2,"Australia","Northern Territory",NA,"a079fdb2"
"QLD",2020-09-20,1152,6,1065078,1152,1123,4,0,0,5115451,2,"Australia","Queensland",NA,"36068882"
"SA",2020-09-20,466,4,443097,466,462,0,0,0,1756494,2,"Australia","South Australia",NA,"165128d0"
"TAS",2020-09-20,230,13,98814,230,217,0,0,0,535500,2,"Australia","Tasmania",NA,"86525f8e"
"VIC",2020-09-20,20042,761,2575457,20042,18473,94,8,5,6629870,2,"Australia","Victoria",NA,"6c5dccdb"
"WA",2020-09-20,662,9,395402,662,650,0,0,0,2630557,2,"Australia","Western Australia",NA,"1f999f12"
"ACT",2020-09-21,113,3,90188,113,110,0,0,0,428060,2,"Australia","Australian Capital Territory",NA,"f42f23e3"
"NSW",2020-09-21,4204,53,2592448,4204,2802,11,2,1,8117976,2,"Australia","New South Wales",NA,"5c4dd6e0"
"NT",2020-09-21,33,0,44178,33,33,0,0,0,245562,2,"Australia","Northern Territory",NA,"a079fdb2"
"QLD",2020-09-21,1153,6,1067786,1153,1124,4,0,0,5115451,2,"Australia","Queensland",NA,"36068882"
"SA",2020-09-21,466,4,445080,466,462,0,0,0,1756494,2,"Australia","South Australia",NA,"165128d0"
"TAS",2020-09-21,230,13,99189,230,217,0,0,0,535500,2,"Australia","Tasmania",NA,"86525f8e"
"VIC",2020-09-21,20051,763,2582621,20051,18567,92,6,3,6629870,2,"Australia","Victoria",NA,"6c5dccdb"
"WA",2020-09-21,662,9,398198,662,650,0,0,0,2630557,2,"Australia","Western Australia",NA,"1f999f12"
"ACT",2020-09-22,113,3,90782,113,110,0,0,0,428060,2,"Australia","Australian Capital Territory",NA,"f42f23e3"
"NSW",2020-09-22,4206,53,2600064,4206,2802,12,3,1,8117976,2,"Australia","New South Wales",NA,"5c4dd6e0"
"NT",2020-09-22,33,0,44460,33,33,0,0,0,245562,2,"Australia","Northern Territory",NA,"a079fdb2"
"QLD",2020-09-22,1153,6,1072684,1153,1124,4,0,0,5115451,2,"Australia","Queensland",NA,"36068882"
"SA",2020-09-22,466,4,447220,466,462,0,0,0,1756494,2,"Australia","South Australia",NA,"165128d0"
"TAS",2020-09-22,230,13,99662,230,217,0,0,0,535500,2,"Australia","Tasmania",NA,"86525f8e"
"VIC",2020-09-22,20076,766,2593744,20076,18628,83,8,5,6629870,2,"Australia","Victoria",NA,"6c5dccdb"
"WA",2020-09-22,665,9,402667,665,650,1,0,0,2630557,2,"Australia","Western Australia",NA,"1f999f12"
"ACT",2020-09-23,113,3,91458,113,110,0,0,0,428060,2,"Australia","Australian Capital Territory",NA,"f42f23e3"
"NSW",2020-09-23,4212,53,2616823,4212,2802,11,3,1,8117976,2,"Australia","New South Wales",NA,"5c4dd6e0"
"NT",2020-09-23,33,0,45022,33,33,0,0,0,245562,2,"Australia","Northern Territory",NA,"a079fdb2"
"QLD",2020-09-23,1153,6,1077563,1153,1124,2,0,0,5115451,2,"Australia","Queensland",NA,"36068882"
"SA",2020-09-23,468,4,447774,468,462,0,0,0,1756494,2,"Australia","South Australia",NA,"165128d0"
"TAS",2020-09-23,230,13,100322,230,217,0,0,0,535500,2,"Australia","Tasmania",NA,"86525f8e"
"VIC",2020-09-23,20100,771,2609485,20100,18713,75,8,6,6629870,2,"Australia","Victoria",NA,"6c5dccdb"
"WA",2020-09-23,665,9,405246,665,650,1,0,0,2630557,2,"Australia","Western Australia",NA,"1f999f12"
"ACT",2020-09-24,113,3,92035,113,110,0,0,0,428060,2,"Australia","Australian Capital Territory",NA,"f42f23e3"
"NSW",2020-09-24,4213,53,2634215,4213,2802,11,3,1,8117976,2,"Australia","New South Wales",NA,"5c4dd6e0"
"NT",2020-09-24,33,0,45561,33,33,0,0,0,245562,2,"Australia","Northern Territory",NA,"a079fdb2"
"QLD",2020-09-24,1153,6,1084841,1153,1125,2,0,0,5115451,2,"Australia","Queensland",NA,"36068882"
"SA",2020-09-24,468,4,453530,468,462,0,0,0,1756494,2,"Australia","South Australia",NA,"165128d0"
"TAS",2020-09-24,230,13,101016,230,217,0,0,0,535500,2,"Australia","Tasmania",NA,"86525f8e"
"VIC",2020-09-24,20105,773,2622822,20105,18738,67,8,6,6629870,2,"Australia","Victoria",NA,"6c5dccdb"
"WA",2020-09-24,668,9,407307,668,650,1,0,0,2630557,2,"Australia","Western Australia",NA,"1f999f12"
"ACT",2020-09-25,113,3,92467,113,110,0,0,0,428060,2,"Australia","Australian Capital Territory",NA,"f42f23e3"
"NSW",2020-09-25,4217,53,2647901,4217,2802,10,3,1,8117976,2,"Australia","New South Wales",NA,"5c4dd6e0"
"NT",2020-09-25,33,0,45937,33,33,0,0,0,245562,2,"Australia","Northern Territory",NA,"a079fdb2"
"QLD",2020-09-25,1153,6,1089865,1153,1141,2,0,0,5115451,2,"Australia","Queensland",NA,"36068882"
"SA",2020-09-25,468,4,456575,468,462,0,0,0,1756494,2,"Australia","South Australia",NA,"165128d0"
"TAS",2020-09-25,230,13,101617,230,217,0,0,0,535500,2,"Australia","Tasmania",NA,"86525f8e"
"VIC",2020-09-25,20118,781,2635282,20118,18794,58,8,6,6629870,2,"Australia","Victoria",NA,"6c5dccdb"
"WA",2020-09-25,668,9,410171,668,650,1,0,0,2630557,2,"Australia","Western Australia",NA,"1f999f12"
"ACT",2020-09-26,113,3,92871,113,110,0,0,0,428060,2,"Australia","Australian Capital Territory",NA,"f42f23e3"
"NSW",2020-09-26,4218,53,2660159,4218,2802,9,3,0,8117976,2,"Australia","New South Wales",NA,"5c4dd6e0"
"NT",2020-09-26,33,0,46313,33,33,0,0,0,245562,2,"Australia","Northern Territory",NA,"a079fdb2"
"QLD",2020-09-26,1156,6,1094924,1156,1141,5,0,0,5115451,2,"Australia","Queensland",NA,"36068882"
"SA",2020-09-26,468,4,459829,468,462,0,0,0,1756494,2,"Australia","South Australia",NA,"165128d0"
"TAS",2020-09-26,230,13,101944,230,217,0,0,0,535500,2,"Australia","Tasmania",NA,"86525f8e"
"VIC",2020-09-26,20129,782,2651309,20129,18842,53,9,5,6629870,2,"Australia","Victoria",NA,"6c5dccdb"
"WA",2020-09-26,669,9,410171,669,650,1,0,0,2630557,2,"Australia","Western Australia",NA,"1f999f12"
"ACT",2020-09-27,113,3,93154,113,110,0,0,0,428060,2,"Australia","Australian Capital Territory",NA,"f42f23e3"
"NSW",2020-09-27,4218,53,2672392,4218,2802,9,3,0,8117976,2,"Australia","New South Wales",NA,"5c4dd6e0"
"NT",2020-09-27,33,0,46478,33,33,0,0,0,245562,2,"Australia","Northern Territory",NA,"a079fdb2"
"QLD",2020-09-27,1157,6,1097964,1157,1141,5,0,0,5115451,2,"Australia","Queensland",NA,"36068882"
"SA",2020-09-27,468,4,461796,468,462,0,0,0,1756494,2,"Australia","South Australia",NA,"165128d0"
"TAS",2020-09-27,230,13,102279,230,217,0,0,0,535500,2,"Australia","Tasmania",NA,"86525f8e"
"VIC",2020-09-27,20145,784,2661989,20145,18901,51,9,5,6629870,2,"Australia","Victoria",NA,"6c5dccdb"
"WA",2020-09-27,676,9,410171,676,651,1,0,0,2630557,2,"Australia","Western Australia",NA,"1f999f12"
"ACT",2020-09-28,113,3,93420,113,110,0,0,0,428060,2,"Australia","Australian Capital Territory",NA,"f42f23e3"
"NSW",2020-09-28,4218,53,2678745,4218,2802,8,3,0,8117976,2,"Australia","New South Wales",NA,"5c4dd6e0"
"NT",2020-09-28,33,0,46763,33,33,0,0,0,245562,2,"Australia","Northern Territory",NA,"a079fdb2"
"QLD",2020-09-28,1157,6,1099835,1157,1141,5,0,0,5115451,2,"Australia","Queensland",NA,"36068882"
"SA",2020-09-28,468,4,463055,468,462,0,0,0,1756494,2,"Australia","South Australia",NA,"165128d0"
"TAS",2020-09-28,230,13,102537,230,217,0,0,0,535500,2,"Australia","Tasmania",NA,"86525f8e"
"VIC",2020-09-28,20149,787,2668796,20149,18942,49,8,4,6629870,2,"Australia","Victoria",NA,"6c5dccdb"
"WA",2020-09-28,676,9,410171,676,653,0,0,0,2630557,2,"Australia","Western Australia",NA,"1f999f12"
"ACT",2020-09-29,113,3,93811,113,110,0,0,0,428060,2,"Australia","Australian Capital Territory",NA,"f42f23e3"
"NSW",2020-09-29,4220,53,2685126,4220,2802,9,3,0,8117976,2,"Australia","New South Wales",NA,"5c4dd6e0"
"NT",2020-09-29,33,0,47213,33,33,0,0,0,245562,2,"Australia","Northern Territory",NA,"a079fdb2"
"QLD",2020-09-29,1157,6,1104203,1157,1141,5,0,0,5115451,2,"Australia","Queensland",NA,"36068882"
"SA",2020-09-29,468,4,465690,468,462,0,0,0,1756494,2,"Australia","South Australia",NA,"165128d0"
"TAS",2020-09-29,230,13,102821,230,217,0,0,0,535500,2,"Australia","Tasmania",NA,"86525f8e"
"VIC",2020-09-29,20158,794,2677022,20158,18978,46,5,4,6629870,2,"Australia","Victoria",NA,"6c5dccdb"
"WA",2020-09-29,684,9,413446,684,653,0,0,0,2630557,2,"Australia","Western Australia",NA,"1f999f12"
"ACT",2020-09-30,113,3,94291,113,110,0,0,0,428060,2,"Australia","Australian Capital Territory",NA,"f42f23e3"
"NSW",2020-09-30,4224,53,2698701,4224,2802,8,3,0,8117976,2,"Australia","New South Wales",NA,"5c4dd6e0"
"NT",2020-09-30,33,0,47527,33,33,0,0,0,245562,2,"Australia","Northern Territory",NA,"a079fdb2"
"QLD",2020-09-30,1157,6,1110992,1157,1142,3,0,0,5115451,2,"Australia","Queensland",NA,"36068882"
"SA",2020-09-30,468,4,468740,468,464,0,0,0,1756494,2,"Australia","South Australia",NA,"165128d0"
"TAS",2020-09-30,230,13,103420,230,217,0,0,0,535500,2,"Australia","Tasmania",NA,"86525f8e"
"VIC",2020-09-30,20169,798,2694959,20169,19006,44,6,3,6629870,2,"Australia","Victoria",NA,"6c5dccdb"
"WA",2020-09-30,684,9,418773,684,653,0,0,0,2630557,2,"Australia","Western Australia",NA,"1f999f12"
"ACT",2020-10-01,113,3,94748,113,110,0,0,0,428060,2,"Australia","Australian Capital Territory",NA,"f42f23e3"
"NSW",2020-10-01,4227,53,2711773,4227,2802,9,3,0,8117976,2,"Australia","New South Wales",NA,"5c4dd6e0"
"NT",2020-10-01,33,0,48065,33,33,0,0,0,245562,2,"Australia","Northern Territory",NA,"a079fdb2"
"QLD",2020-10-01,1157,6,1116750,1157,1143,3,0,0,5115451,2,"Australia","Queensland",NA,"36068882"
"SA",2020-10-01,468,4,471730,468,464,0,0,0,1756494,2,"Australia","South Australia",NA,"165128d0"
"TAS",2020-10-01,230,13,104055,230,217,0,0,0,535500,2,"Australia","Tasmania",NA,"86525f8e"
"VIC",2020-10-01,20183,800,2709668,20183,19034,38,6,3,6629870,2,"Australia","Victoria",NA,"6c5dccdb"
"WA",2020-10-01,685,9,422862,685,654,0,0,0,2630557,2,"Australia","Western Australia",NA,"1f999f12"
"ACT",2020-10-02,113,3,95231,113,110,0,0,0,428060,2,"Australia","Australian Capital Territory",NA,"f42f23e3"
"NSW",2020-10-02,4231,53,2723116,4231,2802,8,2,0,8117976,2,"Australia","New South Wales",NA,"5c4dd6e0"
"NT",2020-10-02,33,0,48445,33,33,0,0,0,245562,2,"Australia","Northern Territory",NA,"a079fdb2"
"QLD",2020-10-02,1160,6,1122006,1160,1147,5,0,0,5115451,2,"Australia","Queensland",NA,"36068882"
"SA",2020-10-02,470,4,474990,470,464,0,0,0,1756494,2,"Australia","South Australia",NA,"165128d0"
"TAS",2020-10-02,230,13,104649,230,217,0,0,0,535500,2,"Australia","Tasmania",NA,"86525f8e"
"VIC",2020-10-02,20191,802,2722218,20191,19068,38,4,3,6629870,2,"Australia","Victoria",NA,"6c5dccdb"
"WA",2020-10-02,685,9,425925,685,656,0,0,0,2630557,2,"Australia","Western Australia",NA,"1f999f12"
"ACT",2020-10-03,113,3,95569,113,110,0,0,0,428060,2,"Australia","Australian Capital Territory",NA,"f42f23e3"
"NSW",2020-10-03,4232,53,2733450,4232,2802,10,2,0,8117976,2,"Australia","New South Wales",NA,"5c4dd6e0"
"NT",2020-10-03,33,0,48850,33,33,0,0,0,245562,2,"Australia","Northern Territory",NA,"a079fdb2"
"QLD",2020-10-03,1160,6,1126673,1160,1147,5,0,0,5115451,2,"Australia","Queensland",NA,"36068882"
"SA",2020-10-03,470,4,477585,470,465,0,0,0,1756494,2,"Australia","South Australia",NA,"165128d0"
"TAS",2020-10-03,230,13,105182,230,217,0,0,0,535500,2,"Australia","Tasmania",NA,"86525f8e"
"VIC",2020-10-03,20197,805,2733499,20197,19091,34,4,3,6629870,2,"Australia","Victoria",NA,"6c5dccdb"
"WA",2020-10-03,686,9,425925,686,657,0,0,0,2630557,2,"Australia","Western Australia",NA,"1f999f12"
"ACT",2020-10-04,113,3,95822,113,110,0,0,0,428060,2,"Australia","Australian Capital Territory",NA,"f42f23e3"
"NSW",2020-10-04,4234,53,2741755,4234,2802,10,3,0,8117976,2,"Australia","New South Wales",NA,"5c4dd6e0"
"NT",2020-10-04,33,0,49000,33,33,0,0,0,245562,2,"Australia","Northern Territory",NA,"a079fdb2"
"QLD",2020-10-04,1160,6,1129434,1160,1148,5,0,0,5115451,2,"Australia","Queensland",NA,"36068882"
"SA",2020-10-04,471,4,479977,471,466,0,0,0,1756494,2,"Australia","South Australia",NA,"165128d0"
"TAS",2020-10-04,230,13,105515,230,217,0,0,0,535500,2,"Australia","Tasmania",NA,"86525f8e"
"VIC",2020-10-04,20209,806,2745493,20209,19102,31,3,1,6629870,2,"Australia","Victoria",NA,"6c5dccdb"
"WA",2020-10-04,686,9,425925,686,660,0,0,0,2630557,2,"Australia","Western Australia",NA,"1f999f12"
"ACT",2020-10-05,113,3,96008,113,110,0,0,0,428060,2,"Australia","Australian Capital Territory",NA,"f42f23e3"
"NSW",2020-10-05,4235,53,2746544,4235,2802,11,3,0,8117976,2,"Australia","New South Wales",NA,"5c4dd6e0"
"NT",2020-10-05,33,0,49224,33,33,0,0,0,245562,2,"Australia","Northern Territory",NA,"a079fdb2"
"QLD",2020-10-05,1160,6,1131427,1160,1148,5,0,0,5115451,2,"Australia","Queensland",NA,"36068882"
"SA",2020-10-05,471,4,481145,471,466,0,0,0,1756494,2,"Australia","South Australia",NA,"165128d0"
"TAS",2020-10-05,230,13,105762,230,217,0,0,0,535500,2,"Australia","Tasmania",NA,"86525f8e"
"VIC",2020-10-05,20220,806,2754516,20220,19126,30,3,2,6629870,2,"Australia","Victoria",NA,"6c5dccdb"
"WA",2020-10-05,687,9,430897,687,662,0,0,0,2630557,2,"Australia","Western Australia",NA,"1f999f12"
"ACT",2020-10-06,113,3,96263,113,110,0,0,0,428060,2,"Australia","Australian Capital Territory",NA,"f42f23e3"
"NSW",2020-10-06,4246,53,2751929,4246,2802,10,3,0,8117976,2,"Australia","New South Wales",NA,"5c4dd6e0"
"NT",2020-10-06,33,0,49696,33,33,0,0,0,245562,2,"Australia","Northern Territory",NA,"a079fdb2"
"QLD",2020-10-06,1160,6,1133933,1160,1148,6,1,0,5115451,2,"Australia","Queensland",NA,"36068882"
"SA",2020-10-06,472,4,483142,472,465,0,0,0,1756494,2,"Australia","South Australia",NA,"165128d0"
"TAS",2020-10-06,230,13,106374,230,217,0,0,0,535500,2,"Australia","Tasmania",NA,"86525f8e"
"VIC",2020-10-06,20233,807,2763802,20233,19149,21,1,2,6629870,2,"Australia","Victoria",NA,"6c5dccdb"
"WA",2020-10-06,687,9,434333,687,664,0,0,0,2630557,2,"Australia","Western Australia",NA,"1f999f12"
"ACT",2020-10-07,113,3,96714,113,110,0,0,0,428060,2,"Australia","Australian Capital Territory",NA,"f42f23e3"
"NSW",2020-10-07,4249,53,2757899,4249,2802,10,3,0,8117976,2,"Australia","New South Wales",NA,"5c4dd6e0"
"NT",2020-10-07,33,0,50012,33,33,0,0,0,245562,2,"Australia","Northern Territory",NA,"a079fdb2"
"QLD",2020-10-07,1160,6,1138080,1160,1148,6,1,0,5115451,2,"Australia","Queensland",NA,"36068882"
"SA",2020-10-07,472,4,485518,472,465,0,0,0,1756494,2,"Australia","South Australia",NA,"165128d0"
"TAS",2020-10-07,230,13,106974,230,217,0,0,0,535500,2,"Australia","Tasmania",NA,"86525f8e"
"VIC",2020-10-07,20237,809,2780231,20237,19162,16,2,0,6629870,2,"Australia","Victoria",NA,"6c5dccdb"
"WA",2020-10-07,688,9,437264,688,670,0,0,0,2630557,2,"Australia","Western Australia",NA,"1f999f12"
"ACT",2020-10-08,113,3,97294,113,110,0,0,0,428060,2,"Australia","Australian Capital Territory",NA,"f42f23e3"
"NSW",2020-10-08,4261,53,2770397,4261,2802,10,1,0,8117976,2,"Australia","New South Wales",NA,"5c4dd6e0"
"NT",2020-10-08,33,0,50453,33,33,0,0,0,245562,2,"Australia","Northern Territory",NA,"a079fdb2"
"QLD",2020-10-08,1160,6,1144809,1160,1149,4,1,0,5115451,2,"Australia","Queensland",NA,"36068882"
"SA",2020-10-08,472,4,488941,472,465,0,0,0,1756494,2,"Australia","South Australia",NA,"165128d0"
"TAS",2020-10-08,230,13,107662,230,217,0,0,0,535500,2,"Australia","Tasmania",NA,"86525f8e"
"VIC",2020-10-08,20247,809,2795529,20247,19174,17,1,0,6629870,2,"Australia","Victoria",NA,"6c5dccdb"
"WA",2020-10-08,690,9,439993,690,670,0,0,0,2630557,2,"Australia","Western Australia",NA,"1f999f12"
"ACT",2020-10-09,113,3,97734,113,110,0,0,0,428060,2,"Australia","Australian Capital Territory",NA,"f42f23e3"
"NSW",2020-10-09,4271,53,2783265,4271,2802,7,2,0,8117976,2,"Australia","New South Wales",NA,"5c4dd6e0"
"NT",2020-10-09,33,0,50770,33,33,0,0,0,245562,2,"Australia","Northern Territory",NA,"a079fdb2"
"QLD",2020-10-09,1160,6,1150364,1160,1152,4,1,0,5115451,2,"Australia","Queensland",NA,"36068882"
"SA",2020-10-09,473,4,492572,473,465,0,0,0,1756494,2,"Australia","South Australia",NA,"165128d0"
"TAS",2020-10-09,230,13,108074,230,217,0,0,0,535500,2,"Australia","Tasmania",NA,"86525f8e"
"VIC",2020-10-09,20257,809,2811114,20257,19192,17,1,0,6629870,2,"Australia","Victoria",NA,"6c5dccdb"
"WA",2020-10-09,692,9,442299,692,670,0,0,0,2630557,2,"Australia","Western Australia",NA,"1f999f12"
"ACT",2020-10-10,113,3,98138,113,110,0,0,0,428060,2,"Australia","Australian Capital Territory",NA,"f42f23e3"
"NSW",2020-10-10,4273,53,2798704,4273,2802,7,2,0,8117976,2,"Australia","New South Wales",NA,"5c4dd6e0"
"NT",2020-10-10,33,0,51145,33,33,0,0,0,245562,2,"Australia","Northern Territory",NA,"a079fdb2"
"QLD",2020-10-10,1161,6,1155148,1161,1152,3,1,0,5115451,2,"Australia","Queensland",NA,"36068882"
"SA",2020-10-10,473,4,495172,473,465,0,0,0,1756494,2,"Australia","South Australia",NA,"165128d0"
"TAS",2020-10-10,230,13,108423,230,217,0,0,0,535500,2,"Australia","Tasmania",NA,"86525f8e"
"VIC",2020-10-10,20269,809,2827761,20269,19207,21,1,0,6629870,2,"Australia","Victoria",NA,"6c5dccdb"
"WA",2020-10-10,692,9,442299,692,670,0,0,0,2630557,2,"Australia","Western Australia",NA,"1f999f12"
"ACT",2020-10-11,113,3,98458,113,110,0,0,0,428060,2,"Australia","Australian Capital Territory",NA,"f42f23e3"
"NSW",2020-10-11,4277,53,2811527,4277,2802,7,1,0,8117976,2,"Australia","New South Wales",NA,"5c4dd6e0"
"NT",2020-10-11,33,0,51346,33,33,0,0,0,245562,2,"Australia","Northern Territory",NA,"a079fdb2"
"QLD",2020-10-11,1161,6,1157573,1161,1152,3,0,0,5115451,2,"Australia","Queensland",NA,"36068882"
"SA",2020-10-11,475,4,497477,475,466,0,0,0,1756494,2,"Australia","South Australia",NA,"165128d0"
"TAS",2020-10-11,230,13,108745,230,217,0,0,0,535500,2,"Australia","Tasmania",NA,"86525f8e"
"VIC",2020-10-11,20281,810,2840686,20281,19218,21,1,0,6629870,2,"Australia","Victoria",NA,"6c5dccdb"
"WA",2020-10-11,694,9,442299,694,670,0,0,0,2630557,2,"Australia","Western Australia",NA,"1f999f12"
"ACT",2020-10-12,113,3,98758,113,110,0,0,0,428060,2,"Australia","Australian Capital Territory",NA,"f42f23e3"
"NSW",2020-10-12,4283,53,2818918,4283,2802,7,1,0,8117976,2,"Australia","New South Wales",NA,"5c4dd6e0"
"NT",2020-10-12,33,0,51565,33,33,0,0,0,245562,2,"Australia","Northern Territory",NA,"a079fdb2"
"QLD",2020-10-12,1161,6,1159560,1161,1154,3,0,0,5115451,2,"Australia","Queensland",NA,"36068882"
"SA",2020-10-12,475,4,499516,475,467,0,0,0,1756494,2,"Australia","South Australia",NA,"165128d0"
"TAS",2020-10-12,230,13,108998,230,217,0,0,0,535500,2,"Australia","Tasmania",NA,"86525f8e"
"VIC",2020-10-12,20295,810,2850794,20295,19229,21,0,0,6629870,2,"Australia","Victoria",NA,"6c5dccdb"
"WA",2020-10-12,696,9,447449,696,671,1,0,0,2630557,2,"Australia","Western Australia",NA,"1f999f12"
"ACT",2020-10-13,113,3,99444,113,110,0,0,0,428060,2,"Australia","Australian Capital Territory",NA,"f42f23e3"
"NSW",2020-10-13,4295,53,2827527,4295,2802,7,1,0,8117976,2,"Australia","New South Wales",NA,"5c4dd6e0"
"NT",2020-10-13,33,0,52157,33,33,0,0,0,245562,2,"Australia","Northern Territory",NA,"a079fdb2"
"QLD",2020-10-13,1161,6,1163795,1161,1154,1,0,0,5115451,2,"Australia","Queensland",NA,"36068882"
"SA",2020-10-13,476,4,502101,476,468,0,0,0,1756494,2,"Australia","South Australia",NA,"165128d0"
"TAS",2020-10-13,230,13,109442,230,217,0,0,0,535500,2,"Australia","Tasmania",NA,"86525f8e"
"VIC",2020-10-13,20305,811,2858995,20305,19243,23,0,0,6629870,2,"Australia","Victoria",NA,"6c5dccdb"
"WA",2020-10-13,703,9,449527,703,676,1,0,0,2630557,2,"Australia","Western Australia",NA,"1f999f12"
"ACT",2020-10-14,113,3,99986,113,110,0,0,0,428060,2,"Australia","Australian Capital Territory",NA,"f42f23e3"
"NSW",2020-10-14,4310,53,2843545,4310,2802,4,1,0,8117976,2,"Australia","New South Wales",NA,"5c4dd6e0"
"NT",2020-10-14,33,0,52470,33,33,0,0,0,245562,2,"Australia","Northern Territory",NA,"a079fdb2"
"QLD",2020-10-14,1161,6,1169423,1161,1154,1,0,0,5115451,2,"Australia","Queensland",NA,"36068882"
"SA",2020-10-14,479,4,504958,479,469,0,0,0,1756494,2,"Australia","South Australia",NA,"165128d0"
"TAS",2020-10-14,230,13,110121,230,217,0,0,0,535500,2,"Australia","Tasmania",NA,"86525f8e"
"VIC",2020-10-14,20311,816,2875056,20311,19248,23,0,0,6629870,2,"Australia","Victoria",NA,"6c5dccdb"
"WA",2020-10-14,704,9,454044,704,676,0,0,0,2630557,2,"Australia","Western Australia",NA,"1f999f12"
"ACT",2020-10-15,113,3,100515,113,110,0,0,0,428060,2,"Australia","Australian Capital Territory",NA,"f42f23e3"
"NSW",2020-10-15,4321,53,2859347,4321,2802,4,1,0,8117976,2,"Australia","New South Wales",NA,"5c4dd6e0"
"NT",2020-10-15,33,0,53011,33,33,0,0,0,245562,2,"Australia","Northern Territory",NA,"a079fdb2"
"QLD",2020-10-15,1162,6,1174703,1162,1154,1,0,0,5115451,2,"Australia","Queensland",NA,"36068882"
"SA",2020-10-15,479,4,508065,479,471,0,0,0,1756494,2,"Australia","South Australia",NA,"165128d0"
"TAS",2020-10-15,230,13,110605,230,217,0,0,0,535500,2,"Australia","Tasmania",NA,"86525f8e"
"VIC",2020-10-15,20315,816,2890495,20315,19259,21,0,0,6629870,2,"Australia","Victoria",NA,"6c5dccdb"
"WA",2020-10-15,709,9,456375,709,676,0,0,0,2630557,2,"Australia","Western Australia",NA,"1f999f12"
"ACT",2020-10-16,113,3,100743,113,110,0,0,0,428060,2,"Australia","Australian Capital Territory",NA,"f42f23e3"
"NSW",2020-10-16,4326,53,2875738,4326,2802,5,1,0,8117976,2,"Australia","New South Wales",NA,"5c4dd6e0"
"NT",2020-10-16,33,0,53482,33,33,0,0,0,245562,2,"Australia","Northern Territory",NA,"a079fdb2"
"QLD",2020-10-16,1164,6,1179441,1164,1154,1,0,0,5115451,2,"Australia","Queensland",NA,"36068882"
"SA",2020-10-16,479,4,511290,479,471,0,0,0,1756494,2,"Australia","South Australia",NA,"165128d0"
"TAS",2020-10-16,230,13,111097,230,217,0,0,0,535500,2,"Australia","Tasmania",NA,"86525f8e"
"VIC",2020-10-16,20317,816,2906876,20317,19279,14,0,0,6629870,2,"Australia","Victoria",NA,"6c5dccdb"
"WA",2020-10-16,709,9,458327,709,683,0,0,0,2630557,2,"Australia","Western Australia",NA,"1f999f12"
"ACT",2020-10-17,113,3,101415,113,110,0,0,0,428060,2,"Australia","Australian Capital Territory",NA,"f42f23e3"
"NSW",2020-10-17,4333,53,2890116,4333,2802,3,1,0,8117976,2,"Australia","New South Wales",NA,"5c4dd6e0"
"NT",2020-10-17,33,0,53804,33,33,0,0,0,245562,2,"Australia","Northern Territory",NA,"a079fdb2"
"QLD",2020-10-17,1164,6,1184163,1164,1154,2,0,0,5115451,2,"Australia","Queensland",NA,"36068882"
"SA",2020-10-17,482,4,513962,482,472,0,0,0,1756494,2,"Australia","South Australia",NA,"165128d0"
"TAS",2020-10-17,230,13,111771,230,217,0,0,0,535500,2,"Australia","Tasmania",NA,"86525f8e"
"VIC",2020-10-17,20317,816,2925810,20317,19287,13,0,0,6629870,2,"Australia","Victoria",NA,"6c5dccdb"
"WA",2020-10-17,711,9,458327,711,683,0,0,0,2630557,2,"Australia","Western Australia",NA,"1f999f12"
"ACT",2020-10-18,113,3,101468,113,110,0,0,0,428060,2,"Australia","Australian Capital Territory",NA,"f42f23e3"
"NSW",2020-10-18,4338,53,2903101,4338,2802,2,1,0,8117976,2,"Australia","New South Wales",NA,"5c4dd6e0"
"NT",2020-10-18,33,0,53959,33,33,0,0,0,245562,2,"Australia","Northern Territory",NA,"a079fdb2"
"QLD",2020-10-18,1164,6,1186578,1164,1154,2,0,0,5115451,2,"Australia","Queensland",NA,"36068882"
"SA",2020-10-18,484,4,516219,484,472,0,0,0,1756494,2,"Australia","South Australia",NA,"165128d0"
"TAS",2020-10-18,230,13,112028,230,217,0,0,0,535500,2,"Australia","Tasmania",NA,"86525f8e"
"VIC",2020-10-18,20315,816,2944356,20315,19295,12,0,0,6629870,2,"Australia","Victoria",NA,"6c5dccdb"
"WA",2020-10-18,714,9,458327,714,685,0,0,0,2630557,2,"Australia","Western Australia",NA,"1f999f12"
"ACT",2020-10-19,113,3,101648,113,110,0,0,0,428060,2,"Australia","Australian Capital Territory",NA,"f42f23e3"
"NSW",2020-10-19,4342,53,2910053,4342,2802,3,1,0,8117976,2,"Australia","New South Wales",NA,"5c4dd6e0"
"NT",2020-10-19,33,0,54086,33,33,0,0,0,245562,2,"Australia","Northern Territory",NA,"a079fdb2"
"QLD",2020-10-19,1164,6,1188355,1164,1154,2,0,0,5115451,2,"Australia","Queensland",NA,"36068882"
"SA",2020-10-19,484,4,517904,484,472,0,0,0,1756494,2,"Australia","South Australia",NA,"165128d0"
"TAS",2020-10-19,230,13,112207,230,217,0,0,0,535500,2,"Australia","Tasmania",NA,"86525f8e"
"VIC",2020-10-19,20319,817,2955149,20319,19299,12,0,0,6629870,2,"Australia","Victoria",NA,"6c5dccdb"
"WA",2020-10-19,714,9,463972,714,685,0,0,0,2630557,2,"Australia","Western Australia",NA,"1f999f12"
"ACT",2020-10-20,113,3,102374,113,110,0,0,0,428060,2,"Australia","Australian Capital Territory",NA,"f42f23e3"
"NSW",2020-10-20,4347,53,2917454,4347,2802,4,1,0,8117976,2,"Australia","New South Wales",NA,"5c4dd6e0"
"NT",2020-10-20,33,0,54412,33,33,0,0,0,245562,2,"Australia","Northern Territory",NA,"a079fdb2"
"QLD",2020-10-20,1164,6,1192435,1164,1154,2,0,0,5115451,2,"Australia","Queensland",NA,"36068882"
"SA",2020-10-20,484,4,519971,484,472,0,0,0,1756494,2,"Australia","South Australia",NA,"165128d0"
"TAS",2020-10-20,230,13,112446,230,217,0,0,0,535500,2,"Australia","Tasmania",NA,"86525f8e"
"VIC",2020-10-20,20321,817,2967085,20321,19313,11,0,0,6629870,2,"Australia","Victoria",NA,"6c5dccdb"
"WA",2020-10-20,738,9,466070,738,685,0,0,0,2630557,2,"Australia","Western Australia",NA,"1f999f12"
"ACT",2020-10-21,113,3,102802,113,110,0,0,0,428060,2,"Australia","Australian Capital Territory",NA,"f42f23e3"
"NSW",2020-10-21,4356,53,2932386,4356,2802,4,1,0,8117976,2,"Australia","New South Wales",NA,"5c4dd6e0"
"NT",2020-10-21,33,0,54886,33,33,0,0,0,245562,2,"Australia","Northern Territory",NA,"a079fdb2"
"QLD",2020-10-21,1165,6,1198424,1165,1154,2,0,0,5115451,2,"Australia","Queensland",NA,"36068882"
"SA",2020-10-21,485,4,522919,485,473,0,0,0,1756494,2,"Australia","South Australia",NA,"165128d0"
"TAS",2020-10-21,230,13,113050,230,217,0,0,0,535500,2,"Australia","Tasmania",NA,"86525f8e"
"VIC",2020-10-21,20323,817,2984494,20323,19329,10,0,0,6629870,2,"Australia","Victoria",NA,"6c5dccdb"
"WA",2020-10-21,739,9,469045,739,690,0,0,0,2630557,2,"Australia","Western Australia",NA,"1f999f12"
"ACT",2020-10-22,114,3,103319,114,110,0,0,0,428060,2,"Australia","Australian Capital Territory",NA,"f42f23e3"
"NSW",2020-10-22,4363,53,2947715,4363,2802,5,1,0,8117976,2,"Australia","New South Wales",NA,"5c4dd6e0"
"NT",2020-10-22,33,0,55337,33,33,0,0,0,245562,2,"Australia","Northern Territory",NA,"a079fdb2"
"QLD",2020-10-22,1165,6,1203184,1165,1155,2,0,0,5115451,2,"Australia","Queensland",NA,"36068882"
"SA",2020-10-22,485,4,526192,485,473,0,0,0,1756494,2,"Australia","South Australia",NA,"165128d0"
"TAS",2020-10-22,230,13,113652,230,217,0,0,0,535500,2,"Australia","Tasmania",NA,"86525f8e"
"VIC",2020-10-22,20329,817,3002936,20329,19340,9,0,0,6629870,2,"Australia","Victoria",NA,"6c5dccdb"
"WA",2020-10-22,747,9,471489,747,690,0,0,0,2630557,2,"Australia","Western Australia",NA,"1f999f12"
"ACT",2020-10-23,114,3,103791,114,110,0,0,0,428060,2,"Australia","Australian Capital Territory",NA,"f42f23e3"
"NSW",2020-10-23,4370,53,2961401,4370,2802,7,0,0,8117976,2,"Australia","New South Wales",NA,"5c4dd6e0"
"NT",2020-10-23,33,0,55826,33,33,0,0,0,245562,2,"Australia","Northern Territory",NA,"a079fdb2"
"QLD",2020-10-23,1167,6,1207967,1167,1155,4,0,0,5115451,2,"Australia","Queensland",NA,"36068882"
"SA",2020-10-23,487,4,528925,487,473,0,0,0,1756494,2,"Australia","South Australia",NA,"165128d0"
"TAS",2020-10-23,230,13,113932,230,217,0,0,0,535500,2,"Australia","Tasmania",NA,"86525f8e"
"VIC",2020-10-23,20330,817,3022364,20330,19346,8,0,0,6629870,2,"Australia","Victoria",NA,"6c5dccdb"
"WA",2020-10-23,753,9,473120,753,692,1,0,0,2630557,2,"Australia","Western Australia",NA,"1f999f12"
"ACT",2020-10-24,114,3,104059,114,110,0,0,0,428060,2,"Australia","Australian Capital Territory",NA,"f42f23e3"
"NSW",2020-10-24,4375,53,2974291,4375,2802,6,0,0,8117976,2,"Australia","New South Wales",NA,"5c4dd6e0"
"NT",2020-10-24,33,0,56150,33,33,0,0,0,245562,2,"Australia","Northern Territory",NA,"a079fdb2"
"QLD",2020-10-24,1167,6,1211609,1167,1155,4,0,0,5115451,2,"Australia","Queensland",NA,"36068882"
"SA",2020-10-24,487,4,532005,487,475,0,0,0,1756494,2,"Australia","South Australia",NA,"165128d0"
"TAS",2020-10-24,230,13,114394,230,217,0,0,0,535500,2,"Australia","Tasmania",NA,"86525f8e"
"VIC",2020-10-24,20336,817,3039583,20336,19354,8,0,0,6629870,2,"Australia","Victoria",NA,"6c5dccdb"
"WA",2020-10-24,757,9,473120,757,692,1,0,0,2630557,2,"Australia","Western Australia",NA,"1f999f12"
"ACT",2020-10-25,114,3,104285,114,110,0,0,0,428060,2,"Australia","Australian Capital Territory",NA,"f42f23e3"
"NSW",2020-10-25,4382,53,2986756,4382,2802,6,0,0,8117976,2,"Australia","New South Wales",NA,"5c4dd6e0"
"NT",2020-10-25,33,0,56316,33,33,0,0,0,245562,2,"Australia","Northern Territory",NA,"a079fdb2"
"QLD",2020-10-25,1167,6,1214121,1167,1155,4,0,0,5115451,2,"Australia","Queensland",NA,"36068882"
"SA",2020-10-25,491,4,534150,491,475,0,0,0,1756494,2,"Australia","South Australia",NA,"165128d0"
"TAS",2020-10-25,230,13,114617,230,217,0,0,0,535500,2,"Australia","Tasmania",NA,"86525f8e"
"VIC",2020-10-25,20343,817,3052477,20343,19359,7,0,0,6629870,2,"Australia","Victoria",NA,"6c5dccdb"
"WA",2020-10-25,760,9,473120,760,694,0,0,0,2630557,2,"Australia","Western Australia",NA,"1f999f12"
"ACT",2020-10-26,114,3,104681,114,110,0,0,0,428060,2,"Australia","Australian Capital Territory",NA,"f42f23e3"
"NSW",2020-10-26,4386,53,2994203,4386,2802,8,0,0,8117976,2,"Australia","New South Wales",NA,"5c4dd6e0"
"NT",2020-10-26,33,0,56651,33,33,0,0,0,245562,2,"Australia","Northern Territory",NA,"a079fdb2"
"QLD",2020-10-26,1167,6,1215772,1167,1157,2,0,0,5115451,2,"Australia","Queensland",NA,"36068882"
"SA",2020-10-26,494,4,536113,494,478,0,0,0,1756494,2,"Australia","South Australia",NA,"165128d0"
"TAS",2020-10-26,230,13,114731,230,217,0,0,0,535500,2,"Australia","Tasmania",NA,"86525f8e"
"VIC",2020-10-26,20341,817,3066501,20341,19366,6,0,0,6629870,2,"Australia","Victoria",NA,"6c5dccdb"
"WA",2020-10-26,762,9,478376,762,700,0,0,0,2630557,2,"Australia","Western Australia",NA,"1f999f12"
"ACT",2020-10-27,114,3,105163,114,110,0,0,0,428060,2,"Australia","Australian Capital Territory",NA,"f42f23e3"
"NSW",2020-10-27,4398,53,3000641,4398,2802,8,1,0,8117976,2,"Australia","New South Wales",NA,"5c4dd6e0"
"NT",2020-10-27,33,0,57069,33,33,0,0,0,245562,2,"Australia","Northern Territory",NA,"a079fdb2"
"QLD",2020-10-27,1167,6,1219570,1167,1157,2,0,0,5115451,2,"Australia","Queensland",NA,"36068882"
"SA",2020-10-27,494,4,538497,494,479,0,0,0,1756494,2,"Australia","South Australia",NA,"165128d0"
"TAS",2020-10-27,230,13,115108,230,217,0,0,0,535500,2,"Australia","Tasmania",NA,"86525f8e"
"VIC",2020-10-27,20341,817,3081980,20341,19370,5,0,0,6629870,2,"Australia","Victoria",NA,"6c5dccdb"
"WA",2020-10-27,764,9,480530,764,700,0,0,0,2630557,2,"Australia","Western Australia",NA,"1f999f12"
"ACT",2020-10-28,114,3,105737,114,110,0,0,0,428060,2,"Australia","Australian Capital Territory",NA,"f42f23e3"
"NSW",2020-10-28,4406,53,3015023,4406,2802,7,1,0,8117976,2,"Australia","New South Wales",NA,"5c4dd6e0"
"NT",2020-10-28,34,0,57427,34,33,0,0,0,245562,2,"Australia","Northern Territory",NA,"a079fdb2"
"QLD",2020-10-28,1169,6,1224099,1169,1157,3,0,0,5115451,2,"Australia","Queensland",NA,"36068882"
"SA",2020-10-28,495,4,542038,495,479,0,0,0,1756494,2,"Australia","South Australia",NA,"165128d0"
"TAS",2020-10-28,230,13,115990,230,217,0,0,0,535500,2,"Australia","Tasmania",NA,"86525f8e"
"VIC",2020-10-28,20342,819,3106653,20342,19376,3,0,0,6629870,2,"Australia","Victoria",NA,"6c5dccdb"
"WA",2020-10-28,765,9,483274,765,706,0,0,0,2630557,2,"Australia","Western Australia",NA,"1f999f12"
"ACT",2020-10-29,114,3,106177,114,110,0,0,0,428060,2,"Australia","Australian Capital Territory",NA,"f42f23e3"
"NSW",2020-10-29,4411,53,3029253,4411,2802,7,1,0,8117976,2,"Australia","New South Wales",NA,"5c4dd6e0"
"NT",2020-10-29,38,0,57962,38,33,4,0,0,245562,2,"Australia","Northern Territory",NA,"a079fdb2"
"QLD",2020-10-29,1171,6,1229045,1171,1159,3,0,0,5115451,2,"Australia","Queensland",NA,"36068882"
"SA",2020-10-29,496,4,545230,496,482,0,0,0,1756494,2,"Australia","South Australia",NA,"165128d0"
"TAS",2020-10-29,230,13,116415,230,217,0,0,0,535500,2,"Australia","Tasmania",NA,"86525f8e"
"VIC",2020-10-29,20344,819,3130788,20344,19382,5,0,0,6629870,2,"Australia","Victoria",NA,"6c5dccdb"
"WA",2020-10-29,766,9,486041,766,708,0,0,0,2630557,2,"Australia","Western Australia",NA,"1f999f12"
"ACT",2020-10-30,114,3,106715,114,111,0,0,0,428060,2,"Australia","Australian Capital Territory",NA,"f42f23e3"
"NSW",2020-10-30,4417,53,3042039,4417,2802,7,1,0,8117976,2,"Australia","New South Wales",NA,"5c4dd6e0"
"NT",2020-10-30,38,0,58329,38,33,5,0,0,245562,2,"Australia","Northern Territory",NA,"a079fdb2"
"QLD",2020-10-30,1172,6,1233236,1172,1159,3,0,0,5115451,2,"Australia","Queensland",NA,"36068882"
"SA",2020-10-30,497,4,548675,497,483,0,0,0,1756494,2,"Australia","South Australia",NA,"165128d0"
"TAS",2020-10-30,230,13,117087,230,217,0,0,0,535500,2,"Australia","Tasmania",NA,"86525f8e"
"VIC",2020-10-30,20347,819,3154371,20347,19381,5,0,0,6629870,2,"Australia","Victoria",NA,"6c5dccdb"
"WA",2020-10-30,767,9,487990,767,712,0,0,0,2630557,2,"Australia","Western Australia",NA,"1f999f12"
"ACT",2020-10-31,114,3,106976,114,111,0,0,0,428060,2,"Australia","Australian Capital Territory",NA,"f42f23e3"
"NSW",2020-10-31,4421,53,3055173,4421,2802,6,1,0,8117976,2,"Australia","New South Wales",NA,"5c4dd6e0"
"NT",2020-10-31,38,0,58766,38,33,5,0,0,245562,2,"Australia","Northern Territory",NA,"a079fdb2"
"QLD",2020-10-31,1171,6,1236847,1171,1160,4,0,0,5115451,2,"Australia","Queensland",NA,"36068882"
"SA",2020-10-31,501,4,551799,501,483,0,0,0,1756494,2,"Australia","South Australia",NA,"165128d0"
"TAS",2020-10-31,230,13,117507,230,217,0,0,0,535500,2,"Australia","Tasmania",NA,"86525f8e"
"VIC",2020-10-31,20347,819,3174221,20347,19457,2,0,0,6629870,2,"Australia","Victoria",NA,"6c5dccdb"
"WA",2020-10-31,768,9,487990,768,715,0,0,0,2630557,2,"Australia","Western Australia",NA,"1f999f12"
"ACT",2020-11-01,114,3,107202,114,111,0,0,0,428060,2,"Australia","Australian Capital Territory",NA,"f42f23e3"
"NSW",2020-11-01,4425,53,3069924,4425,2802,6,1,1,8117976,2,"Australia","New South Wales",NA,"5c4dd6e0"
"NT",2020-11-01,38,0,58967,38,33,5,0,0,245562,2,"Australia","Northern Territory",NA,"a079fdb2"
"QLD",2020-11-01,1172,6,1239418,1172,1160,4,0,0,5115451,2,"Australia","Queensland",NA,"36068882"
"SA",2020-11-01,501,4,553753,501,483,0,0,0,1756494,2,"Australia","South Australia",NA,"165128d0"
"TAS",2020-11-01,230,13,117713,230,217,0,0,0,535500,2,"Australia","Tasmania",NA,"86525f8e"
"VIC",2020-11-01,20346,819,3190219,20346,19466,2,0,0,6629870,2,"Australia","Victoria",NA,"6c5dccdb"
"WA",2020-11-01,769,9,487990,769,718,0,0,0,2630557,2,"Australia","Western Australia",NA,"1f999f12"
"ACT",2020-11-02,114,3,107484,114,111,0,0,0,428060,2,"Australia","Australian Capital Territory",NA,"f42f23e3"
"NSW",2020-11-02,4432,53,3077355,4432,2802,6,1,1,8117976,2,"Australia","New South Wales",NA,"5c4dd6e0"
"NT",2020-11-02,38,0,59140,38,33,5,0,0,245562,2,"Australia","Northern Territory",NA,"a079fdb2"
"QLD",2020-11-02,1172,6,1241130,1172,1163,3,0,0,5115451,2,"Australia","Queensland",NA,"36068882"
"SA",2020-11-02,501,4,555592,501,485,0,0,0,1756494,2,"Australia","South Australia",NA,"165128d0"
"TAS",2020-11-02,230,13,117912,230,217,0,0,0,535500,2,"Australia","Tasmania",NA,"86525f8e"
"VIC",2020-11-02,20345,819,3203175,20345,19477,2,0,0,6629870,2,"Australia","Victoria",NA,"6c5dccdb"
"WA",2020-11-02,770,9,493613,770,722,0,0,0,2630557,2,"Australia","Western Australia",NA,"1f999f12"
"ACT",2020-11-03,114,3,108157,114,111,0,0,0,428060,2,"Australia","Australian Capital Territory",NA,"f42f23e3"
"NSW",2020-11-03,4435,53,3085905,4435,2802,5,1,1,8117976,2,"Australia","New South Wales",NA,"5c4dd6e0"
"NT",2020-11-03,38,0,59528,38,33,5,0,0,245562,2,"Australia","Northern Territory",NA,"a079fdb2"
"QLD",2020-11-03,1175,6,1245093,1175,1163,3,0,0,5115451,2,"Australia","Queensland",NA,"36068882"
"SA",2020-11-03,503,4,558519,503,486,0,0,0,1756494,2,"Australia","South Australia",NA,"165128d0"
"TAS",2020-11-03,230,13,118021,230,217,0,0,0,535500,2,"Australia","Tasmania",NA,"86525f8e"
"VIC",2020-11-03,20345,819,3216016,20345,19488,2,0,0,6629870,2,"Australia","Victoria",NA,"6c5dccdb"
"WA",2020-11-03,770,9,495932,770,738,0,0,0,2630557,2,"Australia","Western Australia",NA,"1f999f12"
"ACT",2020-11-04,114,3,108682,114,111,0,0,0,428060,2,"Australia","Australian Capital Territory",NA,"f42f23e3"
"NSW",2020-11-04,4443,53,3102941,4443,2802,5,1,1,8117976,2,"Australia","New South Wales",NA,"5c4dd6e0"
"NT",2020-11-04,38,0,59981,38,33,5,0,0,245562,2,"Australia","Northern Territory",NA,"a079fdb2"
"QLD",2020-11-04,1177,6,1250335,1177,1165,8,0,0,5115451,2,"Australia","Queensland",NA,"36068882"
"SA",2020-11-04,504,4,561909,504,488,0,0,0,1756494,2,"Australia","South Australia",NA,"165128d0"
"TAS",2020-11-04,230,13,118398,230,217,0,0,0,535500,2,"Australia","Tasmania",NA,"86525f8e"
"VIC",2020-11-04,20345,819,3233373,20345,19496,2,0,0,6629870,2,"Australia","Victoria",NA,"6c5dccdb"
"WA",2020-11-04,771,9,497944,771,748,0,0,0,2630557,2,"Australia","Western Australia",NA,"1f999f12"
"ACT",2020-11-05,114,3,109057,114,111,0,0,0,428060,2,"Australia","Australian Capital Territory",NA,"f42f23e3"
"NSW",2020-11-05,4445,53,3121407,4445,2802,6,1,1,8117976,2,"Australia","New South Wales",NA,"5c4dd6e0"
"NT",2020-11-05,39,0,60474,39,33,5,0,0,245562,2,"Australia","Northern Territory",NA,"a079fdb2"
"QLD",2020-11-05,1177,6,1255382,1177,1163,8,0,0,5115451,2,"Australia","Queensland",NA,"36068882"
"SA",2020-11-05,509,4,565353,509,489,0,0,0,1756494,2,"Australia","South Australia",NA,"165128d0"
"TAS",2020-11-05,230,13,118864,230,217,0,0,0,535500,2,"Australia","Tasmania",NA,"86525f8e"
"VIC",2020-11-05,20345,819,3246852,20345,19506,2,0,0,6629870,2,"Australia","Victoria",NA,"6c5dccdb"
"WA",2020-11-05,775,9,499753,775,750,0,0,0,2630557,2,"Australia","Western Australia",NA,"1f999f12"
"ACT",2020-11-06,114,3,109532,114,111,0,0,0,428060,2,"Australia","Australian Capital Territory",NA,"f42f23e3"
"NSW",2020-11-06,4454,53,3138899,4454,2802,4,1,1,8117976,2,"Australia","New South Wales",NA,"5c4dd6e0"
"NT",2020-11-06,39,0,60769,39,33,6,0,0,245562,2,"Australia","Northern Territory",NA,"a079fdb2"
"QLD",2020-11-06,1177,6,1259722,1177,1163,8,0,0,5115451,2,"Australia","Queensland",NA,"36068882"
"SA",2020-11-06,510,4,568120,510,489,0,0,0,1756494,2,"Australia","South Australia",NA,"165128d0"
"TAS",2020-11-06,230,13,119620,230,217,0,0,0,535500,2,"Australia","Tasmania",NA,"86525f8e"
"VIC",2020-11-06,20345,819,3265523,20345,19511,2,0,0,6629870,2,"Australia","Victoria",NA,"6c5dccdb"
"WA",2020-11-06,776,9,501428,776,751,0,0,0,2630557,2,"Australia","Western Australia",NA,"1f999f12"
"ACT",2020-11-07,114,3,109877,114,111,0,0,0,428060,2,"Australia","Australian Capital Territory",NA,"f42f23e3"
"NSW",2020-11-07,4459,53,3153596,4459,2802,3,1,1,8117976,2,"Australia","New South Wales",NA,"5c4dd6e0"
"NT",2020-11-07,39,0,61077,39,33,6,0,0,245562,2,"Australia","Northern Territory",NA,"a079fdb2"
"QLD",2020-11-07,1177,6,1263289,1177,1163,8,0,0,5115451,2,"Australia","Queensland",NA,"36068882"
"SA",2020-11-07,512,4,570672,512,490,0,0,0,1756494,2,"Australia","South Australia",NA,"165128d0"
"TAS",2020-11-07,230,13,119979,230,217,0,0,0,535500,2,"Australia","Tasmania",NA,"86525f8e"
"VIC",2020-11-07,20345,819,3282437,20345,19518,2,0,0,6629870,2,"Australia","Victoria",NA,"6c5dccdb"
"WA",2020-11-07,776,9,501428,776,755,0,0,0,2630557,2,"Australia","Western Australia",NA,"1f999f12"
"ACT",2020-11-08,114,3,110041,114,111,0,0,0,428060,2,"Australia","Australian Capital Territory",NA,"f42f23e3"
"NSW",2020-11-08,4462,53,3167317,4462,2802,3,1,1,8117976,2,"Australia","New South Wales",NA,"5c4dd6e0"
"NT",2020-11-08,39,0,61249,39,33,6,0,0,245562,2,"Australia","Northern Territory",NA,"a079fdb2"
"QLD",2020-11-08,1177,6,1265567,1177,1163,8,0,0,5115451,2,"Australia","Queensland",NA,"36068882"
"SA",2020-11-08,515,4,572618,515,492,0,0,0,1756494,2,"Australia","South Australia",NA,"165128d0"
"TAS",2020-11-08,230,13,120292,230,217,0,0,0,535500,2,"Australia","Tasmania",NA,"86525f8e"
"VIC",2020-11-08,20345,819,3299302,20345,19522,2,0,0,6629870,2,"Australia","Victoria",NA,"6c5dccdb"
"WA",2020-11-08,776,9,501428,776,757,0,0,0,2630557,2,"Australia","Western Australia",NA,"1f999f12"
"ACT",2020-11-09,114,3,110274,114,111,0,0,0,428060,2,"Australia","Australian Capital Territory",NA,"f42f23e3"
"NSW",2020-11-09,4469,53,3176816,4469,2802,3,1,1,8117976,2,"Australia","New South Wales",NA,"5c4dd6e0"
"NT",2020-11-09,40,0,61615,40,33,7,0,0,245562,2,"Australia","Northern Territory",NA,"a079fdb2"
"QLD",2020-11-09,1177,6,1267244,1177,1163,8,0,0,5115451,2,"Australia","Queensland",NA,"36068882"
"SA",2020-11-09,517,4,574115,517,495,0,0,0,1756494,2,"Australia","South Australia",NA,"165128d0"
"TAS",2020-11-09,230,13,120524,230,217,0,0,0,535500,2,"Australia","Tasmania",NA,"86525f8e"
"VIC",2020-11-09,20345,819,3309955,20345,19522,2,0,0,6629870,2,"Australia","Victoria",NA,"6c5dccdb"
"WA",2020-11-09,776,9,506297,776,757,0,0,0,2630557,2,"Australia","Western Australia",NA,"1f999f12"
"ACT",2020-11-10,114,3,111078,114,111,0,0,0,428060,2,"Australia","Australian Capital Territory",NA,"f42f23e3"
"NSW",2020-11-10,4474,53,3186874,4474,2802,3,1,1,8117976,2,"Australia","New South Wales",NA,"5c4dd6e0"
"NT",2020-11-10,40,0,62266,40,33,7,0,0,245562,2,"Australia","Northern Territory",NA,"a079fdb2"
"QLD",2020-11-10,1178,6,1271217,1178,1163,8,0,0,5115451,2,"Australia","Queensland",NA,"36068882"
"SA",2020-11-10,518,4,576485,518,497,0,0,0,1756494,2,"Australia","South Australia",NA,"165128d0"
"TAS",2020-11-10,230,13,120958,230,217,0,0,0,535500,2,"Australia","Tasmania",NA,"86525f8e"
"VIC",2020-11-10,20345,819,3322910,20345,19522,2,0,0,6629870,2,"Australia","Victoria",NA,"6c5dccdb"
"WA",2020-11-10,778,9,508425,778,757,0,0,0,2630557,2,"Australia","Western Australia",NA,"1f999f12"
"ACT",2020-11-11,114,3,111757,114,111,0,0,0,428060,2,"Australia","Australian Capital Territory",NA,"f42f23e3"
"NSW",2020-11-11,4478,53,3207460,4478,2802,4,0,0,8117976,2,"Australia","New South Wales",NA,"5c4dd6e0"
"NT",2020-11-11,40,0,62610,40,33,7,0,0,245562,2,"Australia","Northern Territory",NA,"a079fdb2"
"QLD",2020-11-11,1179,6,1276587,1179,1163,8,0,0,5115451,2,"Australia","Queensland",NA,"36068882"
"SA",2020-11-11,519,4,579055,519,498,1,0,0,1756494,2,"Australia","South Australia",NA,"165128d0"
"TAS",2020-11-11,230,13,121527,230,217,0,0,0,535500,2,"Australia","Tasmania",NA,"86525f8e"
"VIC",2020-11-11,20345,819,3342896,20345,19522,2,0,0,6629870,2,"Australia","Victoria",NA,"6c5dccdb"
"WA",2020-11-11,780,9,510727,780,757,0,0,0,2630557,2,"Australia","Western Australia",NA,"1f999f12"
"ACT",2020-11-12,114,3,112268,114,111,0,0,0,428060,2,"Australia","Australian Capital Territory",NA,"f42f23e3"
"NSW",2020-11-12,4483,53,3230696,4483,2802,4,0,0,8117976,2,"Australia","New South Wales",NA,"5c4dd6e0"
"NT",2020-11-12,41,0,63073,41,33,8,0,0,245562,2,"Australia","Northern Territory",NA,"a079fdb2"
"QLD",2020-11-12,1182,6,1281637,1182,1163,7,0,0,5115451,2,"Australia","Queensland",NA,"36068882"
"SA",2020-11-12,520,4,582367,520,499,1,0,0,1756494,2,"Australia","South Australia",NA,"165128d0"
"TAS",2020-11-12,230,13,121969,230,217,0,0,0,535500,2,"Australia","Tasmania",NA,"86525f8e"
"VIC",2020-11-12,20345,819,3363715,20345,19523,2,0,0,6629870,2,"Australia","Victoria",NA,"6c5dccdb"
"WA",2020-11-12,783,9,512756,783,760,0,0,0,2630557,2,"Australia","Western Australia",NA,"1f999f12"
"ACT",2020-11-13,114,3,112451,114,111,0,0,0,428060,2,"Australia","Australian Capital Territory",NA,"f42f23e3"
"NSW",2020-11-13,4482,53,3249637,4482,2802,4,0,0,8117976,2,"Australia","New South Wales",NA,"5c4dd6e0"
"NT",2020-11-13,46,0,63553,46,33,8,0,0,245562,2,"Australia","Northern Territory",NA,"a079fdb2"
"QLD",2020-11-13,1183,6,1285910,1183,1167,7,0,0,5115451,2,"Australia","Queensland",NA,"36068882"
"SA",2020-11-13,520,4,584618,520,500,1,0,0,1756494,2,"Australia","South Australia",NA,"165128d0"
"TAS",2020-11-13,230,13,122366,230,217,0,0,0,535500,2,"Australia","Tasmania",NA,"86525f8e"
"VIC",2020-11-13,20345,819,3375716,20345,19523,2,0,0,6629870,2,"Australia","Victoria",NA,"6c5dccdb"
"WA",2020-11-13,783,9,514223,783,761,0,0,0,2630557,2,"Australia","Western Australia",NA,"1f999f12"
"ACT",2020-11-14,114,3,113024,114,111,0,0,0,428060,2,"Australia","Australian Capital Territory",NA,"f42f23e3"
"NSW",2020-11-14,4486,53,3266821,4486,2802,4,0,0,8117976,2,"Australia","New South Wales",NA,"5c4dd6e0"
"NT",2020-11-14,46,0,64098,46,33,8,0,0,245562,2,"Australia","Northern Territory",NA,"a079fdb2"
"QLD",2020-11-14,1185,6,1290412,1185,1171,6,0,0,5115451,2,"Australia","Queensland",NA,"36068882"
"SA",2020-11-14,522,4,586972,522,501,1,0,0,1756494,2,"Australia","South Australia",NA,"165128d0"
"TAS",2020-11-14,230,13,122816,230,217,0,0,0,535500,2,"Australia","Tasmania",NA,"86525f8e"
"VIC",2020-11-14,20345,819,3390330,20345,19523,2,0,0,6629870,2,"Australia","Victoria",NA,"6c5dccdb"
"WA",2020-11-14,783,9,514223,783,761,0,0,0,2630557,2,"Australia","Western Australia",NA,"1f999f12"
"ACT",2020-11-15,114,3,113261,114,111,0,0,0,428060,2,"Australia","Australian Capital Territory",NA,"f42f23e3"
"NSW",2020-11-15,4495,53,3284047,4495,2802,5,0,0,8117976,2,"Australia","New South Wales",NA,"5c4dd6e0"
"NT",2020-11-15,46,0,64270,46,33,8,0,0,245562,2,"Australia","Northern Territory",NA,"a079fdb2"
"QLD",2020-11-15,1185,6,1292903,1185,1171,6,0,0,5115451,2,"Australia","Queensland",NA,"36068882"
"SA",2020-11-15,526,4,589008,526,503,1,0,0,1756494,2,"Australia","South Australia",NA,"165128d0"
"TAS",2020-11-15,230,13,122974,230,217,0,0,0,535500,2,"Australia","Tasmania",NA,"86525f8e"
"VIC",2020-11-15,20345,819,3398653,20345,19523,2,0,0,6629870,2,"Australia","Victoria",NA,"6c5dccdb"
"WA",2020-11-15,787,9,514223,787,765,0,0,0,2630557,2,"Australia","Western Australia",NA,"1f999f12"
