"date","confirmed","deaths","tests","positives","recovered","hosp","icu","vent","vaccines","people_vaccinated","people_fully_vaccinated","population","administrative_area_level","administrative_area_level_1","administrative_area_level_2","administrative_area_level_3","id"
2020-01-25,0,0,0,0,0,0,0,0,0,0,0,428060,2,"Australia","Australian Capital Territory",NA,"f42f23e3"
2020-01-25,3,0,0,0,0,0,0,0,0,0,0,8117976,2,"Australia","New South Wales",NA,"5c4dd6e0"
2020-01-25,0,0,0,0,0,0,0,0,0,0,0,245562,2,"Australia","Northern Territory",NA,"a079fdb2"
2020-01-25,0,0,0,0,0,0,0,0,0,0,0,5115451,2,"Australia","Queensland",NA,"36068882"
2020-01-25,0,0,0,0,0,0,0,0,0,0,0,1756494,2,"Australia","South Australia",NA,"165128d0"
2020-01-25,0,0,0,0,0,0,0,0,0,0,0,535500,2,"Australia","Tasmania",NA,"86525f8e"
2020-01-25,1,0,0,0,0,0,0,0,0,0,0,6629870,2,"Australia","Victoria",NA,"6c5dccdb"
2020-01-25,0,0,0,0,0,0,0,0,0,0,0,2630557,2,"Australia","Western Australia",NA,"1f999f12"
2020-01-26,0,0,0,0,0,0,0,0,0,0,0,428060,2,"Australia","Australian Capital Territory",NA,"f42f23e3"
2020-01-26,3,0,0,0,0,0,0,0,0,0,0,8117976,2,"Australia","New South Wales",NA,"5c4dd6e0"
2020-01-26,0,0,0,0,0,0,0,0,0,0,0,245562,2,"Australia","Northern Territory",NA,"a079fdb2"
2020-01-26,0,0,0,0,0,0,0,0,0,0,0,5115451,2,"Australia","Queensland",NA,"36068882"
2020-01-26,0,0,0,0,0,0,0,0,0,0,0,1756494,2,"Australia","South Australia",NA,"165128d0"
2020-01-26,0,0,0,0,0,0,0,0,0,0,0,535500,2,"Australia","Tasmania",NA,"86525f8e"
2020-01-26,1,0,0,0,0,0,0,0,0,0,0,6629870,2,"Australia","Victoria",NA,"6c5dccdb"
2020-01-26,0,0,0,0,0,0,0,0,0,0,0,2630557,2,"Australia","Western Australia",NA,"1f999f12"
2020-01-27,0,0,0,0,0,0,0,0,0,0,0,428060,2,"Australia","Australian Capital Territory",NA,"f42f23e3"
2020-01-27,4,0,0,0,0,0,0,0,0,0,0,8117976,2,"Australia","New South Wales",NA,"5c4dd6e0"
2020-01-27,0,0,0,0,0,0,0,0,0,0,0,245562,2,"Australia","Northern Territory",NA,"a079fdb2"
2020-01-27,0,0,0,0,0,0,0,0,0,0,0,5115451,2,"Australia","Queensland",NA,"36068882"
2020-01-27,0,0,0,0,0,0,0,0,0,0,0,1756494,2,"Australia","South Australia",NA,"165128d0"
2020-01-27,0,0,0,0,0,0,0,0,0,0,0,535500,2,"Australia","Tasmania",NA,"86525f8e"
2020-01-27,1,0,0,0,0,0,0,0,0,0,0,6629870,2,"Australia","Victoria",NA,"6c5dccdb"
2020-01-27,0,0,0,0,0,0,0,0,0,0,0,2630557,2,"Australia","Western Australia",NA,"1f999f12"
2020-01-28,0,0,0,0,0,0,0,0,0,0,0,428060,2,"Australia","Australian Capital Territory",NA,"f42f23e3"
2020-01-28,4,0,0,0,0,0,0,0,0,0,0,8117976,2,"Australia","New South Wales",NA,"5c4dd6e0"
2020-01-28,0,0,0,0,0,0,0,0,0,0,0,245562,2,"Australia","Northern Territory",NA,"a079fdb2"
2020-01-28,0,0,0,0,0,0,0,0,0,0,0,5115451,2,"Australia","Queensland",NA,"36068882"
2020-01-28,0,0,0,0,0,0,0,0,0,0,0,1756494,2,"Australia","South Australia",NA,"165128d0"
2020-01-28,0,0,0,0,0,0,0,0,0,0,0,535500,2,"Australia","Tasmania",NA,"86525f8e"
2020-01-28,1,0,0,0,0,0,0,0,0,0,0,6629870,2,"Australia","Victoria",NA,"6c5dccdb"
2020-01-28,0,0,0,0,0,0,0,0,0,0,0,2630557,2,"Australia","Western Australia",NA,"1f999f12"
2020-01-29,0,0,0,0,0,0,0,0,0,0,0,428060,2,"Australia","Australian Capital Territory",NA,"f42f23e3"
2020-01-29,4,0,0,0,0,0,0,0,0,0,0,8117976,2,"Australia","New South Wales",NA,"5c4dd6e0"
2020-01-29,0,0,0,0,0,0,0,0,0,0,0,245562,2,"Australia","Northern Territory",NA,"a079fdb2"
2020-01-29,2,0,0,0,0,0,0,0,0,0,0,5115451,2,"Australia","Queensland",NA,"36068882"
2020-01-29,0,0,0,0,0,0,0,0,0,0,0,1756494,2,"Australia","South Australia",NA,"165128d0"
2020-01-29,0,0,0,0,0,0,0,0,0,0,0,535500,2,"Australia","Tasmania",NA,"86525f8e"
2020-01-29,3,0,0,0,0,0,0,0,0,0,0,6629870,2,"Australia","Victoria",NA,"6c5dccdb"
2020-01-29,0,0,0,0,0,0,0,0,0,0,0,2630557,2,"Australia","Western Australia",NA,"1f999f12"
2020-01-30,0,0,0,0,0,0,0,0,0,0,0,428060,2,"Australia","Australian Capital Territory",NA,"f42f23e3"
2020-01-30,4,0,0,0,0,0,0,0,0,0,0,8117976,2,"Australia","New South Wales",NA,"5c4dd6e0"
2020-01-30,0,0,0,0,0,0,0,0,0,0,0,245562,2,"Australia","Northern Territory",NA,"a079fdb2"
2020-01-30,2,0,0,0,0,0,0,0,0,0,0,5115451,2,"Australia","Queensland",NA,"36068882"
2020-01-30,0,0,0,0,0,0,0,0,0,0,0,1756494,2,"Australia","South Australia",NA,"165128d0"
2020-01-30,0,0,0,0,0,0,0,0,0,0,0,535500,2,"Australia","Tasmania",NA,"86525f8e"
2020-01-30,3,0,0,0,0,0,0,0,0,0,0,6629870,2,"Australia","Victoria",NA,"6c5dccdb"
2020-01-30,0,0,0,0,0,0,0,0,0,0,0,2630557,2,"Australia","Western Australia",NA,"1f999f12"
2020-01-31,0,0,0,0,0,0,0,0,0,0,0,428060,2,"Australia","Australian Capital Territory",NA,"f42f23e3"
2020-01-31,4,0,0,0,0,0,0,0,0,0,0,8117976,2,"Australia","New South Wales",NA,"5c4dd6e0"
2020-01-31,0,0,0,0,0,0,0,0,0,0,0,245562,2,"Australia","Northern Territory",NA,"a079fdb2"
2020-01-31,2,0,0,0,0,0,0,0,0,0,0,5115451,2,"Australia","Queensland",NA,"36068882"
2020-01-31,0,0,0,0,0,0,0,0,0,0,0,1756494,2,"Australia","South Australia",NA,"165128d0"
2020-01-31,0,0,0,0,0,0,0,0,0,0,0,535500,2,"Australia","Tasmania",NA,"86525f8e"
2020-01-31,3,0,0,0,0,0,0,0,0,0,0,6629870,2,"Australia","Victoria",NA,"6c5dccdb"
2020-01-31,0,0,0,0,0,0,0,0,0,0,0,2630557,2,"Australia","Western Australia",NA,"1f999f12"
2020-02-01,0,0,0,0,0,0,0,0,0,0,0,428060,2,"Australia","Australian Capital Territory",NA,"f42f23e3"
2020-02-01,4,0,0,0,0,0,0,0,0,0,0,8117976,2,"Australia","New South Wales",NA,"5c4dd6e0"
2020-02-01,0,0,0,0,0,0,0,0,0,0,0,245562,2,"Australia","Northern Territory",NA,"a079fdb2"
2020-02-01,2,0,0,0,0,0,0,0,0,0,0,5115451,2,"Australia","Queensland",NA,"36068882"
2020-02-01,0,0,0,0,0,0,0,0,0,0,0,1756494,2,"Australia","South Australia",NA,"165128d0"
2020-02-01,0,0,0,0,0,0,0,0,0,0,0,535500,2,"Australia","Tasmania",NA,"86525f8e"
2020-02-01,4,0,0,0,0,0,0,0,0,0,0,6629870,2,"Australia","Victoria",NA,"6c5dccdb"
2020-02-01,0,0,0,0,0,0,0,0,0,0,0,2630557,2,"Australia","Western Australia",NA,"1f999f12"
2020-02-02,0,0,0,0,0,0,0,0,0,0,0,428060,2,"Australia","Australian Capital Territory",NA,"f42f23e3"
2020-02-02,4,0,0,0,0,0,0,0,0,0,0,8117976,2,"Australia","New South Wales",NA,"5c4dd6e0"
2020-02-02,0,0,0,0,0,0,0,0,0,0,0,245562,2,"Australia","Northern Territory",NA,"a079fdb2"
2020-02-02,2,0,0,0,0,0,0,0,0,0,0,5115451,2,"Australia","Queensland",NA,"36068882"
2020-02-02,2,0,0,0,0,0,0,0,0,0,0,1756494,2,"Australia","South Australia",NA,"165128d0"
2020-02-02,0,0,0,0,0,0,0,0,0,0,0,535500,2,"Australia","Tasmania",NA,"86525f8e"
2020-02-02,4,0,0,0,0,0,0,0,0,0,0,6629870,2,"Australia","Victoria",NA,"6c5dccdb"
2020-02-02,0,0,0,0,0,0,0,0,0,0,0,2630557,2,"Australia","Western Australia",NA,"1f999f12"
2020-02-03,0,0,0,0,0,0,0,0,0,0,0,428060,2,"Australia","Australian Capital Territory",NA,"f42f23e3"
2020-02-03,4,0,0,0,0,0,0,0,0,0,0,8117976,2,"Australia","New South Wales",NA,"5c4dd6e0"
2020-02-03,0,0,0,0,0,0,0,0,0,0,0,245562,2,"Australia","Northern Territory",NA,"a079fdb2"
2020-02-03,2,0,0,0,0,0,0,0,0,0,0,5115451,2,"Australia","Queensland",NA,"36068882"
2020-02-03,2,0,0,0,0,0,0,0,0,0,0,1756494,2,"Australia","South Australia",NA,"165128d0"
2020-02-03,0,0,0,0,0,0,0,0,0,0,0,535500,2,"Australia","Tasmania",NA,"86525f8e"
2020-02-03,4,0,0,0,0,0,0,0,0,0,0,6629870,2,"Australia","Victoria",NA,"6c5dccdb"
2020-02-03,0,0,0,0,0,0,0,0,0,0,0,2630557,2,"Australia","Western Australia",NA,"1f999f12"
2020-02-04,0,0,0,0,0,0,0,0,0,0,0,428060,2,"Australia","Australian Capital Territory",NA,"f42f23e3"
2020-02-04,4,0,0,0,0,0,0,0,0,0,0,8117976,2,"Australia","New South Wales",NA,"5c4dd6e0"
2020-02-04,0,0,0,0,0,0,0,0,0,0,0,245562,2,"Australia","Northern Territory",NA,"a079fdb2"
2020-02-04,3,0,0,0,0,0,0,0,0,0,0,5115451,2,"Australia","Queensland",NA,"36068882"
2020-02-04,2,0,0,0,0,0,0,0,0,0,0,1756494,2,"Australia","South Australia",NA,"165128d0"
2020-02-04,0,0,0,0,0,0,0,0,0,0,0,535500,2,"Australia","Tasmania",NA,"86525f8e"
2020-02-04,4,0,0,0,0,0,0,0,0,0,0,6629870,2,"Australia","Victoria",NA,"6c5dccdb"
2020-02-04,0,0,0,0,0,0,0,0,0,0,0,2630557,2,"Australia","Western Australia",NA,"1f999f12"
2020-02-05,0,0,0,0,0,0,0,0,0,0,0,428060,2,"Australia","Australian Capital Territory",NA,"f42f23e3"
2020-02-05,4,0,0,0,0,0,0,0,0,0,0,8117976,2,"Australia","New South Wales",NA,"5c4dd6e0"
2020-02-05,0,0,0,0,0,0,0,0,0,0,0,245562,2,"Australia","Northern Territory",NA,"a079fdb2"
2020-02-05,4,0,0,0,0,0,0,0,0,0,0,5115451,2,"Australia","Queensland",NA,"36068882"
2020-02-05,2,0,0,0,0,0,0,0,0,0,0,1756494,2,"Australia","South Australia",NA,"165128d0"
2020-02-05,0,0,0,0,0,0,0,0,0,0,0,535500,2,"Australia","Tasmania",NA,"86525f8e"
2020-02-05,4,0,0,0,0,0,0,0,0,0,0,6629870,2,"Australia","Victoria",NA,"6c5dccdb"
2020-02-05,0,0,0,0,0,0,0,0,0,0,0,2630557,2,"Australia","Western Australia",NA,"1f999f12"
2020-02-06,0,0,0,0,0,0,0,0,0,0,0,428060,2,"Australia","Australian Capital Territory",NA,"f42f23e3"
2020-02-06,4,0,0,0,0,0,0,0,0,0,0,8117976,2,"Australia","New South Wales",NA,"5c4dd6e0"
2020-02-06,0,0,0,0,0,0,0,0,0,0,0,245562,2,"Australia","Northern Territory",NA,"a079fdb2"
2020-02-06,5,0,0,0,0,0,0,0,0,0,0,5115451,2,"Australia","Queensland",NA,"36068882"
2020-02-06,2,0,0,0,0,0,0,0,0,0,0,1756494,2,"Australia","South Australia",NA,"165128d0"
2020-02-06,0,0,0,0,0,0,0,0,0,0,0,535500,2,"Australia","Tasmania",NA,"86525f8e"
2020-02-06,4,0,0,0,0,0,0,0,0,0,0,6629870,2,"Australia","Victoria",NA,"6c5dccdb"
2020-02-06,0,0,0,0,0,0,0,0,0,0,0,2630557,2,"Australia","Western Australia",NA,"1f999f12"
2020-02-07,0,0,0,0,0,0,0,0,0,0,0,428060,2,"Australia","Australian Capital Territory",NA,"f42f23e3"
2020-02-07,4,0,0,0,0,0,0,0,0,0,0,8117976,2,"Australia","New South Wales",NA,"5c4dd6e0"
2020-02-07,0,0,0,0,0,0,0,0,0,0,0,245562,2,"Australia","Northern Territory",NA,"a079fdb2"
2020-02-07,5,0,0,0,0,0,0,0,0,0,0,5115451,2,"Australia","Queensland",NA,"36068882"
2020-02-07,2,0,0,0,0,0,0,0,0,0,0,1756494,2,"Australia","South Australia",NA,"165128d0"
2020-02-07,0,0,0,0,0,0,0,0,0,0,0,535500,2,"Australia","Tasmania",NA,"86525f8e"
2020-02-07,4,0,0,0,0,0,0,0,0,0,0,6629870,2,"Australia","Victoria",NA,"6c5dccdb"
2020-02-07,0,0,0,0,0,0,0,0,0,0,0,2630557,2,"Australia","Western Australia",NA,"1f999f12"
2020-02-08,0,0,0,0,0,0,0,0,0,0,0,428060,2,"Australia","Australian Capital Territory",NA,"f42f23e3"
2020-02-08,4,0,0,0,0,0,0,0,0,0,0,8117976,2,"Australia","New South Wales",NA,"5c4dd6e0"
2020-02-08,0,0,0,0,0,0,0,0,0,0,0,245562,2,"Australia","Northern Territory",NA,"a079fdb2"
2020-02-08,5,0,0,0,0,0,0,0,0,0,0,5115451,2,"Australia","Queensland",NA,"36068882"
2020-02-08,2,0,0,0,0,0,0,0,0,0,0,1756494,2,"Australia","South Australia",NA,"165128d0"
2020-02-08,0,0,0,0,0,0,0,0,0,0,0,535500,2,"Australia","Tasmania",NA,"86525f8e"
2020-02-08,4,0,0,0,0,0,0,0,0,0,0,6629870,2,"Australia","Victoria",NA,"6c5dccdb"
2020-02-08,0,0,0,0,0,0,0,0,0,0,0,2630557,2,"Australia","Western Australia",NA,"1f999f12"
2020-02-09,0,0,0,0,0,0,0,0,0,0,0,428060,2,"Australia","Australian Capital Territory",NA,"f42f23e3"
2020-02-09,4,0,0,0,0,0,0,0,0,0,0,8117976,2,"Australia","New South Wales",NA,"5c4dd6e0"
2020-02-09,0,0,0,0,0,0,0,0,0,0,0,245562,2,"Australia","Northern Territory",NA,"a079fdb2"
2020-02-09,5,0,0,0,0,0,0,0,0,0,0,5115451,2,"Australia","Queensland",NA,"36068882"
2020-02-09,2,0,0,0,0,0,0,0,0,0,0,1756494,2,"Australia","South Australia",NA,"165128d0"
2020-02-09,0,0,0,0,0,0,0,0,0,0,0,535500,2,"Australia","Tasmania",NA,"86525f8e"
2020-02-09,4,0,0,0,0,0,0,0,0,0,0,6629870,2,"Australia","Victoria",NA,"6c5dccdb"
2020-02-09,0,0,0,0,0,0,0,0,0,0,0,2630557,2,"Australia","Western Australia",NA,"1f999f12"
2020-02-10,0,0,0,0,0,0,0,0,0,0,0,428060,2,"Australia","Australian Capital Territory",NA,"f42f23e3"
2020-02-10,4,0,0,0,0,0,0,0,0,0,0,8117976,2,"Australia","New South Wales",NA,"5c4dd6e0"
2020-02-10,0,0,0,0,0,0,0,0,0,0,0,245562,2,"Australia","Northern Territory",NA,"a079fdb2"
2020-02-10,5,0,0,0,0,0,0,0,0,0,0,5115451,2,"Australia","Queensland",NA,"36068882"
2020-02-10,2,0,0,0,0,0,0,0,0,0,0,1756494,2,"Australia","South Australia",NA,"165128d0"
2020-02-10,0,0,0,0,0,0,0,0,0,0,0,535500,2,"Australia","Tasmania",NA,"86525f8e"
2020-02-10,4,0,0,0,0,0,0,0,0,0,0,6629870,2,"Australia","Victoria",NA,"6c5dccdb"
2020-02-10,0,0,0,0,0,0,0,0,0,0,0,2630557,2,"Australia","Western Australia",NA,"1f999f12"
2020-02-11,0,0,0,0,0,0,0,0,0,0,0,428060,2,"Australia","Australian Capital Territory",NA,"f42f23e3"
2020-02-11,4,0,0,0,0,0,0,0,0,0,0,8117976,2,"Australia","New South Wales",NA,"5c4dd6e0"
2020-02-11,0,0,0,0,0,0,0,0,0,0,0,245562,2,"Australia","Northern Territory",NA,"a079fdb2"
2020-02-11,5,0,0,0,0,0,0,0,0,0,0,5115451,2,"Australia","Queensland",NA,"36068882"
2020-02-11,2,0,0,0,0,0,0,0,0,0,0,1756494,2,"Australia","South Australia",NA,"165128d0"
2020-02-11,0,0,0,0,0,0,0,0,0,0,0,535500,2,"Australia","Tasmania",NA,"86525f8e"
2020-02-11,4,0,0,0,0,0,0,0,0,0,0,6629870,2,"Australia","Victoria",NA,"6c5dccdb"
2020-02-11,0,0,0,0,0,0,0,0,0,0,0,2630557,2,"Australia","Western Australia",NA,"1f999f12"
2020-02-12,0,0,0,0,0,0,0,0,0,0,0,428060,2,"Australia","Australian Capital Territory",NA,"f42f23e3"
2020-02-12,4,0,0,0,0,0,0,0,0,0,0,8117976,2,"Australia","New South Wales",NA,"5c4dd6e0"
2020-02-12,0,0,0,0,0,0,0,0,0,0,0,245562,2,"Australia","Northern Territory",NA,"a079fdb2"
2020-02-12,5,0,0,0,0,0,0,0,0,0,0,5115451,2,"Australia","Queensland",NA,"36068882"
2020-02-12,2,0,0,0,0,0,0,0,0,0,0,1756494,2,"Australia","South Australia",NA,"165128d0"
2020-02-12,0,0,0,0,0,0,0,0,0,0,0,535500,2,"Australia","Tasmania",NA,"86525f8e"
2020-02-12,4,0,0,0,0,0,0,0,0,0,0,6629870,2,"Australia","Victoria",NA,"6c5dccdb"
2020-02-12,0,0,0,0,0,0,0,0,0,0,0,2630557,2,"Australia","Western Australia",NA,"1f999f12"
2020-02-13,0,0,0,0,0,0,0,0,0,0,0,428060,2,"Australia","Australian Capital Territory",NA,"f42f23e3"
2020-02-13,4,0,0,0,0,0,0,0,0,0,0,8117976,2,"Australia","New South Wales",NA,"5c4dd6e0"
2020-02-13,0,0,0,0,0,0,0,0,0,0,0,245562,2,"Australia","Northern Territory",NA,"a079fdb2"
2020-02-13,5,0,0,0,0,0,0,0,0,0,0,5115451,2,"Australia","Queensland",NA,"36068882"
2020-02-13,2,0,0,0,0,0,0,0,0,0,0,1756494,2,"Australia","South Australia",NA,"165128d0"
2020-02-13,0,0,0,0,0,0,0,0,0,0,0,535500,2,"Australia","Tasmania",NA,"86525f8e"
2020-02-13,4,0,0,0,0,0,0,0,0,0,0,6629870,2,"Australia","Victoria",NA,"6c5dccdb"
2020-02-13,0,0,0,0,0,0,0,0,0,0,0,2630557,2,"Australia","Western Australia",NA,"1f999f12"
2020-02-14,0,0,0,0,0,0,0,0,0,0,0,428060,2,"Australia","Australian Capital Territory",NA,"f42f23e3"
2020-02-14,4,0,0,0,0,0,0,0,0,0,0,8117976,2,"Australia","New South Wales",NA,"5c4dd6e0"
2020-02-14,0,0,0,0,0,0,0,0,0,0,0,245562,2,"Australia","Northern Territory",NA,"a079fdb2"
2020-02-14,5,0,0,0,0,0,0,0,0,0,0,5115451,2,"Australia","Queensland",NA,"36068882"
2020-02-14,2,0,0,0,0,0,0,0,0,0,0,1756494,2,"Australia","South Australia",NA,"165128d0"
2020-02-14,0,0,0,0,0,0,0,0,0,0,0,535500,2,"Australia","Tasmania",NA,"86525f8e"
2020-02-14,4,0,0,0,0,0,0,0,0,0,0,6629870,2,"Australia","Victoria",NA,"6c5dccdb"
2020-02-14,0,0,0,0,0,0,0,0,0,0,0,2630557,2,"Australia","Western Australia",NA,"1f999f12"
2020-02-15,0,0,0,0,0,0,0,0,0,0,0,428060,2,"Australia","Australian Capital Territory",NA,"f42f23e3"
2020-02-15,4,0,0,0,0,0,0,0,0,0,0,8117976,2,"Australia","New South Wales",NA,"5c4dd6e0"
2020-02-15,0,0,0,0,0,0,0,0,0,0,0,245562,2,"Australia","Northern Territory",NA,"a079fdb2"
2020-02-15,5,0,0,0,0,0,0,0,0,0,0,5115451,2,"Australia","Queensland",NA,"36068882"
2020-02-15,2,0,0,0,0,0,0,0,0,0,0,1756494,2,"Australia","South Australia",NA,"165128d0"
2020-02-15,0,0,0,0,0,0,0,0,0,0,0,535500,2,"Australia","Tasmania",NA,"86525f8e"
2020-02-15,4,0,0,0,0,0,0,0,0,0,0,6629870,2,"Australia","Victoria",NA,"6c5dccdb"
2020-02-15,0,0,0,0,0,0,0,0,0,0,0,2630557,2,"Australia","Western Australia",NA,"1f999f12"
2020-02-16,0,0,0,0,0,0,0,0,0,0,0,428060,2,"Australia","Australian Capital Territory",NA,"f42f23e3"
2020-02-16,4,0,0,0,0,0,0,0,0,0,0,8117976,2,"Australia","New South Wales",NA,"5c4dd6e0"
2020-02-16,0,0,0,0,0,0,0,0,0,0,0,245562,2,"Australia","Northern Territory",NA,"a079fdb2"
2020-02-16,5,0,0,0,0,0,0,0,0,0,0,5115451,2,"Australia","Queensland",NA,"36068882"
2020-02-16,2,0,0,0,0,0,0,0,0,0,0,1756494,2,"Australia","South Australia",NA,"165128d0"
2020-02-16,0,0,0,0,0,0,0,0,0,0,0,535500,2,"Australia","Tasmania",NA,"86525f8e"
2020-02-16,4,0,0,0,0,0,0,0,0,0,0,6629870,2,"Australia","Victoria",NA,"6c5dccdb"
2020-02-16,0,0,0,0,0,0,0,0,0,0,0,2630557,2,"Australia","Western Australia",NA,"1f999f12"
2020-02-17,0,0,0,0,0,0,0,0,0,0,0,428060,2,"Australia","Australian Capital Territory",NA,"f42f23e3"
2020-02-17,4,0,0,0,0,0,0,0,0,0,0,8117976,2,"Australia","New South Wales",NA,"5c4dd6e0"
2020-02-17,0,0,0,0,0,0,0,0,0,0,0,245562,2,"Australia","Northern Territory",NA,"a079fdb2"
2020-02-17,5,0,0,0,0,0,0,0,0,0,0,5115451,2,"Australia","Queensland",NA,"36068882"
2020-02-17,2,0,0,0,0,0,0,0,0,0,0,1756494,2,"Australia","South Australia",NA,"165128d0"
2020-02-17,0,0,0,0,0,0,0,0,0,0,0,535500,2,"Australia","Tasmania",NA,"86525f8e"
2020-02-17,4,0,0,0,0,0,0,0,0,0,0,6629870,2,"Australia","Victoria",NA,"6c5dccdb"
2020-02-17,0,0,0,0,0,0,0,0,0,0,0,2630557,2,"Australia","Western Australia",NA,"1f999f12"
2020-02-18,0,0,0,0,0,0,0,0,0,0,0,428060,2,"Australia","Australian Capital Territory",NA,"f42f23e3"
2020-02-18,4,0,0,0,0,0,0,0,0,0,0,8117976,2,"Australia","New South Wales",NA,"5c4dd6e0"
2020-02-18,0,0,0,0,0,0,0,0,0,0,0,245562,2,"Australia","Northern Territory",NA,"a079fdb2"
2020-02-18,5,0,0,0,0,0,0,0,0,0,0,5115451,2,"Australia","Queensland",NA,"36068882"
2020-02-18,2,0,0,0,0,0,0,0,0,0,0,1756494,2,"Australia","South Australia",NA,"165128d0"
2020-02-18,0,0,0,0,0,0,0,0,0,0,0,535500,2,"Australia","Tasmania",NA,"86525f8e"
2020-02-18,4,0,0,0,0,0,0,0,0,0,0,6629870,2,"Australia","Victoria",NA,"6c5dccdb"
2020-02-18,0,0,0,0,0,0,0,0,0,0,0,2630557,2,"Australia","Western Australia",NA,"1f999f12"
2020-02-19,0,0,0,0,0,0,0,0,0,0,0,428060,2,"Australia","Australian Capital Territory",NA,"f42f23e3"
2020-02-19,4,0,0,0,0,0,0,0,0,0,0,8117976,2,"Australia","New South Wales",NA,"5c4dd6e0"
2020-02-19,0,0,0,0,0,0,0,0,0,0,0,245562,2,"Australia","Northern Territory",NA,"a079fdb2"
2020-02-19,5,0,0,0,0,0,0,0,0,0,0,5115451,2,"Australia","Queensland",NA,"36068882"
2020-02-19,2,0,0,0,0,0,0,0,0,0,0,1756494,2,"Australia","South Australia",NA,"165128d0"
2020-02-19,0,0,0,0,0,0,0,0,0,0,0,535500,2,"Australia","Tasmania",NA,"86525f8e"
2020-02-19,4,0,0,0,0,0,0,0,0,0,0,6629870,2,"Australia","Victoria",NA,"6c5dccdb"
2020-02-19,0,0,0,0,0,0,0,0,0,0,0,2630557,2,"Australia","Western Australia",NA,"1f999f12"
2020-02-20,0,0,0,0,0,0,0,0,0,0,0,428060,2,"Australia","Australian Capital Territory",NA,"f42f23e3"
2020-02-20,4,0,0,0,0,0,0,0,0,0,0,8117976,2,"Australia","New South Wales",NA,"5c4dd6e0"
2020-02-20,0,0,0,0,0,0,0,0,0,0,0,245562,2,"Australia","Northern Territory",NA,"a079fdb2"
2020-02-20,5,0,0,0,0,0,0,0,0,0,0,5115451,2,"Australia","Queensland",NA,"36068882"
2020-02-20,2,0,0,0,0,0,0,0,0,0,0,1756494,2,"Australia","South Australia",NA,"165128d0"
2020-02-20,0,0,0,0,0,0,0,0,0,0,0,535500,2,"Australia","Tasmania",NA,"86525f8e"
2020-02-20,4,0,0,0,0,0,0,0,0,0,0,6629870,2,"Australia","Victoria",NA,"6c5dccdb"
2020-02-20,0,0,0,0,0,0,0,0,0,0,0,2630557,2,"Australia","Western Australia",NA,"1f999f12"
2020-02-21,0,0,0,0,0,0,0,0,0,0,0,428060,2,"Australia","Australian Capital Territory",NA,"f42f23e3"
2020-02-21,4,0,0,0,0,0,0,0,0,0,0,8117976,2,"Australia","New South Wales",NA,"5c4dd6e0"
2020-02-21,0,0,0,0,0,0,0,0,0,0,0,245562,2,"Australia","Northern Territory",NA,"a079fdb2"
2020-02-21,7,0,0,0,0,0,0,0,0,0,0,5115451,2,"Australia","Queensland",NA,"36068882"
2020-02-21,3,0,0,0,0,0,0,0,0,0,0,1756494,2,"Australia","South Australia",NA,"165128d0"
2020-02-21,0,0,0,0,0,0,0,0,0,0,0,535500,2,"Australia","Tasmania",NA,"86525f8e"
2020-02-21,4,0,0,0,0,0,0,0,0,0,0,6629870,2,"Australia","Victoria",NA,"6c5dccdb"
2020-02-21,1,0,0,0,0,0,0,0,0,0,0,2630557,2,"Australia","Western Australia",NA,"1f999f12"
2020-02-22,0,0,0,0,0,0,0,0,0,0,0,428060,2,"Australia","Australian Capital Territory",NA,"f42f23e3"
2020-02-22,4,0,0,0,0,0,0,0,0,0,0,8117976,2,"Australia","New South Wales",NA,"5c4dd6e0"
2020-02-22,0,0,0,0,0,0,0,0,0,0,0,245562,2,"Australia","Northern Territory",NA,"a079fdb2"
2020-02-22,8,0,0,0,0,0,0,0,0,0,0,5115451,2,"Australia","Queensland",NA,"36068882"
2020-02-22,3,0,0,0,0,0,0,0,0,0,0,1756494,2,"Australia","South Australia",NA,"165128d0"
2020-02-22,0,0,0,0,0,0,0,0,0,0,0,535500,2,"Australia","Tasmania",NA,"86525f8e"
2020-02-22,4,0,0,0,0,0,0,0,0,0,0,6629870,2,"Australia","Victoria",NA,"6c5dccdb"
2020-02-22,1,0,0,0,0,0,0,0,0,0,0,2630557,2,"Australia","Western Australia",NA,"1f999f12"
2020-02-23,0,0,0,0,0,0,0,0,0,0,0,428060,2,"Australia","Australian Capital Territory",NA,"f42f23e3"
2020-02-23,4,0,0,0,0,0,0,0,0,0,0,8117976,2,"Australia","New South Wales",NA,"5c4dd6e0"
2020-02-23,0,0,0,0,0,0,0,0,0,0,0,245562,2,"Australia","Northern Territory",NA,"a079fdb2"
2020-02-23,8,0,0,0,0,0,0,0,0,0,0,5115451,2,"Australia","Queensland",NA,"36068882"
2020-02-23,3,0,0,0,0,0,0,0,0,0,0,1756494,2,"Australia","South Australia",NA,"165128d0"
2020-02-23,0,0,0,0,0,0,0,0,0,0,0,535500,2,"Australia","Tasmania",NA,"86525f8e"
2020-02-23,4,0,0,0,0,0,0,0,0,0,0,6629870,2,"Australia","Victoria",NA,"6c5dccdb"
2020-02-23,1,0,0,0,0,0,0,0,0,0,0,2630557,2,"Australia","Western Australia",NA,"1f999f12"
2020-02-24,0,0,0,0,0,0,0,0,0,0,0,428060,2,"Australia","Australian Capital Territory",NA,"f42f23e3"
2020-02-24,4,0,0,0,0,0,0,0,0,0,0,8117976,2,"Australia","New South Wales",NA,"5c4dd6e0"
2020-02-24,0,0,0,0,0,0,0,0,0,0,0,245562,2,"Australia","Northern Territory",NA,"a079fdb2"
2020-02-24,8,0,0,0,0,0,0,0,0,0,0,5115451,2,"Australia","Queensland",NA,"36068882"
2020-02-24,3,0,0,0,0,0,0,0,0,0,0,1756494,2,"Australia","South Australia",NA,"165128d0"
2020-02-24,0,0,0,0,0,0,0,0,0,0,0,535500,2,"Australia","Tasmania",NA,"86525f8e"
2020-02-24,4,0,0,0,0,0,0,0,0,0,0,6629870,2,"Australia","Victoria",NA,"6c5dccdb"
2020-02-24,1,0,0,0,0,0,0,0,0,0,0,2630557,2,"Australia","Western Australia",NA,"1f999f12"
2020-02-25,0,0,0,0,0,0,0,0,0,0,0,428060,2,"Australia","Australian Capital Territory",NA,"f42f23e3"
2020-02-25,4,0,0,0,0,0,0,0,0,0,0,8117976,2,"Australia","New South Wales",NA,"5c4dd6e0"
2020-02-25,0,0,0,0,0,0,0,0,0,0,0,245562,2,"Australia","Northern Territory",NA,"a079fdb2"
2020-02-25,8,0,0,0,0,0,0,0,0,0,0,5115451,2,"Australia","Queensland",NA,"36068882"
2020-02-25,3,0,0,0,0,0,0,0,0,0,0,1756494,2,"Australia","South Australia",NA,"165128d0"
2020-02-25,0,0,0,0,0,0,0,0,0,0,0,535500,2,"Australia","Tasmania",NA,"86525f8e"
2020-02-25,4,0,0,0,0,0,0,0,0,0,0,6629870,2,"Australia","Victoria",NA,"6c5dccdb"
2020-02-25,1,0,0,0,0,0,0,0,0,0,0,2630557,2,"Australia","Western Australia",NA,"1f999f12"
2020-02-26,0,0,0,0,0,0,0,0,0,0,0,428060,2,"Australia","Australian Capital Territory",NA,"f42f23e3"
2020-02-26,4,0,0,0,0,0,0,0,0,0,0,8117976,2,"Australia","New South Wales",NA,"5c4dd6e0"
2020-02-26,0,0,0,0,0,0,0,0,0,0,0,245562,2,"Australia","Northern Territory",NA,"a079fdb2"
2020-02-26,8,0,0,0,0,0,0,0,0,0,0,5115451,2,"Australia","Queensland",NA,"36068882"
2020-02-26,3,0,0,0,0,0,0,0,0,0,0,1756494,2,"Australia","South Australia",NA,"165128d0"
2020-02-26,0,0,0,0,0,0,0,0,0,0,0,535500,2,"Australia","Tasmania",NA,"86525f8e"
2020-02-26,4,0,0,0,0,0,0,0,0,0,0,6629870,2,"Australia","Victoria",NA,"6c5dccdb"
2020-02-26,1,0,0,0,0,0,0,0,0,0,0,2630557,2,"Australia","Western Australia",NA,"1f999f12"
2020-02-27,0,0,0,0,0,0,0,0,0,0,0,428060,2,"Australia","Australian Capital Territory",NA,"f42f23e3"
2020-02-27,4,0,0,0,0,0,0,0,0,0,0,8117976,2,"Australia","New South Wales",NA,"5c4dd6e0"
2020-02-27,0,0,0,0,0,0,0,0,0,0,0,245562,2,"Australia","Northern Territory",NA,"a079fdb2"
2020-02-27,8,0,0,0,0,0,0,0,0,0,0,5115451,2,"Australia","Queensland",NA,"36068882"
2020-02-27,3,0,0,0,0,0,0,0,0,0,0,1756494,2,"Australia","South Australia",NA,"165128d0"
2020-02-27,0,0,0,0,0,0,0,0,0,0,0,535500,2,"Australia","Tasmania",NA,"86525f8e"
2020-02-27,7,0,0,0,0,0,0,0,0,0,0,6629870,2,"Australia","Victoria",NA,"6c5dccdb"
2020-02-27,1,0,0,0,0,0,0,0,0,0,0,2630557,2,"Australia","Western Australia",NA,"1f999f12"
2020-02-28,0,0,0,0,0,0,0,0,0,0,0,428060,2,"Australia","Australian Capital Territory",NA,"f42f23e3"
2020-02-28,4,0,0,0,0,0,0,0,0,0,0,8117976,2,"Australia","New South Wales",NA,"5c4dd6e0"
2020-02-28,0,0,0,0,0,0,0,0,0,0,0,245562,2,"Australia","Northern Territory",NA,"a079fdb2"
2020-02-28,9,0,0,0,0,0,0,0,0,0,0,5115451,2,"Australia","Queensland",NA,"36068882"
2020-02-28,3,0,0,0,0,0,0,0,0,0,0,1756494,2,"Australia","South Australia",NA,"165128d0"
2020-02-28,0,0,0,0,0,0,0,0,0,0,0,535500,2,"Australia","Tasmania",NA,"86525f8e"
2020-02-28,7,0,0,0,0,0,0,0,0,0,0,6629870,2,"Australia","Victoria",NA,"6c5dccdb"
2020-02-28,2,0,0,0,0,0,0,0,0,0,0,2630557,2,"Australia","Western Australia",NA,"1f999f12"
2020-02-29,0,0,0,0,0,0,0,0,0,0,0,428060,2,"Australia","Australian Capital Territory",NA,"f42f23e3"
2020-02-29,4,0,0,0,0,0,0,0,0,0,0,8117976,2,"Australia","New South Wales",NA,"5c4dd6e0"
2020-02-29,0,0,0,0,0,0,0,0,0,0,0,245562,2,"Australia","Northern Territory",NA,"a079fdb2"
2020-02-29,9,0,0,0,0,0,0,0,0,0,0,5115451,2,"Australia","Queensland",NA,"36068882"
2020-02-29,3,0,0,0,0,0,0,0,0,0,0,1756494,2,"Australia","South Australia",NA,"165128d0"
2020-02-29,0,0,0,0,0,0,0,0,0,0,0,535500,2,"Australia","Tasmania",NA,"86525f8e"
2020-02-29,7,0,0,0,0,0,0,0,0,0,0,6629870,2,"Australia","Victoria",NA,"6c5dccdb"
2020-02-29,2,0,0,0,0,0,0,0,0,0,0,2630557,2,"Australia","Western Australia",NA,"1f999f12"
2020-03-01,0,0,0,0,0,0,0,0,0,0,0,428060,2,"Australia","Australian Capital Territory",NA,"f42f23e3"
2020-03-01,5,0,0,5,0,0,0,0,0,0,0,8117976,2,"Australia","New South Wales",NA,"5c4dd6e0"
2020-03-01,0,0,0,0,0,0,0,0,0,0,0,245562,2,"Australia","Northern Territory",NA,"a079fdb2"
2020-03-01,9,0,0,9,0,0,0,0,0,0,0,5115451,2,"Australia","Queensland",NA,"36068882"
2020-03-01,3,0,0,3,0,0,0,0,0,0,0,1756494,2,"Australia","South Australia",NA,"165128d0"
2020-03-01,0,0,0,0,0,0,0,0,0,0,0,535500,2,"Australia","Tasmania",NA,"86525f8e"
2020-03-01,9,0,0,9,0,0,0,0,0,0,0,6629870,2,"Australia","Victoria",NA,"6c5dccdb"
2020-03-01,2,1,0,2,0,0,0,0,0,0,0,2630557,2,"Australia","Western Australia",NA,"1f999f12"
2020-03-02,0,0,0,0,0,0,0,0,0,0,0,428060,2,"Australia","Australian Capital Territory",NA,"f42f23e3"
2020-03-02,9,0,0,9,0,0,0,0,0,0,0,8117976,2,"Australia","New South Wales",NA,"5c4dd6e0"
2020-03-02,0,0,0,0,0,0,0,0,0,0,0,245562,2,"Australia","Northern Territory",NA,"a079fdb2"
2020-03-02,9,0,0,9,0,0,0,0,0,0,0,5115451,2,"Australia","Queensland",NA,"36068882"
2020-03-02,3,0,0,3,0,0,0,0,0,0,0,1756494,2,"Australia","South Australia",NA,"165128d0"
2020-03-02,0,0,0,0,0,0,0,0,0,0,0,535500,2,"Australia","Tasmania",NA,"86525f8e"
2020-03-02,9,0,0,9,0,0,0,0,0,0,0,6629870,2,"Australia","Victoria",NA,"6c5dccdb"
2020-03-02,2,1,0,2,0,0,0,0,0,0,0,2630557,2,"Australia","Western Australia",NA,"1f999f12"
2020-03-03,0,0,0,0,0,0,0,0,0,0,0,428060,2,"Australia","Australian Capital Territory",NA,"f42f23e3"
2020-03-03,15,0,0,15,0,0,0,0,0,0,0,8117976,2,"Australia","New South Wales",NA,"5c4dd6e0"
2020-03-03,0,0,0,0,0,0,0,0,0,0,0,245562,2,"Australia","Northern Territory",NA,"a079fdb2"
2020-03-03,10,0,0,10,0,0,0,0,0,0,0,5115451,2,"Australia","Queensland",NA,"36068882"
2020-03-03,3,0,0,3,0,0,0,0,0,0,0,1756494,2,"Australia","South Australia",NA,"165128d0"
2020-03-03,1,0,0,1,0,0,0,0,0,0,0,535500,2,"Australia","Tasmania",NA,"86525f8e"
2020-03-03,9,0,0,9,0,0,0,0,0,0,0,6629870,2,"Australia","Victoria",NA,"6c5dccdb"
2020-03-03,2,1,0,2,0,0,0,0,0,0,0,2630557,2,"Australia","Western Australia",NA,"1f999f12"
2020-03-04,0,0,0,0,0,0,0,0,0,0,0,428060,2,"Australia","Australian Capital Territory",NA,"f42f23e3"
2020-03-04,22,1,0,22,0,0,0,0,0,0,0,8117976,2,"Australia","New South Wales",NA,"5c4dd6e0"
2020-03-04,0,0,0,0,0,0,0,0,0,0,0,245562,2,"Australia","Northern Territory",NA,"a079fdb2"
2020-03-04,11,0,0,11,0,0,0,0,0,0,0,5115451,2,"Australia","Queensland",NA,"36068882"
2020-03-04,5,0,0,5,0,0,0,0,0,0,0,1756494,2,"Australia","South Australia",NA,"165128d0"
2020-03-04,1,0,0,1,0,0,0,0,0,0,0,535500,2,"Australia","Tasmania",NA,"86525f8e"
2020-03-04,10,0,0,10,0,0,0,0,0,0,0,6629870,2,"Australia","Victoria",NA,"6c5dccdb"
2020-03-04,2,1,0,2,0,0,0,0,0,0,0,2630557,2,"Australia","Western Australia",NA,"1f999f12"
2020-03-05,0,0,0,0,0,0,0,0,0,0,0,428060,2,"Australia","Australian Capital Territory",NA,"f42f23e3"
2020-03-05,25,1,0,25,0,0,0,0,0,0,0,8117976,2,"Australia","New South Wales",NA,"5c4dd6e0"
2020-03-05,0,0,0,0,0,0,0,0,0,0,0,245562,2,"Australia","Northern Territory",NA,"a079fdb2"
2020-03-05,13,0,0,13,0,0,0,0,0,0,0,5115451,2,"Australia","Queensland",NA,"36068882"
2020-03-05,7,0,0,7,0,0,0,0,0,0,0,1756494,2,"Australia","South Australia",NA,"165128d0"
2020-03-05,1,0,0,1,0,0,0,0,0,0,0,535500,2,"Australia","Tasmania",NA,"86525f8e"
2020-03-05,10,0,0,10,0,0,0,0,0,0,0,6629870,2,"Australia","Victoria",NA,"6c5dccdb"
2020-03-05,3,1,0,3,0,0,0,0,0,0,0,2630557,2,"Australia","Western Australia",NA,"1f999f12"
2020-03-06,0,0,0,0,0,0,0,0,0,0,0,428060,2,"Australia","Australian Capital Territory",NA,"f42f23e3"
2020-03-06,28,1,0,28,0,0,0,0,0,0,0,8117976,2,"Australia","New South Wales",NA,"5c4dd6e0"
2020-03-06,0,0,0,0,0,0,0,0,0,0,0,245562,2,"Australia","Northern Territory",NA,"a079fdb2"
2020-03-06,14,0,0,14,0,0,0,0,0,0,0,5115451,2,"Australia","Queensland",NA,"36068882"
2020-03-06,7,0,0,7,0,0,0,0,0,0,0,1756494,2,"Australia","South Australia",NA,"165128d0"
2020-03-06,1,0,0,1,0,0,0,0,0,0,0,535500,2,"Australia","Tasmania",NA,"86525f8e"
2020-03-06,10,0,0,10,0,0,0,0,0,0,0,6629870,2,"Australia","Victoria",NA,"6c5dccdb"
2020-03-06,3,1,0,3,0,0,0,0,0,0,0,2630557,2,"Australia","Western Australia",NA,"1f999f12"
2020-03-07,0,0,0,0,0,0,0,0,0,0,0,428060,2,"Australia","Australian Capital Territory",NA,"f42f23e3"
2020-03-07,36,1,7214,36,0,0,0,0,0,0,0,8117976,2,"Australia","New South Wales",NA,"5c4dd6e0"
2020-03-07,0,0,0,0,0,0,0,0,0,0,0,245562,2,"Australia","Northern Territory",NA,"a079fdb2"
2020-03-07,14,0,0,14,0,0,0,0,0,0,0,5115451,2,"Australia","Queensland",NA,"36068882"
2020-03-07,7,0,0,7,0,0,0,0,0,0,0,1756494,2,"Australia","South Australia",NA,"165128d0"
2020-03-07,2,0,0,2,0,0,0,0,0,0,0,535500,2,"Australia","Tasmania",NA,"86525f8e"
2020-03-07,11,0,0,11,0,0,0,0,0,0,0,6629870,2,"Australia","Victoria",NA,"6c5dccdb"
2020-03-07,3,1,0,3,0,0,0,0,0,0,0,2630557,2,"Australia","Western Australia",NA,"1f999f12"
2020-03-08,0,0,0,0,0,0,0,0,0,0,0,428060,2,"Australia","Australian Capital Territory",NA,"f42f23e3"
2020-03-08,40,2,8008,40,0,0,0,0,0,0,0,8117976,2,"Australia","New South Wales",NA,"5c4dd6e0"
2020-03-08,0,0,0,0,0,0,0,0,0,0,0,245562,2,"Australia","Northern Territory",NA,"a079fdb2"
2020-03-08,15,0,0,15,0,0,0,0,0,0,0,5115451,2,"Australia","Queensland",NA,"36068882"
2020-03-08,7,0,0,7,0,0,0,0,0,0,0,1756494,2,"Australia","South Australia",NA,"165128d0"
2020-03-08,2,0,0,2,0,0,0,0,0,0,0,535500,2,"Australia","Tasmania",NA,"86525f8e"
2020-03-08,12,0,0,12,0,0,0,0,0,0,0,6629870,2,"Australia","Victoria",NA,"6c5dccdb"
2020-03-08,4,1,0,4,0,0,0,0,0,0,0,2630557,2,"Australia","Western Australia",NA,"1f999f12"
2020-03-09,0,0,0,0,0,0,0,0,0,0,0,428060,2,"Australia","Australian Capital Territory",NA,"f42f23e3"
2020-03-09,47,2,8371,47,0,0,0,0,0,0,0,8117976,2,"Australia","New South Wales",NA,"5c4dd6e0"
2020-03-09,0,0,0,0,0,0,0,0,0,0,0,245562,2,"Australia","Northern Territory",NA,"a079fdb2"
2020-03-09,15,0,0,15,0,0,0,0,0,0,0,5115451,2,"Australia","Queensland",NA,"36068882"
2020-03-09,7,0,0,7,0,0,0,0,0,0,0,1756494,2,"Australia","South Australia",NA,"165128d0"
2020-03-09,2,0,0,2,0,0,0,0,0,0,0,535500,2,"Australia","Tasmania",NA,"86525f8e"
2020-03-09,15,0,0,15,0,0,0,0,0,0,0,6629870,2,"Australia","Victoria",NA,"6c5dccdb"
2020-03-09,6,1,0,6,0,0,0,0,0,0,0,2630557,2,"Australia","Western Australia",NA,"1f999f12"
2020-03-10,0,0,0,0,0,0,0,0,0,0,0,428060,2,"Australia","Australian Capital Territory",NA,"f42f23e3"
2020-03-10,61,2,10165,61,0,0,0,0,0,0,0,8117976,2,"Australia","New South Wales",NA,"5c4dd6e0"
2020-03-10,0,0,0,0,0,0,0,0,0,0,0,245562,2,"Australia","Northern Territory",NA,"a079fdb2"
2020-03-10,18,0,0,18,0,0,0,0,0,0,0,5115451,2,"Australia","Queensland",NA,"36068882"
2020-03-10,7,0,0,7,0,0,0,0,0,0,0,1756494,2,"Australia","South Australia",NA,"165128d0"
2020-03-10,2,0,0,2,0,0,0,0,0,0,0,535500,2,"Australia","Tasmania",NA,"86525f8e"
2020-03-10,18,0,0,18,0,0,0,0,0,0,0,6629870,2,"Australia","Victoria",NA,"6c5dccdb"
2020-03-10,6,1,0,6,0,0,0,0,0,0,0,2630557,2,"Australia","Western Australia",NA,"1f999f12"
2020-03-11,0,0,0,0,0,0,0,0,0,0,0,428060,2,"Australia","Australian Capital Territory",NA,"f42f23e3"
2020-03-11,65,2,10221,65,0,0,0,0,0,0,0,8117976,2,"Australia","New South Wales",NA,"5c4dd6e0"
2020-03-11,0,0,0,0,0,0,0,0,0,0,0,245562,2,"Australia","Northern Territory",NA,"a079fdb2"
2020-03-11,20,0,0,20,0,0,0,0,0,0,0,5115451,2,"Australia","Queensland",NA,"36068882"
2020-03-11,9,0,0,9,0,0,0,0,0,0,0,1756494,2,"Australia","South Australia",NA,"165128d0"
2020-03-11,3,0,0,3,0,0,0,0,0,0,0,535500,2,"Australia","Tasmania",NA,"86525f8e"
2020-03-11,21,0,0,21,0,0,0,0,0,0,0,6629870,2,"Australia","Victoria",NA,"6c5dccdb"
2020-03-11,9,1,0,9,0,0,0,0,0,0,0,2630557,2,"Australia","Western Australia",NA,"1f999f12"
2020-03-12,1,0,0,1,0,0,0,0,0,0,0,428060,2,"Australia","Australian Capital Territory",NA,"f42f23e3"
2020-03-12,78,2,14856,78,0,0,0,0,0,0,0,8117976,2,"Australia","New South Wales",NA,"5c4dd6e0"
2020-03-12,0,0,0,0,0,0,0,0,0,0,0,245562,2,"Australia","Northern Territory",NA,"a079fdb2"
2020-03-12,27,0,0,27,0,0,0,0,0,0,0,5115451,2,"Australia","Queensland",NA,"36068882"
2020-03-12,12,0,0,12,0,0,0,0,0,0,0,1756494,2,"Australia","South Australia",NA,"165128d0"
2020-03-12,3,0,0,3,0,0,0,0,0,0,0,535500,2,"Australia","Tasmania",NA,"86525f8e"
2020-03-12,27,0,0,27,0,0,0,0,0,0,0,6629870,2,"Australia","Victoria",NA,"6c5dccdb"
2020-03-12,9,1,0,9,0,0,0,0,0,0,0,2630557,2,"Australia","Western Australia",NA,"1f999f12"
2020-03-13,1,0,0,1,0,0,0,0,0,0,0,428060,2,"Australia","Australian Capital Territory",NA,"f42f23e3"
2020-03-13,92,2,16685,92,0,0,0,0,0,0,0,8117976,2,"Australia","New South Wales",NA,"5c4dd6e0"
2020-03-13,0,0,0,0,0,0,0,0,0,0,0,245562,2,"Australia","Northern Territory",NA,"a079fdb2"
2020-03-13,35,1,0,35,0,0,0,0,0,0,0,5115451,2,"Australia","Queensland",NA,"36068882"
2020-03-13,16,0,0,16,0,0,0,0,0,0,0,1756494,2,"Australia","South Australia",NA,"165128d0"
2020-03-13,4,0,0,4,0,0,0,0,0,0,0,535500,2,"Australia","Tasmania",NA,"86525f8e"
2020-03-13,36,0,0,36,0,0,0,0,0,0,0,6629870,2,"Australia","Victoria",NA,"6c5dccdb"
2020-03-13,14,1,0,14,0,0,0,0,0,0,0,2630557,2,"Australia","Western Australia",NA,"1f999f12"
2020-03-14,1,0,0,1,0,0,0,0,0,0,0,428060,2,"Australia","Australian Capital Territory",NA,"f42f23e3"
2020-03-14,112,2,20496,112,0,0,0,0,0,0,0,8117976,2,"Australia","New South Wales",NA,"5c4dd6e0"
2020-03-14,0,0,0,0,0,0,0,0,0,0,0,245562,2,"Australia","Northern Territory",NA,"a079fdb2"
2020-03-14,46,1,0,46,0,0,0,0,0,0,0,5115451,2,"Australia","Queensland",NA,"36068882"
2020-03-14,19,0,0,19,0,0,0,0,0,0,0,1756494,2,"Australia","South Australia",NA,"165128d0"
2020-03-14,5,0,0,5,0,0,0,0,0,0,0,535500,2,"Australia","Tasmania",NA,"86525f8e"
2020-03-14,49,0,0,49,0,0,0,0,0,0,0,6629870,2,"Australia","Victoria",NA,"6c5dccdb"
2020-03-14,17,1,0,17,0,0,0,0,0,0,0,2630557,2,"Australia","Western Australia",NA,"1f999f12"
2020-03-15,1,0,0,1,0,0,0,0,0,0,0,428060,2,"Australia","Australian Capital Territory",NA,"f42f23e3"
2020-03-15,134,4,22567,134,0,0,0,0,0,0,0,8117976,2,"Australia","New South Wales",NA,"5c4dd6e0"
2020-03-15,0,0,0,0,0,0,0,0,0,0,0,245562,2,"Australia","Northern Territory",NA,"a079fdb2"
2020-03-15,61,1,0,61,0,0,0,0,0,0,0,5115451,2,"Australia","Queensland",NA,"36068882"
2020-03-15,20,0,0,20,0,0,0,0,0,0,0,1756494,2,"Australia","South Australia",NA,"165128d0"
2020-03-15,6,0,0,6,0,0,0,0,0,0,0,535500,2,"Australia","Tasmania",NA,"86525f8e"
2020-03-15,57,0,0,57,0,0,0,0,0,0,0,6629870,2,"Australia","Victoria",NA,"6c5dccdb"
2020-03-15,18,1,0,18,0,0,0,0,0,0,0,2630557,2,"Australia","Western Australia",NA,"1f999f12"
2020-03-16,2,0,0,2,0,0,0,0,0,0,0,428060,2,"Australia","Australian Capital Territory",NA,"f42f23e3"
2020-03-16,171,4,26964,171,0,0,0,0,0,0,0,8117976,2,"Australia","New South Wales",NA,"5c4dd6e0"
2020-03-16,0,0,0,0,0,0,0,0,0,0,0,245562,2,"Australia","Northern Territory",NA,"a079fdb2"
2020-03-16,68,1,0,68,0,0,0,0,0,0,0,5115451,2,"Australia","Queensland",NA,"36068882"
2020-03-16,29,0,0,29,0,0,0,0,0,0,0,1756494,2,"Australia","South Australia",NA,"165128d0"
2020-03-16,7,0,0,7,0,0,0,0,0,0,0,535500,2,"Australia","Tasmania",NA,"86525f8e"
2020-03-16,71,0,11700,71,0,0,0,0,0,0,0,6629870,2,"Australia","Victoria",NA,"6c5dccdb"
2020-03-16,28,1,0,28,0,0,0,0,0,0,0,2630557,2,"Australia","Western Australia",NA,"1f999f12"
2020-03-17,2,0,0,2,0,0,0,0,0,0,0,428060,2,"Australia","Australian Capital Territory",NA,"f42f23e3"
2020-03-17,210,4,30244,210,0,0,0,0,0,0,0,8117976,2,"Australia","New South Wales",NA,"5c4dd6e0"
2020-03-17,0,0,0,0,0,0,0,0,0,0,0,245562,2,"Australia","Northern Territory",NA,"a079fdb2"
2020-03-17,78,1,0,78,0,0,0,0,0,0,0,5115451,2,"Australia","Queensland",NA,"36068882"
2020-03-17,32,0,0,32,0,0,0,0,0,0,0,1756494,2,"Australia","South Australia",NA,"165128d0"
2020-03-17,7,0,0,7,0,0,0,0,0,0,0,535500,2,"Australia","Tasmania",NA,"86525f8e"
2020-03-17,94,0,14200,94,0,0,0,0,0,0,0,6629870,2,"Australia","Victoria",NA,"6c5dccdb"
2020-03-17,31,1,0,31,0,0,0,0,0,0,0,2630557,2,"Australia","Western Australia",NA,"1f999f12"
2020-03-18,3,0,0,3,0,0,0,0,0,0,0,428060,2,"Australia","Australian Capital Territory",NA,"f42f23e3"
2020-03-18,267,5,35800,267,0,0,0,0,0,0,0,8117976,2,"Australia","New South Wales",NA,"5c4dd6e0"
2020-03-18,0,0,0,0,0,0,0,0,0,0,0,245562,2,"Australia","Northern Territory",NA,"a079fdb2"
2020-03-18,94,1,0,94,0,0,0,0,0,0,0,5115451,2,"Australia","Queensland",NA,"36068882"
2020-03-18,37,0,0,37,0,0,0,0,0,0,0,1756494,2,"Australia","South Australia",NA,"165128d0"
2020-03-18,10,0,0,10,0,0,0,0,0,0,0,535500,2,"Australia","Tasmania",NA,"86525f8e"
2020-03-18,121,0,15200,121,0,0,0,0,0,0,0,6629870,2,"Australia","Victoria",NA,"6c5dccdb"
2020-03-18,35,1,0,35,0,0,0,0,0,0,0,2630557,2,"Australia","Western Australia",NA,"1f999f12"
2020-03-19,4,0,0,4,0,0,0,0,0,0,0,428060,2,"Australia","Australian Capital Territory",NA,"f42f23e3"
2020-03-19,307,5,39089,307,0,0,0,0,0,0,0,8117976,2,"Australia","New South Wales",NA,"5c4dd6e0"
2020-03-19,0,0,0,0,0,0,0,0,0,0,0,245562,2,"Australia","Northern Territory",NA,"a079fdb2"
2020-03-19,144,1,27064,144,0,0,0,0,0,0,0,5115451,2,"Australia","Queensland",NA,"36068882"
2020-03-19,42,0,0,42,0,0,0,0,0,0,0,1756494,2,"Australia","South Australia",NA,"165128d0"
2020-03-19,10,0,0,10,0,0,0,0,0,0,0,535500,2,"Australia","Tasmania",NA,"86525f8e"
2020-03-19,150,0,17180,150,28,0,0,0,0,0,0,6629870,2,"Australia","Victoria",NA,"6c5dccdb"
2020-03-19,52,1,0,52,0,0,0,0,0,0,0,2630557,2,"Australia","Western Australia",NA,"1f999f12"
2020-03-20,6,0,2218,6,0,0,0,0,0,0,0,428060,2,"Australia","Australian Capital Territory",NA,"f42f23e3"
2020-03-20,353,6,40651,353,0,0,0,0,0,0,0,8117976,2,"Australia","New South Wales",NA,"5c4dd6e0"
2020-03-20,2,0,0,2,0,0,0,0,0,0,0,245562,2,"Australia","Northern Territory",NA,"a079fdb2"
2020-03-20,184,1,28386,184,0,0,0,0,0,0,0,5115451,2,"Australia","Queensland",NA,"36068882"
2020-03-20,50,0,0,50,0,0,0,0,0,0,0,1756494,2,"Australia","South Australia",NA,"165128d0"
2020-03-20,10,0,807,10,0,0,0,0,0,0,0,535500,2,"Australia","Tasmania",NA,"86525f8e"
2020-03-20,178,0,19337,178,39,0,0,0,0,0,0,6629870,2,"Australia","Victoria",NA,"6c5dccdb"
2020-03-20,64,1,0,64,0,0,0,0,0,0,0,2630557,2,"Australia","Western Australia",NA,"1f999f12"
2020-03-21,9,0,2218,9,0,0,0,0,0,0,0,428060,2,"Australia","Australian Capital Territory",NA,"f42f23e3"
2020-03-21,436,6,46892,436,0,0,0,0,0,0,0,8117976,2,"Australia","New South Wales",NA,"5c4dd6e0"
2020-03-21,4,0,0,4,0,0,0,0,0,0,0,245562,2,"Australia","Northern Territory",NA,"a079fdb2"
2020-03-21,221,1,29867,221,0,0,0,0,0,0,0,5115451,2,"Australia","Queensland",NA,"36068882"
2020-03-21,67,0,0,67,0,0,0,0,0,0,0,1756494,2,"Australia","South Australia",NA,"165128d0"
2020-03-21,16,0,807,16,0,0,0,0,0,0,0,535500,2,"Australia","Tasmania",NA,"86525f8e"
2020-03-21,229,0,20500,229,51,0,0,0,0,0,0,6629870,2,"Australia","Victoria",NA,"6c5dccdb"
2020-03-21,90,1,0,90,0,0,0,0,0,0,0,2630557,2,"Australia","Western Australia",NA,"1f999f12"
2020-03-22,19,0,2414,19,0,0,0,0,0,0,0,428060,2,"Australia","Australian Capital Territory",NA,"f42f23e3"
2020-03-22,533,6,52663,533,0,0,0,0,0,0,0,8117976,2,"Australia","New South Wales",NA,"5c4dd6e0"
2020-03-22,4,0,0,4,0,0,0,0,0,0,0,245562,2,"Australia","Northern Territory",NA,"a079fdb2"
2020-03-22,259,1,31309,259,0,0,0,0,0,0,0,5115451,2,"Australia","Queensland",NA,"36068882"
2020-03-22,100,0,0,100,0,0,0,0,0,0,0,1756494,2,"Australia","South Australia",NA,"165128d0"
2020-03-22,21,0,0,21,0,0,0,0,0,0,0,535500,2,"Australia","Tasmania",NA,"86525f8e"
2020-03-22,296,0,22900,296,70,0,0,0,0,0,0,6629870,2,"Australia","Victoria",NA,"6c5dccdb"
2020-03-22,120,1,0,120,0,0,0,0,0,0,0,2630557,2,"Australia","Western Australia",NA,"1f999f12"
2020-03-23,32,0,2608,32,0,0,0,0,0,0,0,428060,2,"Australia","Australian Capital Territory",NA,"f42f23e3"
2020-03-23,669,6,56941,669,0,0,0,0,0,0,0,8117976,2,"Australia","New South Wales",NA,"5c4dd6e0"
2020-03-23,4,0,0,4,0,0,0,0,0,0,0,245562,2,"Australia","Northern Territory",NA,"a079fdb2"
2020-03-23,319,1,32394,319,0,0,0,0,0,0,0,5115451,2,"Australia","Queensland",NA,"36068882"
2020-03-23,134,0,0,134,0,0,0,0,0,0,0,1756494,2,"Australia","South Australia",NA,"165128d0"
2020-03-23,27,0,0,27,0,0,0,0,0,0,0,535500,2,"Australia","Tasmania",NA,"86525f8e"
2020-03-23,355,0,23700,355,97,0,0,0,0,0,0,6629870,2,"Australia","Victoria",NA,"6c5dccdb"
2020-03-23,140,1,0,140,0,0,0,0,0,0,0,2630557,2,"Australia","Western Australia",NA,"1f999f12"
2020-03-24,39,0,2819,39,0,0,0,0,0,0,0,428060,2,"Australia","Australian Capital Territory",NA,"f42f23e3"
2020-03-24,818,7,61848,818,0,0,0,0,0,0,0,8117976,2,"Australia","New South Wales",NA,"5c4dd6e0"
2020-03-24,5,0,0,5,0,0,0,0,0,0,0,245562,2,"Australia","Northern Territory",NA,"a079fdb2"
2020-03-24,397,1,32394,397,0,0,0,0,0,0,0,5115451,2,"Australia","Queensland",NA,"36068882"
2020-03-24,170,0,0,170,0,0,0,0,0,0,0,1756494,2,"Australia","South Australia",NA,"165128d0"
2020-03-24,35,0,1139,35,0,0,0,0,0,0,0,535500,2,"Australia","Tasmania",NA,"86525f8e"
2020-03-24,411,0,25000,411,113,0,0,0,0,0,0,6629870,2,"Australia","Victoria",NA,"6c5dccdb"
2020-03-24,175,1,0,175,0,0,0,0,0,0,0,2630557,2,"Australia","Western Australia",NA,"1f999f12"
2020-03-25,44,0,3008,44,0,0,0,0,0,0,0,428060,2,"Australia","Australian Capital Territory",NA,"f42f23e3"
2020-03-25,1029,7,68177,1029,0,0,0,0,0,0,0,8117976,2,"Australia","New South Wales",NA,"5c4dd6e0"
2020-03-25,5,0,0,5,1,0,0,0,0,0,0,245562,2,"Australia","Northern Territory",NA,"a079fdb2"
2020-03-25,443,2,38860,443,0,0,0,0,0,0,0,5115451,2,"Australia","Queensland",NA,"36068882"
2020-03-25,197,0,19269,197,0,0,0,0,0,0,0,1756494,2,"Australia","South Australia",NA,"165128d0"
2020-03-25,41,0,1272,41,0,0,0,0,0,0,0,535500,2,"Australia","Tasmania",NA,"86525f8e"
2020-03-25,466,0,25500,466,128,0,0,0,0,0,0,6629870,2,"Australia","Victoria",NA,"6c5dccdb"
2020-03-25,205,1,0,205,0,0,0,0,0,0,0,2630557,2,"Australia","Western Australia",NA,"1f999f12"
2020-03-26,53,0,3272,53,1,0,0,0,0,0,0,428060,2,"Australia","Australian Capital Territory",NA,"f42f23e3"
2020-03-26,1219,7,74006,1219,0,0,0,0,0,0,0,8117976,2,"Australia","New South Wales",NA,"5c4dd6e0"
2020-03-26,12,0,0,12,1,0,0,0,0,0,0,245562,2,"Australia","Northern Territory",NA,"a079fdb2"
2020-03-26,493,2,38860,493,0,0,0,0,0,0,0,5115451,2,"Australia","Queensland",NA,"36068882"
2020-03-26,235,0,20676,235,0,0,0,0,0,0,0,1756494,2,"Australia","South Australia",NA,"165128d0"
2020-03-26,46,0,1272,46,0,0,0,0,0,0,0,535500,2,"Australia","Tasmania",NA,"86525f8e"
2020-03-26,520,3,26900,520,149,0,0,0,0,0,0,6629870,2,"Australia","Victoria",NA,"6c5dccdb"
2020-03-26,231,2,11519,231,0,0,0,0,0,0,0,2630557,2,"Australia","Western Australia",NA,"1f999f12"
2020-03-27,62,0,3760,62,2,0,0,0,0,0,0,428060,2,"Australia","Australian Capital Territory",NA,"f42f23e3"
2020-03-27,1405,7,77689,1405,0,0,0,0,0,0,0,8117976,2,"Australia","New South Wales",NA,"5c4dd6e0"
2020-03-27,14,0,0,14,2,0,0,0,0,0,0,245562,2,"Australia","Northern Territory",NA,"a079fdb2"
2020-03-27,555,2,42965,555,0,0,0,0,0,0,0,5115451,2,"Australia","Queensland",NA,"36068882"
2020-03-27,257,0,23500,257,0,0,0,0,0,0,0,1756494,2,"Australia","South Australia",NA,"165128d0"
2020-03-27,58,0,1779,58,0,0,0,0,0,0,0,535500,2,"Australia","Tasmania",NA,"86525f8e"
2020-03-27,574,3,31000,574,172,0,0,0,0,0,0,6629870,2,"Australia","Victoria",NA,"6c5dccdb"
2020-03-27,255,2,12091,255,28,0,0,0,0,0,0,2630557,2,"Australia","Western Australia",NA,"1f999f12"
2020-03-28,71,0,4059,71,2,0,0,0,0,0,0,428060,2,"Australia","Australian Capital Territory",NA,"f42f23e3"
2020-03-28,1617,8,86524,1617,0,0,0,0,0,0,0,8117976,2,"Australia","New South Wales",NA,"5c4dd6e0"
2020-03-28,15,0,0,15,2,0,0,0,0,0,0,245562,2,"Australia","Northern Territory",NA,"a079fdb2"
2020-03-28,625,2,42965,625,0,0,0,0,0,0,0,5115451,2,"Australia","Queensland",NA,"36068882"
2020-03-28,287,0,24737,287,0,0,0,0,0,0,0,1756494,2,"Australia","South Australia",NA,"165128d0"
2020-03-28,62,0,1779,62,0,0,0,0,0,0,0,535500,2,"Australia","Tasmania",NA,"86525f8e"
2020-03-28,685,3,35000,685,191,0,0,0,0,0,0,6629870,2,"Australia","Victoria",NA,"6c5dccdb"
2020-03-28,278,2,12971,278,28,0,0,0,0,0,0,2630557,2,"Australia","Western Australia",NA,"1f999f12"
2020-03-29,77,0,4307,77,2,0,0,0,0,0,0,428060,2,"Australia","Australian Capital Territory",NA,"f42f23e3"
2020-03-29,1791,8,93099,1791,0,0,0,0,0,0,0,8117976,2,"Australia","New South Wales",NA,"5c4dd6e0"
2020-03-29,15,0,1000,15,2,0,0,0,0,0,0,245562,2,"Australia","Northern Territory",NA,"a079fdb2"
2020-03-29,656,3,44999,656,0,0,0,0,0,0,0,5115451,2,"Australia","Queensland",NA,"36068882"
2020-03-29,299,0,25682,299,0,0,0,0,0,0,0,1756494,2,"Australia","South Australia",NA,"165128d0"
2020-03-29,66,0,1779,66,0,0,0,0,0,0,0,535500,2,"Australia","Tasmania",NA,"86525f8e"
2020-03-29,769,4,39000,769,193,0,0,0,0,0,0,6629870,2,"Australia","Victoria",NA,"6c5dccdb"
2020-03-29,311,2,13648,311,28,0,0,0,0,0,0,2630557,2,"Australia","Western Australia",NA,"1f999f12"
2020-03-30,78,1,4307,78,0,0,0,0,0,0,0,428060,2,"Australia","Australian Capital Territory",NA,"f42f23e3"
2020-03-30,1918,8,96446,1918,0,0,0,0,0,0,0,8117976,2,"Australia","New South Wales",NA,"5c4dd6e0"
2020-03-30,15,0,1000,15,2,0,0,0,0,0,0,245562,2,"Australia","Northern Territory",NA,"a079fdb2"
2020-03-30,689,3,47025,689,0,0,0,0,0,0,0,5115451,2,"Australia","Queensland",NA,"36068882"
2020-03-30,305,0,26202,305,0,0,0,0,0,0,0,1756494,2,"Australia","South Australia",NA,"165128d0"
2020-03-30,69,1,0,69,0,0,0,0,0,0,0,535500,2,"Australia","Tasmania",NA,"86525f8e"
2020-03-30,821,4,42000,821,248,0,0,0,0,0,0,6629870,2,"Australia","Victoria",NA,"6c5dccdb"
2020-03-30,355,2,14188,355,41,0,0,0,0,0,0,2630557,2,"Australia","Western Australia",NA,"1f999f12"
2020-03-31,80,1,4443,80,3,0,0,0,0,0,0,428060,2,"Australia","Australian Capital Territory",NA,"f42f23e3"
2020-03-31,2032,8,99951,2032,0,0,0,0,0,0,0,8117976,2,"Australia","New South Wales",NA,"5c4dd6e0"
2020-03-31,19,0,2100,19,3,0,0,0,0,0,0,245562,2,"Australia","Northern Territory",NA,"a079fdb2"
2020-03-31,743,3,49382,743,0,0,0,0,0,0,0,5115451,2,"Australia","Queensland",NA,"36068882"
2020-03-31,337,0,27344,337,0,0,0,0,0,0,0,1756494,2,"Australia","South Australia",NA,"165128d0"
2020-03-31,69,2,0,69,0,0,0,0,0,0,0,535500,2,"Australia","Tasmania",NA,"86525f8e"
2020-03-31,917,4,45000,917,291,32,6,0,0,0,0,6629870,2,"Australia","Victoria",NA,"6c5dccdb"
2020-03-31,364,2,14704,364,48,0,0,0,0,0,0,2630557,2,"Australia","Western Australia",NA,"1f999f12"
2020-04-01,84,1,4858,84,8,8,2,2,0,0,0,428060,2,"Australia","Australian Capital Territory",NA,"f42f23e3"
2020-04-01,2182,9,105543,2182,0,218,42,23,0,0,0,8117976,2,"Australia","New South Wales",NA,"5c4dd6e0"
2020-04-01,19,0,2131,19,3,16,1,1,0,0,0,245562,2,"Australia","Northern Territory",NA,"a079fdb2"
2020-04-01,781,3,50853,781,0,66,9,7,0,0,0,5115451,2,"Australia","Queensland",NA,"36068882"
2020-04-01,367,0,28828,367,0,23,8,0,0,0,0,1756494,2,"Australia","South Australia",NA,"165128d0"
2020-04-01,71,2,2218,71,0,9,0,0,0,0,0,535500,2,"Australia","Tasmania",NA,"86525f8e"
2020-04-01,968,4,47000,968,343,36,6,0,0,0,0,6629870,2,"Australia","Victoria",NA,"6c5dccdb"
2020-04-01,392,2,15522,392,64,24,8,0,0,0,0,2630557,2,"Australia","Western Australia",NA,"1f999f12"
2020-04-02,87,1,5018,87,11,11,4,2,0,0,0,428060,2,"Australia","Australian Capital Territory",NA,"f42f23e3"
2020-04-02,2298,10,110537,2298,0,231,43,21,0,0,0,8117976,2,"Australia","New South Wales",NA,"5c4dd6e0"
2020-04-02,22,0,2273,22,3,18,1,1,0,0,0,245562,2,"Australia","Northern Territory",NA,"a079fdb2"
2020-04-02,835,4,51785,835,0,60,9,8,0,0,0,5115451,2,"Australia","Queensland",NA,"36068882"
2020-04-02,385,0,29876,385,44,19,7,0,0,0,0,1756494,2,"Australia","South Australia",NA,"165128d0"
2020-04-02,74,2,2218,74,0,10,1,0,0,0,0,535500,2,"Australia","Tasmania",NA,"86525f8e"
2020-04-02,1036,6,49000,1036,422,37,7,0,0,0,0,6629870,2,"Australia","Victoria",NA,"6c5dccdb"
2020-04-02,400,2,16190,400,92,29,9,0,0,0,0,2630557,2,"Australia","Western Australia",NA,"1f999f12"
2020-04-03,91,1,5222,91,18,12,8,2,0,0,0,428060,2,"Australia","Australian Capital Territory",NA,"f42f23e3"
2020-04-03,2389,12,114455,2389,0,231,42,22,0,0,0,8117976,2,"Australia","New South Wales",NA,"5c4dd6e0"
2020-04-03,26,0,2466,26,3,19,1,0,0,0,0,245562,2,"Australia","Northern Territory",NA,"a079fdb2"
2020-04-03,873,4,54441,873,0,54,10,8,0,0,0,5115451,2,"Australia","Queensland",NA,"36068882"
2020-04-03,396,0,30922,396,46,18,8,0,0,0,0,1756494,2,"Australia","South Australia",NA,"165128d0"
2020-04-03,80,2,0,80,0,10,1,0,0,0,0,535500,2,"Australia","Tasmania",NA,"86525f8e"
2020-04-03,1085,7,51000,1085,476,37,7,0,0,0,0,6629870,2,"Australia","Victoria",NA,"6c5dccdb"
2020-04-03,422,3,16866,422,92,29,9,0,0,0,0,2630557,2,"Australia","Western Australia",NA,"1f999f12"
2020-04-04,93,2,5328,93,18,6,3,2,0,0,0,428060,2,"Australia","Australian Capital Territory",NA,"f42f23e3"
2020-04-04,2493,12,117633,2493,0,251,41,23,0,0,0,8117976,2,"Australia","New South Wales",NA,"5c4dd6e0"
2020-04-04,26,0,2642,26,3,23,0,0,0,0,0,245562,2,"Australia","Northern Territory",NA,"a079fdb2"
2020-04-04,900,4,56000,900,0,47,11,8,0,0,0,5115451,2,"Australia","Queensland",NA,"36068882"
2020-04-04,407,0,32037,407,46,19,8,0,0,0,0,1756494,2,"Australia","South Australia",NA,"165128d0"
2020-04-04,82,2,0,82,0,11,2,0,0,0,0,535500,2,"Australia","Tasmania",NA,"86525f8e"
2020-04-04,1115,8,54000,1115,527,42,10,0,0,0,0,6629870,2,"Australia","Victoria",NA,"6c5dccdb"
2020-04-04,436,3,17251,436,92,61,17,0,0,0,0,2630557,2,"Australia","Western Australia",NA,"1f999f12"
2020-04-05,96,2,5258,96,18,7,3,2,0,0,0,428060,2,"Australia","Australian Capital Territory",NA,"f42f23e3"
2020-04-05,2580,16,121433,2580,0,250,40,23,0,0,0,8117976,2,"Australia","New South Wales",NA,"5c4dd6e0"
2020-04-05,27,0,2753,27,3,24,0,0,0,0,0,245562,2,"Australia","Northern Territory",NA,"a079fdb2"
2020-04-05,907,5,57795,907,0,43,12,8,0,0,0,5115451,2,"Australia","Queensland",NA,"36068882"
2020-04-05,409,0,32863,409,46,20,10,0,0,0,0,1756494,2,"Australia","South Australia",NA,"165128d0"
2020-04-05,86,2,2845,86,0,11,2,0,0,0,0,535500,2,"Australia","Tasmania",NA,"86525f8e"
2020-04-05,1135,8,56000,1135,573,47,11,0,0,0,0,6629870,2,"Australia","Victoria",NA,"6c5dccdb"
2020-04-05,453,3,18197,453,148,58,18,0,0,0,0,2630557,2,"Australia","Western Australia",NA,"1f999f12"
2020-04-06,96,2,5329,96,18,7,3,2,0,0,0,428060,2,"Australia","Australian Capital Territory",NA,"f42f23e3"
2020-04-06,2637,18,124038,2637,0,250,40,23,0,0,0,8117976,2,"Australia","New South Wales",NA,"5c4dd6e0"
2020-04-06,27,0,2805,27,3,24,0,0,0,0,0,245562,2,"Australia","Northern Territory",NA,"a079fdb2"
2020-04-06,921,5,58490,921,0,43,12,10,0,0,0,5115451,2,"Australia","Queensland",NA,"36068882"
2020-04-06,411,0,33303,411,46,20,10,0,0,0,0,1756494,2,"Australia","South Australia",NA,"165128d0"
2020-04-06,89,2,2972,89,0,11,2,0,0,0,0,535500,2,"Australia","Tasmania",NA,"86525f8e"
2020-04-06,1158,10,57000,1158,620,45,11,0,0,0,0,6629870,2,"Australia","Victoria",NA,"6c5dccdb"
2020-04-06,460,4,18726,460,162,58,18,0,0,0,0,2630557,2,"Australia","Western Australia",NA,"1f999f12"
2020-04-07,97,2,5497,97,42,6,3,2,0,0,0,428060,2,"Australia","Australian Capital Territory",NA,"f42f23e3"
2020-04-07,2686,21,126146,2686,1356,103,37,24,0,0,0,8117976,2,"Australia","New South Wales",NA,"5c4dd6e0"
2020-04-07,27,0,2999,27,3,24,0,0,0,0,0,245562,2,"Australia","Northern Territory",NA,"a079fdb2"
2020-04-07,934,5,61834,934,173,42,13,11,0,0,0,5115451,2,"Australia","Queensland",NA,"36068882"
2020-04-07,415,1,33831,415,89,16,10,0,0,0,0,1756494,2,"Australia","South Australia",NA,"165128d0"
2020-04-07,98,3,3192,98,30,13,2,0,0,0,0,535500,2,"Australia","Tasmania",NA,"86525f8e"
2020-04-07,1191,11,58000,1191,686,47,13,0,0,0,0,6629870,2,"Australia","Victoria",NA,"6c5dccdb"
2020-04-07,470,6,19201,470,170,54,15,0,0,0,0,2630557,2,"Australia","Western Australia",NA,"1f999f12"
2020-04-08,99,2,5679,99,47,4,3,2,0,0,0,428060,2,"Australia","Australian Capital Territory",NA,"f42f23e3"
2020-04-08,2734,21,129091,2734,1356,92,36,23,0,0,0,8117976,2,"Australia","New South Wales",NA,"5c4dd6e0"
2020-04-08,27,0,3062,27,3,24,0,0,0,0,0,245562,2,"Australia","Northern Territory",NA,"a079fdb2"
2020-04-08,943,5,63552,943,345,35,11,11,0,0,0,5115451,2,"Australia","Queensland",NA,"36068882"
2020-04-08,420,2,34593,420,120,16,8,0,0,0,0,1756494,2,"Australia","South Australia",NA,"165128d0"
2020-04-08,107,3,3295,107,38,13,2,0,0,0,0,535500,2,"Australia","Tasmania",NA,"86525f8e"
2020-04-08,1212,12,60000,1212,736,45,12,0,0,0,0,6629870,2,"Australia","Victoria",NA,"6c5dccdb"
2020-04-08,481,6,20096,481,170,34,15,0,0,0,0,2630557,2,"Australia","Western Australia",NA,"1f999f12"
2020-04-09,100,2,5802,100,54,3,2,2,0,0,0,428060,2,"Australia","Australian Capital Territory",NA,"f42f23e3"
2020-04-09,2773,21,132997,2773,1356,88,31,22,0,0,0,8117976,2,"Australia","New South Wales",NA,"5c4dd6e0"
2020-04-09,27,0,3174,27,3,24,0,0,0,0,0,245562,2,"Australia","Northern Territory",NA,"a079fdb2"
2020-04-09,953,5,66766,953,372,33,12,12,0,0,0,5115451,2,"Australia","Queensland",NA,"36068882"
2020-04-09,421,3,35286,421,165,15,6,0,0,0,0,1756494,2,"Australia","South Australia",NA,"165128d0"
2020-04-09,111,3,3397,111,46,15,2,0,0,0,0,535500,2,"Australia","Tasmania",NA,"86525f8e"
2020-04-09,1228,12,62000,1228,806,50,13,0,0,0,0,6629870,2,"Australia","Victoria",NA,"6c5dccdb"
2020-04-09,495,6,20712,495,187,34,15,0,0,0,0,2630557,2,"Australia","Western Australia",NA,"1f999f12"
2020-04-10,103,2,6017,103,59,4,2,2,0,0,0,428060,2,"Australia","Australian Capital Territory",NA,"f42f23e3"
2020-04-10,2822,22,137441,2822,1356,83,29,24,0,0,0,8117976,2,"Australia","New South Wales",NA,"5c4dd6e0"
2020-04-10,27,0,3243,27,3,24,0,0,0,0,0,245562,2,"Australia","Northern Territory",NA,"a079fdb2"
2020-04-10,965,5,69194,965,368,36,12,12,0,0,0,5115451,2,"Australia","Queensland",NA,"36068882"
2020-04-10,428,3,35716,428,179,15,6,0,0,0,0,1756494,2,"Australia","South Australia",NA,"165128d0"
2020-04-10,122,4,3591,122,48,8,2,0,0,0,0,535500,2,"Australia","Tasmania",NA,"86525f8e"
2020-04-10,1241,13,62000,1241,926,43,13,0,0,0,0,6629870,2,"Australia","Victoria",NA,"6c5dccdb"
2020-04-10,506,6,21144,506,203,23,10,0,0,0,0,2630557,2,"Australia","Western Australia",NA,"1f999f12"
2020-04-11,103,2,6103,103,62,4,2,2,0,0,0,428060,2,"Australia","Australian Capital Territory",NA,"f42f23e3"
2020-04-11,2857,23,138090,2857,1356,78,30,24,0,0,0,8117976,2,"Australia","New South Wales",NA,"5c4dd6e0"
2020-04-11,27,0,3300,27,3,24,0,0,0,0,0,245562,2,"Australia","Northern Territory",NA,"a079fdb2"
2020-04-11,974,5,71499,974,368,28,12,12,0,0,0,5115451,2,"Australia","Queensland",NA,"36068882"
2020-04-11,429,3,36159,429,225,15,7,0,0,0,0,1756494,2,"Australia","South Australia",NA,"165128d0"
2020-04-11,133,4,3591,133,50,8,2,0,0,0,0,535500,2,"Australia","Tasmania",NA,"86525f8e"
2020-04-11,1265,14,67000,1265,986,44,15,0,0,0,0,6629870,2,"Australia","Victoria",NA,"6c5dccdb"
2020-04-11,514,6,22105,514,216,39,12,0,0,0,0,2630557,2,"Australia","Western Australia",NA,"1f999f12"
2020-04-12,102,2,6159,102,67,3,2,2,0,0,0,428060,2,"Australia","Australian Capital Territory",NA,"f42f23e3"
2020-04-12,2854,24,141777,2854,1356,78,30,22,0,0,0,8117976,2,"Australia","New South Wales",NA,"5c4dd6e0"
2020-04-12,27,0,3355,27,4,22,0,0,0,0,0,245562,2,"Australia","Northern Territory",NA,"a079fdb2"
2020-04-12,983,5,72313,983,368,30,12,11,0,0,0,5115451,2,"Australia","Queensland",NA,"36068882"
2020-04-12,429,4,36449,429,239,14,6,0,0,0,0,1756494,2,"Australia","South Australia",NA,"165128d0"
2020-04-12,144,5,3770,144,50,10,2,0,0,0,0,535500,2,"Australia","Tasmania",NA,"86525f8e"
2020-04-12,1268,14,67000,1268,1015,44,14,0,0,0,0,6629870,2,"Australia","Victoria",NA,"6c5dccdb"
2020-04-12,517,6,23118,517,239,38,15,0,0,0,0,2630557,2,"Australia","Western Australia",NA,"1f999f12"
2020-04-13,103,2,6191,103,72,3,2,1,0,0,0,428060,2,"Australia","Australian Capital Territory",NA,"f42f23e3"
2020-04-13,2863,26,144380,2863,1356,77,30,22,0,0,0,8117976,2,"Australia","New South Wales",NA,"5c4dd6e0"
2020-04-13,27,0,3381,27,4,22,0,0,0,0,0,245562,2,"Australia","Northern Territory",NA,"a079fdb2"
2020-04-13,987,5,73170,987,442,23,11,11,0,0,0,5115451,2,"Australia","Queensland",NA,"36068882"
2020-04-13,431,4,36704,431,240,13,6,0,0,0,0,1756494,2,"Australia","South Australia",NA,"165128d0"
2020-04-13,150,5,4375,150,54,11,2,0,0,0,0,535500,2,"Australia","Tasmania",NA,"86525f8e"
2020-04-13,1281,14,70000,1281,1075,40,14,12,0,0,0,6629870,2,"Australia","Victoria",NA,"6c5dccdb"
2020-04-13,523,6,23935,523,251,38,14,0,0,0,0,2630557,2,"Australia","Western Australia",NA,"1f999f12"
2020-04-14,103,2,6291,103,75,3,2,1,0,0,0,428060,2,"Australia","Australian Capital Territory",NA,"f42f23e3"
2020-04-14,2870,26,145809,2870,1356,80,32,20,0,0,0,8117976,2,"Australia","New South Wales",NA,"5c4dd6e0"
2020-04-14,27,0,3442,27,4,22,0,0,0,0,0,245562,2,"Australia","Northern Territory",NA,"a079fdb2"
2020-04-14,998,5,74013,998,442,24,11,11,0,0,0,5115451,2,"Australia","Queensland",NA,"36068882"
2020-04-14,433,4,37039,433,253,11,4,0,0,0,0,1756494,2,"Australia","South Australia",NA,"165128d0"
2020-04-14,165,6,4502,165,54,12,2,0,0,0,0,535500,2,"Australia","Tasmania",NA,"86525f8e"
2020-04-14,1291,14,71000,1291,1118,40,15,12,0,0,0,6629870,2,"Australia","Victoria",NA,"6c5dccdb"
2020-04-14,527,6,24397,527,296,38,14,0,0,0,0,2630557,2,"Australia","Western Australia",NA,"1f999f12"
2020-04-15,103,3,6490,103,77,2,1,1,0,0,0,428060,2,"Australia","Australian Capital Territory",NA,"f42f23e3"
2020-04-15,3075,26,147114,3075,1356,73,29,19,0,0,0,8117976,2,"Australia","New South Wales",NA,"5c4dd6e0"
2020-04-15,27,0,3489,27,5,21,0,0,0,0,0,245562,2,"Australia","Northern Territory",NA,"a079fdb2"
2020-04-15,999,5,75480,999,442,23,11,10,0,0,0,5115451,2,"Australia","Queensland",NA,"36068882"
2020-04-15,433,4,37545,433,279,10,4,0,0,0,0,1756494,2,"Australia","South Australia",NA,"165128d0"
2020-04-15,169,6,4646,169,54,13,2,0,0,0,0,535500,2,"Australia","Tasmania",NA,"86525f8e"
2020-04-15,1299,14,72000,1299,1137,39,18,12,0,0,0,6629870,2,"Australia","Victoria",NA,"6c5dccdb"
2020-04-15,532,6,24613,532,338,33,8,0,0,0,0,2630557,2,"Australia","Western Australia",NA,"1f999f12"
2020-04-16,103,3,6619,103,79,2,1,0,0,0,0,428060,2,"Australia","Australian Capital Territory",NA,"f42f23e3"
2020-04-16,3086,26,150314,3086,1356,64,26,20,0,0,0,8117976,2,"Australia","New South Wales",NA,"5c4dd6e0"
2020-04-16,27,0,3521,27,7,20,0,0,0,0,0,245562,2,"Australia","Northern Territory",NA,"a079fdb2"
2020-04-16,1001,5,77727,1001,442,21,11,9,0,0,0,5115451,2,"Australia","Queensland",NA,"36068882"
2020-04-16,434,4,38389,434,308,10,4,0,0,0,0,1756494,2,"Australia","South Australia",NA,"165128d0"
2020-04-16,180,6,4810,180,62,15,2,0,0,0,0,535500,2,"Australia","Tasmania",NA,"86525f8e"
2020-04-16,1301,14,73000,1301,1153,36,17,9,0,0,0,6629870,2,"Australia","Victoria",NA,"6c5dccdb"
2020-04-16,535,6,25623,535,340,33,6,0,0,0,0,2630557,2,"Australia","Western Australia",NA,"1f999f12"
2020-04-17,103,3,6754,103,81,2,1,0,0,0,0,428060,2,"Australia","Australian Capital Territory",NA,"f42f23e3"
2020-04-17,3115,26,155302,3115,1356,63,26,20,0,0,0,8117976,2,"Australia","New South Wales",NA,"5c4dd6e0"
2020-04-17,27,0,3606,27,9,19,0,0,0,0,0,245562,2,"Australia","Northern Territory",NA,"a079fdb2"
2020-04-17,1007,5,80227,1007,442,19,11,9,0,0,0,5115451,2,"Australia","Queensland",NA,"36068882"
2020-04-17,435,4,39318,435,331,7,1,0,0,0,0,1756494,2,"Australia","South Australia",NA,"165128d0"
2020-04-17,184,7,5098,184,64,16,2,0,0,0,0,535500,2,"Australia","Tasmania",NA,"86525f8e"
2020-04-17,1302,14,75000,1302,1159,32,13,9,0,0,0,6629870,2,"Australia","Victoria",NA,"6c5dccdb"
2020-04-17,541,7,26225,541,377,34,6,0,0,0,0,2630557,2,"Australia","Western Australia",NA,"1f999f12"
2020-04-18,103,3,6856,103,88,1,1,0,0,0,0,428060,2,"Australia","Australian Capital Territory",NA,"f42f23e3"
2020-04-18,3125,27,160454,3125,1356,57,25,19,0,0,0,8117976,2,"Australia","New South Wales",NA,"5c4dd6e0"
2020-04-18,27,0,3625,27,10,17,0,0,0,0,0,245562,2,"Australia","Northern Territory",NA,"a079fdb2"
2020-04-18,1015,6,82763,1015,738,22,9,7,0,0,0,5115451,2,"Australia","Queensland",NA,"36068882"
2020-04-18,435,4,41261,435,346,7,1,0,0,0,0,1756494,2,"Australia","South Australia",NA,"165128d0"
2020-04-18,188,8,5376,188,65,17,2,0,0,0,0,535500,2,"Australia","Tasmania",NA,"86525f8e"
2020-04-18,1319,14,79000,1319,1172,30,12,8,0,0,0,6629870,2,"Australia","Victoria",NA,"6c5dccdb"
2020-04-18,544,7,27175,544,388,33,6,0,0,0,0,2630557,2,"Australia","Western Australia",NA,"1f999f12"
2020-04-19,103,3,6893,103,89,1,0,0,0,0,0,428060,2,"Australia","Australian Capital Territory",NA,"f42f23e3"
2020-04-19,3146,28,165137,3146,1356,57,21,18,0,0,0,8117976,2,"Australia","New South Wales",NA,"5c4dd6e0"
2020-04-19,27,0,3713,27,11,16,0,0,0,0,0,245562,2,"Australia","Northern Territory",NA,"a079fdb2"
2020-04-19,1019,6,84735,1019,738,22,8,7,0,0,0,5115451,2,"Australia","Queensland",NA,"36068882"
2020-04-19,435,4,43310,435,354,7,1,0,0,0,0,1756494,2,"Australia","South Australia",NA,"165128d0"
2020-04-19,197,8,6320,197,68,18,2,0,0,0,0,535500,2,"Australia","Tasmania",NA,"86525f8e"
2020-04-19,1328,15,82000,1328,1188,29,10,8,0,0,0,6629870,2,"Australia","Victoria",NA,"6c5dccdb"
2020-04-19,545,7,28888,545,426,28,6,0,0,0,0,2630557,2,"Australia","Western Australia",NA,"1f999f12"
2020-04-20,104,3,7063,104,91,1,0,0,0,0,0,428060,2,"Australia","Australian Capital Territory",NA,"f42f23e3"
2020-04-20,3152,29,168626,3152,1356,53,22,16,0,0,0,8117976,2,"Australia","New South Wales",NA,"5c4dd6e0"
2020-04-20,27,0,3731,27,11,16,0,0,0,0,0,245562,2,"Australia","Northern Territory",NA,"a079fdb2"
2020-04-20,1019,6,85870,1019,738,20,7,7,0,0,0,5115451,2,"Australia","Queensland",NA,"36068882"
2020-04-20,435,4,44278,435,363,6,1,0,0,0,0,1756494,2,"Australia","South Australia",NA,"165128d0"
2020-04-20,202,8,6697,202,68,19,2,0,0,0,0,535500,2,"Australia","Tasmania",NA,"86525f8e"
2020-04-20,1329,15,86000,1329,1196,28,11,9,0,0,0,6629870,2,"Australia","Victoria",NA,"6c5dccdb"
2020-04-20,545,7,29469,545,435,27,6,0,0,0,0,2630557,2,"Australia","Western Australia",NA,"1f999f12"
2020-04-21,104,3,7126,104,92,1,0,0,0,0,0,428060,2,"Australia","Australian Capital Territory",NA,"f42f23e3"
2020-04-21,3158,29,171128,3158,1755,55,21,18,0,0,0,8117976,2,"Australia","New South Wales",NA,"5c4dd6e0"
2020-04-21,27,0,3810,27,15,14,0,0,0,0,0,245562,2,"Australia","Northern Territory",NA,"a079fdb2"
2020-04-21,1024,6,87470,1024,738,21,7,6,0,0,0,5115451,2,"Australia","Queensland",NA,"36068882"
2020-04-21,437,4,45495,437,376,5,1,0,0,0,0,1756494,2,"Australia","South Australia",NA,"165128d0"
2020-04-21,203,8,6701,203,74,17,1,0,0,0,0,535500,2,"Australia","Tasmania",NA,"86525f8e"
2020-04-21,1336,15,88000,1336,1202,28,12,9,0,0,0,6629870,2,"Australia","Victoria",NA,"6c5dccdb"
2020-04-21,546,7,30112,546,443,26,5,0,0,0,0,2630557,2,"Australia","Western Australia",NA,"1f999f12"
2020-04-22,104,3,7256,104,93,1,0,0,0,0,0,428060,2,"Australia","Australian Capital Territory",NA,"f42f23e3"
2020-04-22,3160,32,175419,3160,1926,50,20,17,0,0,0,8117976,2,"Australia","New South Wales",NA,"5c4dd6e0"
2020-04-22,27,0,3972,27,16,14,0,0,0,0,0,245562,2,"Australia","Northern Territory",NA,"a079fdb2"
2020-04-22,1024,6,90168,1024,738,20,7,6,0,0,0,5115451,2,"Australia","Queensland",NA,"36068882"
2020-04-22,438,4,47238,438,388,4,1,0,0,0,0,1756494,2,"Australia","South Australia",NA,"165128d0"
2020-04-22,207,8,7248,207,80,18,1,0,0,0,0,535500,2,"Australia","Tasmania",NA,"86525f8e"
2020-04-22,1336,15,90000,1336,1243,30,13,8,0,0,0,6629870,2,"Australia","Victoria",NA,"6c5dccdb"
2020-04-22,546,7,31140,546,451,25,5,0,0,0,0,2630557,2,"Australia","Western Australia",NA,"1f999f12"
2020-04-23,104,3,7367,104,93,1,0,0,0,0,0,428060,2,"Australia","Australian Capital Territory",NA,"f42f23e3"
2020-04-23,3165,32,181064,3165,2006,47,21,16,0,0,0,8117976,2,"Australia","New South Wales",NA,"5c4dd6e0"
2020-04-23,27,0,4045,27,16,13,0,0,0,0,0,245562,2,"Australia","Northern Territory",NA,"a079fdb2"
2020-04-23,1026,6,92699,1026,738,20,7,6,0,0,0,5115451,2,"Australia","Queensland",NA,"36068882"
2020-04-23,438,4,48727,438,394,4,2,0,0,0,0,1756494,2,"Australia","South Australia",NA,"165128d0"
2020-04-23,207,8,7607,207,89,16,1,0,0,0,0,535500,2,"Australia","Tasmania",NA,"86525f8e"
2020-04-23,1337,16,93000,1337,1251,27,10,7,0,0,0,6629870,2,"Australia","Victoria",NA,"6c5dccdb"
2020-04-23,546,7,32150,546,458,24,5,0,0,0,0,2630557,2,"Australia","Western Australia",NA,"1f999f12"
2020-04-24,105,3,7440,105,97,1,0,0,0,0,0,428060,2,"Australia","Australian Capital Territory",NA,"f42f23e3"
2020-04-24,3171,33,188416,3171,2056,43,19,15,0,0,0,8117976,2,"Australia","New South Wales",NA,"5c4dd6e0"
2020-04-24,27,0,4120,27,20,10,0,0,0,0,0,245562,2,"Australia","Northern Territory",NA,"a079fdb2"
2020-04-24,1026,6,94977,1026,738,18,6,6,0,0,0,5115451,2,"Australia","Queensland",NA,"36068882"
2020-04-24,438,4,50396,438,401,4,2,0,0,0,0,1756494,2,"Australia","South Australia",NA,"165128d0"
2020-04-24,209,9,7883,209,106,16,0,0,0,0,0,535500,2,"Australia","Tasmania",NA,"86525f8e"
2020-04-24,1343,16,96000,1343,1254,27,11,7,0,0,0,6629870,2,"Australia","Victoria",NA,"6c5dccdb"
2020-04-24,548,8,33138,548,464,20,4,0,0,0,0,2630557,2,"Australia","Western Australia",NA,"1f999f12"
2020-04-25,106,3,7738,106,98,1,1,0,0,0,0,428060,2,"Australia","Australian Capital Territory",NA,"f42f23e3"
2020-04-25,3183,34,193256,3183,2193,39,19,15,0,0,0,8117976,2,"Australia","New South Wales",NA,"5c4dd6e0"
2020-04-25,27,0,4189,27,20,5,0,0,0,0,0,245562,2,"Australia","Northern Territory",NA,"a079fdb2"
2020-04-25,1026,6,97057,1026,803,18,6,6,0,0,0,5115451,2,"Australia","Queensland",NA,"36068882"
2020-04-25,438,4,51536,438,402,4,2,0,0,0,0,1756494,2,"Australia","South Australia",NA,"165128d0"
2020-04-25,210,10,8282,210,117,14,0,0,0,0,0,535500,2,"Australia","Tasmania",NA,"86525f8e"
2020-04-25,1346,16,98000,1346,1262,24,11,7,0,0,0,6629870,2,"Australia","Victoria",NA,"6c5dccdb"
2020-04-25,549,8,34199,549,478,24,4,0,0,0,0,2630557,2,"Australia","Western Australia",NA,"1f999f12"
2020-04-26,106,3,7886,106,99,1,1,0,0,0,0,428060,2,"Australia","Australian Capital Territory",NA,"f42f23e3"
2020-04-26,3191,35,198715,3191,2208,37,19,15,0,0,0,8117976,2,"Australia","New South Wales",NA,"5c4dd6e0"
2020-04-26,27,0,4231,27,23,5,0,0,0,0,0,245562,2,"Australia","Northern Territory",NA,"a079fdb2"
2020-04-26,1030,6,98422,1030,926,18,6,5,0,0,0,5115451,2,"Australia","Queensland",NA,"36068882"
2020-04-26,438,4,52671,438,411,4,2,0,0,0,0,1756494,2,"Australia","South Australia",NA,"165128d0"
2020-04-26,214,11,8719,214,123,13,1,0,0,0,0,535500,2,"Australia","Tasmania",NA,"86525f8e"
2020-04-26,1349,17,101000,1349,1265,21,10,5,0,0,0,6629870,2,"Australia","Victoria",NA,"6c5dccdb"
2020-04-26,549,8,34805,549,486,16,4,0,0,0,0,2630557,2,"Australia","Western Australia",NA,"1f999f12"
2020-04-27,106,3,8102,106,100,1,1,0,0,0,0,428060,2,"Australia","Australian Capital Territory",NA,"f42f23e3"
2020-04-27,3193,35,203131,3193,2227,35,19,15,0,0,0,8117976,2,"Australia","New South Wales",NA,"5c4dd6e0"
2020-04-27,27,0,4245,27,23,5,0,0,0,0,0,245562,2,"Australia","Northern Territory",NA,"a079fdb2"
2020-04-27,1033,6,99527,1033,926,15,6,6,0,0,0,5115451,2,"Australia","Queensland",NA,"36068882"
2020-04-27,438,4,53283,438,414,4,2,0,0,0,0,1756494,2,"Australia","South Australia",NA,"165128d0"
2020-04-27,216,11,9384,216,132,14,1,0,0,0,0,535500,2,"Australia","Tasmania",NA,"86525f8e"
2020-04-27,1349,17,104000,1349,1280,23,11,6,0,0,0,6629870,2,"Australia","Victoria",NA,"6c5dccdb"
2020-04-27,549,8,35391,549,486,16,4,0,0,0,0,2630557,2,"Australia","Western Australia",NA,"1f999f12"
2020-04-28,106,3,8348,106,101,1,1,0,0,0,0,428060,2,"Australia","Australian Capital Territory",NA,"f42f23e3"
2020-04-28,3198,36,207245,3198,2243,33,19,15,0,0,0,8117976,2,"Australia","New South Wales",NA,"5c4dd6e0"
2020-04-28,27,0,4338,27,23,5,0,0,0,0,0,245562,2,"Australia","Northern Territory",NA,"a079fdb2"
2020-04-28,1033,6,101767,1033,934,14,6,6,0,0,0,5115451,2,"Australia","Queensland",NA,"36068882"
2020-04-28,438,4,54082,438,420,4,2,0,0,0,0,1756494,2,"Australia","South Australia",NA,"165128d0"
2020-04-28,220,11,10145,220,135,14,0,0,0,0,0,535500,2,"Australia","Tasmania",NA,"86525f8e"
2020-04-28,1351,17,109049,1351,1279,23,11,6,0,0,0,6629870,2,"Australia","Victoria",NA,"6c5dccdb"
2020-04-28,550,8,35705,550,495,16,4,0,0,0,0,2630557,2,"Australia","Western Australia",NA,"1f999f12"
2020-04-29,106,3,8442,106,101,0,0,0,0,0,0,428060,2,"Australia","Australian Capital Territory",NA,"f42f23e3"
2020-04-29,3205,40,212659,3205,2266,28,17,14,0,0,0,8117976,2,"Australia","New South Wales",NA,"5c4dd6e0"
2020-04-29,27,0,4421,27,25,3,0,0,0,0,0,245562,2,"Australia","Northern Territory",NA,"a079fdb2"
2020-04-29,1034,6,104950,1034,934,12,6,6,0,0,0,5115451,2,"Australia","Queensland",NA,"36068882"
2020-04-29,438,4,55417,438,420,4,2,0,0,0,0,1756494,2,"Australia","South Australia",NA,"165128d0"
2020-04-29,221,11,10898,221,137,14,0,0,0,0,0,535500,2,"Australia","Tasmania",NA,"86525f8e"
2020-04-29,1354,18,111092,1354,1287,19,9,6,0,0,0,6629870,2,"Australia","Victoria",NA,"6c5dccdb"
2020-04-29,551,8,36531,551,500,14,4,0,0,0,0,2630557,2,"Australia","Western Australia",NA,"1f999f12"
2020-04-30,106,3,8674,106,103,0,0,0,0,0,0,428060,2,"Australia","Australian Capital Territory",NA,"f42f23e3"
2020-04-30,3205,41,220046,3205,2284,27,15,13,0,0,0,8117976,2,"Australia","New South Wales",NA,"5c4dd6e0"
2020-04-30,27,0,4532,27,25,3,0,0,0,0,0,245562,2,"Australia","Northern Territory",NA,"a079fdb2"
2020-04-30,1033,6,108137,1033,943,11,6,4,0,0,0,5115451,2,"Australia","Queensland",NA,"36068882"
2020-04-30,438,4,57423,438,420,3,1,0,0,0,0,1756494,2,"Australia","South Australia",NA,"165128d0"
2020-04-30,223,12,11909,223,144,14,0,0,0,0,0,535500,2,"Australia","Tasmania",NA,"86525f8e"
2020-04-30,1361,18,115118,1361,1291,18,9,5,0,0,0,6629870,2,"Australia","Victoria",NA,"6c5dccdb"
2020-04-30,551,8,37802,551,507,13,3,0,0,0,0,2630557,2,"Australia","Western Australia",NA,"1f999f12"
2020-05-01,106,3,8981,106,103,0,0,0,0,0,0,428060,2,"Australia","Australian Capital Territory",NA,"f42f23e3"
2020-05-01,3215,42,227084,3215,2293,27,14,12,0,0,0,8117976,2,"Australia","New South Wales",NA,"5c4dd6e0"
2020-05-01,27,0,4643,27,24,3,0,0,0,0,0,245562,2,"Australia","Northern Territory",NA,"a079fdb2"
2020-05-01,1033,6,111017,1033,948,11,4,4,0,0,0,5115451,2,"Australia","Queensland",NA,"36068882"
2020-05-01,438,4,58670,438,422,3,1,0,0,0,0,1756494,2,"Australia","South Australia",NA,"165128d0"
2020-05-01,223,13,12974,223,153,12,0,0,0,0,0,535500,2,"Australia","Tasmania",NA,"86525f8e"
2020-05-01,1364,18,123707,1364,1293,16,7,5,0,0,0,6629870,2,"Australia","Victoria",NA,"6c5dccdb"
2020-05-01,551,8,41792,551,511,11,3,0,0,0,0,2630557,2,"Australia","Western Australia",NA,"1f999f12"
2020-05-02,106,3,9243,106,103,0,0,0,0,0,0,428060,2,"Australia","Australian Capital Territory",NA,"f42f23e3"
2020-05-02,3220,42,235894,3220,2300,28,14,12,0,0,0,8117976,2,"Australia","New South Wales",NA,"5c4dd6e0"
2020-05-02,29,0,4721,29,24,5,0,0,0,0,0,245562,2,"Australia","Northern Territory",NA,"a079fdb2"
2020-05-02,1034,6,113601,1034,965,10,4,4,0,0,0,5115451,2,"Australia","Queensland",NA,"36068882"
2020-05-02,438,4,59835,438,427,3,0,0,0,0,0,1756494,2,"Australia","South Australia",NA,"165128d0"
2020-05-02,223,13,13829,223,157,13,0,0,0,0,0,535500,2,"Australia","Tasmania",NA,"86525f8e"
2020-05-02,1371,18,129228,1371,1300,12,7,5,0,0,0,6629870,2,"Australia","Victoria",NA,"6c5dccdb"
2020-05-02,551,8,45232,551,520,8,3,0,0,0,0,2630557,2,"Australia","Western Australia",NA,"1f999f12"
2020-05-03,106,3,9402,106,103,0,0,0,0,0,0,428060,2,"Australia","Australian Capital Territory",NA,"f42f23e3"
2020-05-03,3224,43,243128,3224,2306,27,14,11,0,0,0,8117976,2,"Australia","New South Wales",NA,"5c4dd6e0"
2020-05-03,29,0,4828,29,24,5,0,0,0,0,0,245562,2,"Australia","Northern Territory",NA,"a079fdb2"
2020-05-03,1035,6,115598,1035,976,9,4,4,0,0,0,5115451,2,"Australia","Queensland",NA,"36068882"
2020-05-03,438,4,60769,438,427,3,0,0,0,0,0,1756494,2,"Australia","South Australia",NA,"165128d0"
2020-05-03,223,13,14782,223,158,11,0,0,0,0,0,535500,2,"Australia","Tasmania",NA,"86525f8e"
2020-05-03,1384,18,138433,1384,1300,12,7,5,0,0,0,6629870,2,"Australia","Victoria",NA,"6c5dccdb"
2020-05-03,551,9,46167,551,523,8,3,0,0,0,0,2630557,2,"Australia","Western Australia",NA,"1f999f12"
2020-05-04,107,3,9628,107,103,0,0,0,0,0,0,428060,2,"Australia","Australian Capital Territory",NA,"f42f23e3"
2020-05-04,3222,43,248699,3222,2328,27,14,10,0,0,0,8117976,2,"Australia","New South Wales",NA,"5c4dd6e0"
2020-05-04,29,0,4855,29,24,5,0,0,0,0,0,245562,2,"Australia","Northern Territory",NA,"a079fdb2"
2020-05-04,1038,6,116650,1038,980,9,4,3,0,0,0,5115451,2,"Australia","Queensland",NA,"36068882"
2020-05-04,438,4,61336,438,427,3,0,0,0,0,0,1756494,2,"Australia","South Australia",NA,"165128d0"
2020-05-04,223,13,15356,223,164,8,1,1,0,0,0,535500,2,"Australia","Tasmania",NA,"86525f8e"
2020-05-04,1406,18,146661,1406,1310,11,6,6,0,0,0,6629870,2,"Australia","Victoria",NA,"6c5dccdb"
2020-05-04,551,9,47029,551,527,7,3,0,0,0,0,2630557,2,"Australia","Western Australia",NA,"1f999f12"
2020-05-05,107,3,9829,107,103,0,0,0,0,0,0,428060,2,"Australia","Australian Capital Territory",NA,"f42f23e3"
2020-05-05,3224,45,253995,3224,2349,25,13,11,0,0,0,8117976,2,"Australia","New South Wales",NA,"5c4dd6e0"
2020-05-05,29,0,4925,29,26,3,0,0,0,0,0,245562,2,"Australia","Northern Territory",NA,"a079fdb2"
2020-05-05,1043,6,117721,1043,980,9,4,3,0,0,0,5115451,2,"Australia","Queensland",NA,"36068882"
2020-05-05,438,4,62139,438,428,2,0,0,0,0,0,1756494,2,"Australia","South Australia",NA,"165128d0"
2020-05-05,225,13,16017,225,165,8,1,1,0,0,0,535500,2,"Australia","Tasmania",NA,"86525f8e"
2020-05-05,1423,18,151977,1423,1311,12,6,5,0,0,0,6629870,2,"Australia","Victoria",NA,"6c5dccdb"
2020-05-05,551,9,48153,551,528,7,3,0,0,0,0,2630557,2,"Australia","Western Australia",NA,"1f999f12"
2020-05-06,107,3,10102,107,103,0,0,0,0,0,0,428060,2,"Australia","Australian Capital Territory",NA,"f42f23e3"
2020-05-06,3231,45,261251,3231,2418,25,13,9,0,0,0,8117976,2,"Australia","New South Wales",NA,"5c4dd6e0"
2020-05-06,29,0,5003,29,26,3,0,0,0,0,0,245562,2,"Australia","Northern Territory",NA,"a079fdb2"
2020-05-06,1043,6,120204,1043,985,9,4,3,0,0,0,5115451,2,"Australia","Queensland",NA,"36068882"
2020-05-06,438,4,63651,438,430,2,0,0,0,0,0,1756494,2,"Australia","South Australia",NA,"165128d0"
2020-05-06,225,13,16476,225,168,8,1,1,0,0,0,535500,2,"Australia","Tasmania",NA,"86525f8e"
2020-05-06,1440,18,162077,1440,1321,8,6,5,0,0,0,6629870,2,"Australia","Victoria",NA,"6c5dccdb"
2020-05-06,551,9,49892,551,528,7,3,0,0,0,0,2630557,2,"Australia","Western Australia",NA,"1f999f12"
2020-05-07,107,3,10478,107,103,0,0,0,0,0,0,428060,2,"Australia","Australian Capital Territory",NA,"f42f23e3"
2020-05-07,3233,45,271796,3233,2463,24,10,8,0,0,0,8117976,2,"Australia","New South Wales",NA,"5c4dd6e0"
2020-05-07,29,0,5117,29,27,2,0,0,0,0,0,245562,2,"Australia","Northern Territory",NA,"a079fdb2"
2020-05-07,1045,6,124898,1045,989,8,3,3,0,0,0,5115451,2,"Australia","Queensland",NA,"36068882"
2020-05-07,439,4,65167,439,433,2,0,0,0,0,0,1756494,2,"Australia","South Australia",NA,"165128d0"
2020-05-07,227,13,17234,227,170,8,1,1,0,0,0,535500,2,"Australia","Tasmania",NA,"86525f8e"
2020-05-07,1455,18,176507,1455,1322,8,6,5,0,0,0,6629870,2,"Australia","Victoria",NA,"6c5dccdb"
2020-05-07,551,9,51352,551,531,6,3,0,0,0,0,2630557,2,"Australia","Western Australia",NA,"1f999f12"
2020-05-08,107,3,10957,107,103,0,0,0,0,0,0,428060,2,"Australia","Australian Capital Territory",NA,"f42f23e3"
2020-05-08,3236,45,281257,3236,2486,23,10,8,0,0,0,8117976,2,"Australia","New South Wales",NA,"5c4dd6e0"
2020-05-08,29,0,5267,29,27,2,0,0,0,0,0,245562,2,"Australia","Northern Territory",NA,"a079fdb2"
2020-05-08,1045,6,129195,1045,994,9,3,3,0,0,0,5115451,2,"Australia","Queensland",NA,"36068882"
2020-05-08,439,4,66677,439,433,2,0,0,0,0,0,1756494,2,"Australia","South Australia",NA,"165128d0"
2020-05-08,227,13,17807,227,175,8,1,1,0,0,0,535500,2,"Australia","Tasmania",NA,"86525f8e"
2020-05-08,1469,18,193265,1469,1332,8,6,4,0,0,0,6629870,2,"Australia","Victoria",NA,"6c5dccdb"
2020-05-08,552,9,52825,552,534,4,1,0,0,0,0,2630557,2,"Australia","Western Australia",NA,"1f999f12"
2020-05-09,107,3,11274,107,103,0,0,0,0,0,0,428060,2,"Australia","Australian Capital Territory",NA,"f42f23e3"
2020-05-09,3240,45,294949,3240,2504,20,8,7,0,0,0,8117976,2,"Australia","New South Wales",NA,"5c4dd6e0"
2020-05-09,29,0,5389,29,27,2,0,0,0,0,0,245562,2,"Australia","Northern Territory",NA,"a079fdb2"
2020-05-09,1045,6,133016,1045,1019,9,3,3,0,0,0,5115451,2,"Australia","Queensland",NA,"36068882"
2020-05-09,439,4,68012,439,433,1,0,0,0,0,0,1756494,2,"Australia","South Australia",NA,"165128d0"
2020-05-09,227,13,18348,227,179,8,1,1,0,0,0,535500,2,"Australia","Tasmania",NA,"86525f8e"
2020-05-09,1479,18,209905,1479,1336,7,6,4,0,0,0,6629870,2,"Australia","Victoria",NA,"6c5dccdb"
2020-05-09,552,9,54563,552,536,4,1,0,0,0,0,2630557,2,"Australia","Western Australia",NA,"1f999f12"
2020-05-10,107,3,11737,107,104,0,0,0,0,0,0,428060,2,"Australia","Australian Capital Territory",NA,"f42f23e3"
2020-05-10,3242,45,304464,3242,2515,13,8,7,0,0,0,8117976,2,"Australia","New South Wales",NA,"5c4dd6e0"
2020-05-10,29,0,5495,29,27,2,0,0,0,0,0,245562,2,"Australia","Northern Territory",NA,"a079fdb2"
2020-05-10,1045,6,135806,1045,1019,8,3,3,0,0,0,5115451,2,"Australia","Queensland",NA,"36068882"
2020-05-10,439,4,69178,439,434,1,0,0,0,0,0,1756494,2,"Australia","South Australia",NA,"165128d0"
2020-05-10,227,13,18545,227,185,8,1,1,0,0,0,535500,2,"Australia","Tasmania",NA,"86525f8e"
2020-05-10,1489,18,226889,1489,1346,7,5,4,0,0,0,6629870,2,"Australia","Victoria",NA,"6c5dccdb"
2020-05-10,552,9,55758,552,536,4,1,0,0,0,0,2630557,2,"Australia","Western Australia",NA,"1f999f12"
2020-05-11,107,3,11939,107,104,0,0,0,0,0,0,428060,2,"Australia","Australian Capital Territory",NA,"f42f23e3"
2020-05-11,3242,45,309722,3242,2517,20,7,7,0,0,0,8117976,2,"Australia","New South Wales",NA,"5c4dd6e0"
2020-05-11,29,0,5527,29,27,2,0,0,0,0,0,245562,2,"Australia","Northern Territory",NA,"a079fdb2"
2020-05-11,1045,6,137009,1045,1021,7,3,3,0,0,0,5115451,2,"Australia","Queensland",NA,"36068882"
2020-05-11,439,4,70147,439,434,1,0,0,0,0,0,1756494,2,"Australia","South Australia",NA,"165128d0"
2020-05-11,227,13,19351,227,183,8,0,0,0,0,0,535500,2,"Australia","Tasmania",NA,"86525f8e"
2020-05-11,1496,18,245326,1496,1360,7,5,4,0,0,0,6629870,2,"Australia","Victoria",NA,"6c5dccdb"
2020-05-11,552,9,56098,552,536,4,1,0,0,0,0,2630557,2,"Australia","Western Australia",NA,"1f999f12"
2020-05-12,107,3,12367,107,104,0,0,0,0,0,0,428060,2,"Australia","Australian Capital Territory",NA,"f42f23e3"
2020-05-12,3242,45,315770,3242,2543,19,8,8,0,0,0,8117976,2,"Australia","New South Wales",NA,"5c4dd6e0"
2020-05-12,29,0,5646,29,27,2,0,0,0,0,0,245562,2,"Australia","Northern Territory",NA,"a079fdb2"
2020-05-12,1051,6,138892,1051,1027,7,3,3,0,0,0,5115451,2,"Australia","Queensland",NA,"36068882"
2020-05-12,439,4,71036,439,434,1,0,0,0,0,0,1756494,2,"Australia","South Australia",NA,"165128d0"
2020-05-12,227,13,19539,227,185,8,0,0,0,0,0,535500,2,"Australia","Tasmania",NA,"86525f8e"
2020-05-12,1509,18,258451,1509,1376,8,4,4,0,0,0,6629870,2,"Australia","Victoria",NA,"6c5dccdb"
2020-05-12,553,9,56226,553,537,2,1,0,0,0,0,2630557,2,"Australia","Western Australia",NA,"1f999f12"
2020-05-13,107,3,12637,107,104,0,0,0,0,0,0,428060,2,"Australia","Australian Capital Territory",NA,"f42f23e3"
2020-05-13,3248,46,323887,3248,2571,22,7,7,0,0,0,8117976,2,"Australia","New South Wales",NA,"5c4dd6e0"
2020-05-13,29,0,5759,29,27,2,0,0,0,0,0,245562,2,"Australia","Northern Territory",NA,"a079fdb2"
2020-05-13,1051,6,142040,1051,1028,7,3,3,0,0,0,5115451,2,"Australia","Queensland",NA,"36068882"
2020-05-13,439,4,72725,439,434,1,0,0,0,0,0,1756494,2,"Australia","South Australia",NA,"165128d0"
2020-05-13,227,13,20088,227,187,8,0,0,0,0,0,535500,2,"Australia","Tasmania",NA,"86525f8e"
2020-05-13,1514,18,273255,1514,1385,9,6,4,0,0,0,6629870,2,"Australia","Victoria",NA,"6c5dccdb"
2020-05-13,553,9,58634,553,538,1,1,0,0,0,0,2630557,2,"Australia","Western Australia",NA,"1f999f12"
2020-05-14,107,3,13066,107,104,0,0,0,0,0,0,428060,2,"Australia","Australian Capital Territory",NA,"f42f23e3"
2020-05-14,3252,46,333634,3252,2595,23,8,6,0,0,0,8117976,2,"Australia","New South Wales",NA,"5c4dd6e0"
2020-05-14,29,0,5759,29,27,2,0,0,0,0,0,245562,2,"Australia","Northern Territory",NA,"a079fdb2"
2020-05-14,1052,6,145182,1052,1029,7,3,3,0,0,0,5115451,2,"Australia","Queensland",NA,"36068882"
2020-05-14,439,4,74293,439,434,1,0,0,0,0,0,1756494,2,"Australia","South Australia",NA,"165128d0"
2020-05-14,227,13,20657,227,187,8,0,0,0,0,0,535500,2,"Australia","Tasmania",NA,"86525f8e"
2020-05-14,1523,18,289441,1523,1385,9,6,4,0,0,0,6629870,2,"Australia","Victoria",NA,"6c5dccdb"
2020-05-14,554,9,61267,554,538,1,1,0,0,0,0,2630557,2,"Australia","Western Australia",NA,"1f999f12"
2020-05-15,107,3,13493,107,104,0,0,0,0,0,0,428060,2,"Australia","Australian Capital Territory",NA,"f42f23e3"
2020-05-15,3260,46,345846,3260,2605,22,7,5,0,0,0,8117976,2,"Australia","New South Wales",NA,"5c4dd6e0"
2020-05-15,29,0,6116,29,27,2,0,0,0,0,0,245562,2,"Australia","Northern Territory",NA,"a079fdb2"
2020-05-15,1054,6,148607,1054,1030,6,3,3,0,0,0,5115451,2,"Australia","Queensland",NA,"36068882"
2020-05-15,439,4,75958,439,435,1,0,0,0,0,0,1756494,2,"Australia","South Australia",NA,"165128d0"
2020-05-15,228,13,21089,228,190,6,0,0,0,0,0,535500,2,"Australia","Tasmania",NA,"86525f8e"
2020-05-15,1543,18,309459,1543,1407,9,7,5,0,0,0,6629870,2,"Australia","Victoria",NA,"6c5dccdb"
2020-05-15,554,9,63248,554,538,1,1,0,0,0,0,2630557,2,"Australia","Western Australia",NA,"1f999f12"
2020-05-16,107,3,13854,107,104,0,0,0,0,0,0,428060,2,"Australia","Australian Capital Territory",NA,"f42f23e3"
2020-05-16,3263,46,355738,3263,2611,22,6,3,0,0,0,8117976,2,"Australia","New South Wales",NA,"5c4dd6e0"
2020-05-16,29,0,6258,29,27,2,0,0,0,0,0,245562,2,"Australia","Northern Territory",NA,"a079fdb2"
2020-05-16,1055,6,151854,1055,1036,5,3,3,0,0,0,5115451,2,"Australia","Queensland",NA,"36068882"
2020-05-16,439,4,77728,439,435,1,0,0,0,0,0,1756494,2,"Australia","South Australia",NA,"165128d0"
2020-05-16,228,13,21604,228,195,7,0,0,0,0,0,535500,2,"Australia","Tasmania",NA,"86525f8e"
2020-05-16,1554,18,323970,1554,1417,11,7,6,0,0,0,6629870,2,"Australia","Victoria",NA,"6c5dccdb"
2020-05-16,556,9,64646,556,541,1,0,0,0,0,0,2630557,2,"Australia","Western Australia",NA,"1f999f12"
2020-05-17,107,3,14058,107,104,0,0,0,0,0,0,428060,2,"Australia","Australian Capital Territory",NA,"f42f23e3"
2020-05-17,3264,46,362842,3264,2612,22,7,4,0,0,0,8117976,2,"Australia","New South Wales",NA,"5c4dd6e0"
2020-05-17,29,0,6370,29,27,2,0,0,0,0,0,245562,2,"Australia","Northern Territory",NA,"a079fdb2"
2020-05-17,1055,6,154220,1055,1037,5,2,2,0,0,0,5115451,2,"Australia","Queensland",NA,"36068882"
2020-05-17,439,4,78833,439,435,1,0,0,0,0,0,1756494,2,"Australia","South Australia",NA,"165128d0"
2020-05-17,228,13,21886,228,195,8,0,0,0,0,0,535500,2,"Australia","Tasmania",NA,"86525f8e"
2020-05-17,1561,18,338219,1561,1417,11,7,6,0,0,0,6629870,2,"Australia","Victoria",NA,"6c5dccdb"
2020-05-17,556,9,65698,556,542,1,0,0,0,0,0,2630557,2,"Australia","Western Australia",NA,"1f999f12"
2020-05-18,107,3,14290,107,104,0,0,0,0,0,0,428060,2,"Australia","Australian Capital Territory",NA,"f42f23e3"
2020-05-18,3265,47,371881,3265,2612,22,6,2,0,0,0,8117976,2,"Australia","New South Wales",NA,"5c4dd6e0"
2020-05-18,29,0,6417,29,27,2,0,0,0,0,0,245562,2,"Australia","Northern Territory",NA,"a079fdb2"
2020-05-18,1057,6,155755,1057,1038,4,1,1,0,0,0,5115451,2,"Australia","Queensland",NA,"36068882"
2020-05-18,439,4,79616,439,435,1,0,0,0,0,0,1756494,2,"Australia","South Australia",NA,"165128d0"
2020-05-18,228,13,22246,228,197,6,0,0,0,0,0,535500,2,"Australia","Tasmania",NA,"86525f8e"
2020-05-18,1567,18,345290,1567,1439,9,5,4,0,0,0,6629870,2,"Australia","Victoria",NA,"6c5dccdb"
2020-05-18,556,9,66539,556,544,1,0,0,0,0,0,2630557,2,"Australia","Western Australia",NA,"1f999f12"
2020-05-19,107,3,14448,107,104,0,0,0,0,0,0,428060,2,"Australia","Australian Capital Territory",NA,"f42f23e3"
2020-05-19,3267,47,377185,3267,2614,22,5,2,0,0,0,8117976,2,"Australia","New South Wales",NA,"5c4dd6e0"
2020-05-19,29,0,6517,29,27,2,0,0,0,0,0,245562,2,"Australia","Northern Territory",NA,"a079fdb2"
2020-05-19,1057,6,158641,1057,1039,4,1,1,0,0,0,5115451,2,"Australia","Queensland",NA,"36068882"
2020-05-19,439,4,80713,439,435,1,0,0,0,0,0,1756494,2,"Australia","South Australia",NA,"165128d0"
2020-05-19,228,13,22597,228,198,6,0,0,0,0,0,535500,2,"Australia","Tasmania",NA,"86525f8e"
2020-05-19,1573,18,358120,1573,1454,11,5,4,0,0,0,6629870,2,"Australia","Victoria",NA,"6c5dccdb"
2020-05-19,556,9,67649,556,544,1,0,0,0,0,0,2630557,2,"Australia","Western Australia",NA,"1f999f12"
2020-05-20,107,3,14712,107,104,0,0,0,0,0,0,428060,2,"Australia","Australian Capital Territory",NA,"f42f23e3"
2020-05-20,3270,48,384278,3270,2631,20,3,2,0,0,0,8117976,2,"Australia","New South Wales",NA,"5c4dd6e0"
2020-05-20,29,0,6673,29,28,2,0,0,0,0,0,245562,2,"Australia","Northern Territory",NA,"a079fdb2"
2020-05-20,1058,6,163560,1058,1040,4,1,1,0,0,0,5115451,2,"Australia","Queensland",NA,"36068882"
2020-05-20,439,4,82401,439,435,1,0,0,0,0,0,1756494,2,"Australia","South Australia",NA,"165128d0"
2020-05-20,228,13,23027,228,198,6,0,0,0,0,0,535500,2,"Australia","Tasmania",NA,"86525f8e"
2020-05-20,1580,18,367272,1580,1465,10,5,4,0,0,0,6629870,2,"Australia","Victoria",NA,"6c5dccdb"
2020-05-20,556,9,69644,556,544,1,0,0,0,0,0,2630557,2,"Australia","Western Australia",NA,"1f999f12"
2020-05-21,107,3,14916,107,104,0,0,0,0,0,0,428060,2,"Australia","Australian Capital Territory",NA,"f42f23e3"
2020-05-21,3271,48,390930,3271,2648,20,3,2,0,0,0,8117976,2,"Australia","New South Wales",NA,"5c4dd6e0"
2020-05-21,29,0,6809,29,29,1,0,0,0,0,0,245562,2,"Australia","Northern Territory",NA,"a079fdb2"
2020-05-21,1058,6,166877,1058,1040,4,1,1,0,0,0,5115451,2,"Australia","Queensland",NA,"36068882"
2020-05-21,439,4,84389,439,435,1,0,0,0,0,0,1756494,2,"Australia","South Australia",NA,"165128d0"
2020-05-21,228,13,23448,228,199,5,0,0,0,0,0,535500,2,"Australia","Tasmania",NA,"86525f8e"
2020-05-21,1581,18,378673,1581,1473,10,5,4,0,0,0,6629870,2,"Australia","Victoria",NA,"6c5dccdb"
2020-05-21,556,9,71642,556,544,0,0,0,0,0,0,2630557,2,"Australia","Western Australia",NA,"1f999f12"
2020-05-22,107,3,15253,107,104,0,0,0,0,0,0,428060,2,"Australia","Australian Capital Territory",NA,"f42f23e3"
2020-05-22,3273,49,402623,3273,2648,20,1,1,0,0,0,8117976,2,"Australia","New South Wales",NA,"5c4dd6e0"
2020-05-22,29,0,6809,29,29,1,0,0,0,0,0,245562,2,"Australia","Northern Territory",NA,"a079fdb2"
2020-05-22,1058,6,169863,1058,1040,4,1,1,0,0,0,5115451,2,"Australia","Queensland",NA,"36068882"
2020-05-22,439,4,86089,439,435,1,0,0,0,0,0,1756494,2,"Australia","South Australia",NA,"165128d0"
2020-05-22,228,13,23636,228,201,4,0,0,0,0,0,535500,2,"Australia","Tasmania",NA,"86525f8e"
2020-05-22,1593,18,393103,1593,1479,10,5,4,0,0,0,6629870,2,"Australia","Victoria",NA,"6c5dccdb"
2020-05-22,556,9,73306,556,544,0,0,0,0,0,0,2630557,2,"Australia","Western Australia",NA,"1f999f12"
2020-05-23,107,3,15567,107,104,0,0,0,0,0,0,428060,2,"Australia","Australian Capital Territory",NA,"f42f23e3"
2020-05-23,3275,49,411618,3275,2653,17,1,1,0,0,0,8117976,2,"Australia","New South Wales",NA,"5c4dd6e0"
2020-05-23,29,0,7105,29,29,1,0,0,0,0,0,245562,2,"Australia","Northern Territory",NA,"a079fdb2"
2020-05-23,1060,6,172212,1060,1041,4,1,1,0,0,0,5115451,2,"Australia","Queensland",NA,"36068882"
2020-05-23,439,4,87451,439,435,0,0,0,0,0,0,1756494,2,"Australia","South Australia",NA,"165128d0"
2020-05-23,228,13,23999,228,201,4,0,0,0,0,0,535500,2,"Australia","Tasmania",NA,"86525f8e"
2020-05-23,1602,19,398826,1602,1484,10,3,3,0,0,0,6629870,2,"Australia","Victoria",NA,"6c5dccdb"
2020-05-23,556,9,75484,556,545,0,0,0,0,0,0,2630557,2,"Australia","Western Australia",NA,"1f999f12"
2020-05-24,107,3,15760,107,104,0,0,0,0,0,0,428060,2,"Australia","Australian Capital Territory",NA,"f42f23e3"
2020-05-24,3276,49,418427,3276,2653,16,1,1,0,0,0,8117976,2,"Australia","New South Wales",NA,"5c4dd6e0"
2020-05-24,29,0,7217,29,29,0,0,0,0,0,0,245562,2,"Australia","Northern Territory",NA,"a079fdb2"
2020-05-24,1061,6,173864,1061,1041,4,1,1,0,0,0,5115451,2,"Australia","Queensland",NA,"36068882"
2020-05-24,439,4,88446,439,435,0,0,0,0,0,0,1756494,2,"Australia","South Australia",NA,"165128d0"
2020-05-24,228,13,24191,228,202,4,0,0,0,0,0,535500,2,"Australia","Tasmania",NA,"86525f8e"
2020-05-24,1603,19,420246,1603,1498,9,3,3,0,0,0,6629870,2,"Australia","Victoria",NA,"6c5dccdb"
2020-05-24,556,9,76644,556,545,0,0,0,0,0,0,2630557,2,"Australia","Western Australia",NA,"1f999f12"
2020-05-25,107,3,16006,107,104,0,0,0,0,0,0,428060,2,"Australia","Australian Capital Territory",NA,"f42f23e3"
2020-05-25,3279,49,422703,3279,2656,15,1,1,0,0,0,8117976,2,"Australia","New South Wales",NA,"5c4dd6e0"
2020-05-25,29,0,7233,29,29,0,0,0,0,0,0,245562,2,"Australia","Northern Territory",NA,"a079fdb2"
2020-05-25,1056,6,174974,1056,1038,4,1,1,0,0,0,5115451,2,"Australia","Queensland",NA,"36068882"
2020-05-25,439,4,89245,439,435,0,0,0,0,0,0,1756494,2,"Australia","South Australia",NA,"165128d0"
2020-05-25,228,13,24663,228,203,4,0,0,0,0,0,535500,2,"Australia","Tasmania",NA,"86525f8e"
2020-05-25,1605,19,431878,1605,1520,8,3,3,0,0,0,6629870,2,"Australia","Victoria",NA,"6c5dccdb"
2020-05-25,560,9,77501,560,545,0,0,0,0,0,0,2630557,2,"Australia","Western Australia",NA,"1f999f12"
2020-05-26,107,3,16196,107,104,0,0,0,0,0,0,428060,2,"Australia","Australian Capital Territory",NA,"f42f23e3"
2020-05-26,3281,49,456724,3281,2661,14,1,1,0,0,0,8117976,2,"Australia","New South Wales",NA,"5c4dd6e0"
2020-05-26,29,0,7396,29,29,0,0,0,0,0,0,245562,2,"Australia","Northern Territory",NA,"a079fdb2"
2020-05-26,1057,6,176561,1057,1039,4,1,1,0,0,0,5115451,2,"Australia","Queensland",NA,"36068882"
2020-05-26,440,4,90384,440,435,0,0,0,0,0,0,1756494,2,"Australia","South Australia",NA,"165128d0"
2020-05-26,228,13,25248,228,205,4,0,0,0,0,0,535500,2,"Australia","Tasmania",NA,"86525f8e"
2020-05-26,1610,19,437406,1610,1533,8,3,3,0,0,0,6629870,2,"Australia","Victoria",NA,"6c5dccdb"
2020-05-26,566,9,78308,566,545,0,0,0,0,0,0,2630557,2,"Australia","Western Australia",NA,"1f999f12"
2020-05-27,107,3,16575,107,104,0,0,0,0,0,0,428060,2,"Australia","Australian Capital Territory",NA,"f42f23e3"
2020-05-27,3278,49,464351,3278,2663,14,1,1,0,0,0,8117976,2,"Australia","New South Wales",NA,"5c4dd6e0"
2020-05-27,29,0,7528,29,29,0,0,0,0,0,0,245562,2,"Australia","Northern Territory",NA,"a079fdb2"
2020-05-27,1058,6,180371,1058,1044,4,1,1,0,0,0,5115451,2,"Australia","Queensland",NA,"36068882"
2020-05-27,440,4,92903,440,435,0,0,0,0,0,0,1756494,2,"Australia","South Australia",NA,"165128d0"
2020-05-27,228,13,25595,228,205,4,0,0,0,0,0,535500,2,"Australia","Tasmania",NA,"86525f8e"
2020-05-27,1618,19,470832,1618,1533,8,4,1,0,0,0,6629870,2,"Australia","Victoria",NA,"6c5dccdb"
2020-05-27,566,9,80166,566,545,0,0,0,0,0,0,2630557,2,"Australia","Western Australia",NA,"1f999f12"
2020-05-28,107,3,17069,107,104,0,0,0,0,0,0,428060,2,"Australia","Australian Capital Territory",NA,"f42f23e3"
2020-05-28,3279,49,474223,3279,2670,13,1,1,0,0,0,8117976,2,"Australia","New South Wales",NA,"5c4dd6e0"
2020-05-28,29,0,7698,29,29,0,0,0,0,0,0,245562,2,"Australia","Northern Territory",NA,"a079fdb2"
2020-05-28,1058,6,184039,1058,1045,4,1,1,0,0,0,5115451,2,"Australia","Queensland",NA,"36068882"
2020-05-28,440,4,93812,440,435,0,0,0,0,0,0,1756494,2,"Australia","South Australia",NA,"165128d0"
2020-05-28,228,13,26592,228,205,4,0,0,0,0,0,535500,2,"Australia","Tasmania",NA,"86525f8e"
2020-05-28,1628,19,480693,1628,1546,8,3,1,0,0,0,6629870,2,"Australia","Victoria",NA,"6c5dccdb"
2020-05-28,573,9,83318,573,546,0,0,0,0,0,0,2630557,2,"Australia","Western Australia",NA,"1f999f12"
2020-05-29,107,3,17374,107,104,0,0,0,0,0,0,428060,2,"Australia","Australian Capital Territory",NA,"f42f23e3"
2020-05-29,3281,49,484185,3281,2666,13,1,1,0,0,0,8117976,2,"Australia","New South Wales",NA,"5c4dd6e0"
2020-05-29,29,0,7918,29,29,0,0,0,0,0,0,245562,2,"Australia","Northern Territory",NA,"a079fdb2"
2020-05-29,1058,6,185936,1058,1045,1,1,1,0,0,0,5115451,2,"Australia","Queensland",NA,"36068882"
2020-05-29,440,4,95888,440,435,0,0,0,0,0,0,1756494,2,"Australia","South Australia",NA,"165128d0"
2020-05-29,228,13,27498,228,205,2,0,0,0,0,0,535500,2,"Australia","Tasmania",NA,"86525f8e"
2020-05-29,1634,19,493085,1634,1549,7,2,1,0,0,0,6629870,2,"Australia","Victoria",NA,"6c5dccdb"
2020-05-29,581,9,85738,581,547,0,0,0,0,0,0,2630557,2,"Australia","Western Australia",NA,"1f999f12"
2020-05-30,107,3,17792,107,104,0,0,0,0,0,0,428060,2,"Australia","Australian Capital Territory",NA,"f42f23e3"
2020-05-30,3281,49,493637,3281,2683,12,1,1,0,0,0,8117976,2,"Australia","New South Wales",NA,"5c4dd6e0"
2020-05-30,29,0,8082,29,29,0,0,0,0,0,0,245562,2,"Australia","Northern Territory",NA,"a079fdb2"
2020-05-30,1058,6,192062,1058,1045,1,1,1,0,0,0,5115451,2,"Australia","Queensland",NA,"36068882"
2020-05-30,440,4,98040,440,435,0,0,0,0,0,0,1756494,2,"Australia","South Australia",NA,"165128d0"
2020-05-30,228,13,28158,228,207,2,0,0,0,0,0,535500,2,"Australia","Tasmania",NA,"86525f8e"
2020-05-30,1645,19,501565,1645,1564,7,2,1,0,0,0,6629870,2,"Australia","Victoria",NA,"6c5dccdb"
2020-05-30,581,9,89202,581,546,0,0,0,0,0,0,2630557,2,"Australia","Western Australia",NA,"1f999f12"
2020-05-31,107,3,18114,107,104,0,0,0,0,0,0,428060,2,"Australia","Australian Capital Territory",NA,"f42f23e3"
2020-05-31,3284,49,503464,3284,2685,11,1,0,0,0,0,8117976,2,"Australia","New South Wales",NA,"5c4dd6e0"
2020-05-31,29,0,8220,29,29,0,0,0,0,0,0,245562,2,"Australia","Northern Territory",NA,"a079fdb2"
2020-05-31,1058,6,195437,1058,1046,1,1,0,0,0,0,5115451,2,"Australia","Queensland",NA,"36068882"
2020-05-31,440,4,99465,440,435,0,0,0,0,0,0,1756494,2,"Australia","South Australia",NA,"165128d0"
2020-05-31,228,13,28647,228,208,2,0,0,0,0,0,535500,2,"Australia","Tasmania",NA,"86525f8e"
2020-05-31,1649,19,509691,1649,1557,6,2,1,0,0,0,6629870,2,"Australia","Victoria",NA,"6c5dccdb"
2020-05-31,584,9,91530,584,547,0,0,0,0,0,0,2630557,2,"Australia","Western Australia",NA,"1f999f12"
2020-06-01,107,3,18425,107,104,0,0,0,0,0,0,428060,2,"Australia","Australian Capital Territory",NA,"f42f23e3"
2020-06-01,3287,49,509227,3287,2685,10,1,0,0,0,0,8117976,2,"Australia","New South Wales",NA,"5c4dd6e0"
2020-06-01,29,0,8240,29,29,0,0,0,0,0,0,245562,2,"Australia","Northern Territory",NA,"a079fdb2"
2020-06-01,1058,6,197367,1058,1046,1,1,0,0,0,0,5115451,2,"Australia","Queensland",NA,"36068882"
2020-06-01,440,4,100370,440,435,0,0,0,0,0,0,1756494,2,"Australia","South Australia",NA,"165128d0"
2020-06-01,228,13,29049,228,209,2,0,0,0,0,0,535500,2,"Australia","Tasmania",NA,"86525f8e"
2020-06-01,1653,19,515541,1653,1560,6,1,1,0,0,0,6629870,2,"Australia","Victoria",NA,"6c5dccdb"
2020-06-01,585,9,94001,585,547,1,0,0,0,0,0,2630557,2,"Australia","Western Australia",NA,"1f999f12"
2020-06-02,107,3,18634,107,104,0,0,0,0,0,0,428060,2,"Australia","Australian Capital Territory",NA,"f42f23e3"
2020-06-02,3293,49,514651,3293,2687,11,1,0,0,0,0,8117976,2,"Australia","New South Wales",NA,"5c4dd6e0"
2020-06-02,29,0,8406,29,29,0,0,0,0,0,0,245562,2,"Australia","Northern Territory",NA,"a079fdb2"
2020-06-02,1059,6,200391,1059,1046,2,1,1,0,0,0,5115451,2,"Australia","Queensland",NA,"36068882"
2020-06-02,440,4,102388,440,435,0,0,0,0,0,0,1756494,2,"Australia","South Australia",NA,"165128d0"
2020-06-02,228,13,29610,228,209,2,0,0,0,0,0,535500,2,"Australia","Tasmania",NA,"86525f8e"
2020-06-02,1663,19,521359,1663,1563,9,2,1,0,0,0,6629870,2,"Australia","Victoria",NA,"6c5dccdb"
2020-06-02,585,9,94948,585,547,2,0,0,0,0,0,2630557,2,"Australia","Western Australia",NA,"1f999f12"
2020-06-03,107,3,18899,107,104,0,0,0,0,0,0,428060,2,"Australia","Australian Capital Territory",NA,"f42f23e3"
2020-06-03,3293,49,521669,3293,2691,11,2,0,0,0,0,8117976,2,"Australia","New South Wales",NA,"5c4dd6e0"
2020-06-03,29,0,8591,29,29,0,0,0,0,0,0,245562,2,"Australia","Northern Territory",NA,"a079fdb2"
2020-06-03,1059,6,204258,1059,1046,2,1,1,0,0,0,5115451,2,"Australia","Queensland",NA,"36068882"
2020-06-03,440,4,104548,440,435,0,0,0,0,0,0,1756494,2,"Australia","South Australia",NA,"165128d0"
2020-06-03,228,13,30316,228,210,2,0,0,0,0,0,535500,2,"Australia","Tasmania",NA,"86525f8e"
2020-06-03,1670,19,526507,1670,1569,9,2,1,0,0,0,6629870,2,"Australia","Victoria",NA,"6c5dccdb"
2020-06-03,586,9,97912,586,551,1,0,0,0,0,0,2630557,2,"Australia","Western Australia",NA,"1f999f12"
2020-06-04,107,3,19337,107,104,0,0,0,0,0,0,428060,2,"Australia","Australian Capital Territory",NA,"f42f23e3"
2020-06-04,3295,49,533034,3295,2700,11,1,0,0,0,0,8117976,2,"Australia","New South Wales",NA,"5c4dd6e0"
2020-06-04,29,0,8983,29,29,0,0,0,0,0,0,245562,2,"Australia","Northern Territory",NA,"a079fdb2"
2020-06-04,1060,6,208758,1060,1046,2,1,1,0,0,0,5115451,2,"Australia","Queensland",NA,"36068882"
2020-06-04,440,4,106873,440,436,0,0,0,0,0,0,1756494,2,"Australia","South Australia",NA,"165128d0"
2020-06-04,228,13,31063,228,210,2,0,0,0,0,0,535500,2,"Australia","Tasmania",NA,"86525f8e"
2020-06-04,1678,19,536190,1678,1584,7,2,1,0,0,0,6629870,2,"Australia","Victoria",NA,"6c5dccdb"
2020-06-04,586,9,102091,586,551,1,0,0,0,0,0,2630557,2,"Australia","Western Australia",NA,"1f999f12"
2020-06-05,107,3,19736,107,104,0,0,0,0,0,0,428060,2,"Australia","Australian Capital Territory",NA,"f42f23e3"
2020-06-05,3299,49,543205,3299,2714,10,1,0,0,0,0,8117976,2,"Australia","New South Wales",NA,"5c4dd6e0"
2020-06-05,29,0,9174,29,29,0,0,0,0,0,0,245562,2,"Australia","Northern Territory",NA,"a079fdb2"
2020-06-05,1060,6,212870,1060,1046,2,1,1,0,0,0,5115451,2,"Australia","Queensland",NA,"36068882"
2020-06-05,440,4,111625,440,436,0,0,0,0,0,0,1756494,2,"Australia","South Australia",NA,"165128d0"
2020-06-05,228,13,31813,228,210,2,0,0,0,0,0,535500,2,"Australia","Tasmania",NA,"86525f8e"
2020-06-05,1681,19,542958,1681,1586,7,1,1,0,0,0,6629870,2,"Australia","Victoria",NA,"6c5dccdb"
2020-06-05,590,9,107811,590,551,0,0,0,0,0,0,2630557,2,"Australia","Western Australia",NA,"1f999f12"
2020-06-06,107,3,20132,107,104,0,0,0,0,0,0,428060,2,"Australia","Australian Capital Territory",NA,"f42f23e3"
2020-06-06,3299,49,555956,3299,2719,9,0,0,0,0,0,8117976,2,"Australia","New South Wales",NA,"5c4dd6e0"
2020-06-06,29,0,9330,29,29,0,0,0,0,0,0,245562,2,"Australia","Northern Territory",NA,"a079fdb2"
2020-06-06,1061,6,216458,1061,1046,2,1,1,0,0,0,5115451,2,"Australia","Queensland",NA,"36068882"
2020-06-06,440,4,113503,440,436,0,0,0,0,0,0,1756494,2,"Australia","South Australia",NA,"165128d0"
2020-06-06,228,13,32283,228,210,2,0,0,0,0,0,535500,2,"Australia","Tasmania",NA,"86525f8e"
2020-06-06,1681,19,530816,1681,1589,8,3,1,0,0,0,6629870,2,"Australia","Victoria",NA,"6c5dccdb"
2020-06-06,591,9,112110,591,551,0,0,0,0,0,0,2630557,2,"Australia","Western Australia",NA,"1f999f12"
2020-06-07,108,3,20487,108,104,0,0,0,0,0,0,428060,2,"Australia","Australian Capital Territory",NA,"f42f23e3"
2020-06-07,3298,49,565163,3298,2723,9,0,0,0,0,0,8117976,2,"Australia","New South Wales",NA,"5c4dd6e0"
2020-06-07,29,0,9454,29,29,0,0,0,0,0,0,245562,2,"Australia","Northern Territory",NA,"a079fdb2"
2020-06-07,1061,6,219422,1061,1046,2,1,1,0,0,0,5115451,2,"Australia","Queensland",NA,"36068882"
2020-06-07,440,4,114749,440,436,0,0,0,0,0,0,1756494,2,"Australia","South Australia",NA,"165128d0"
2020-06-07,228,13,32724,228,211,1,0,0,0,0,0,535500,2,"Australia","Tasmania",NA,"86525f8e"
2020-06-07,1685,19,539956,1685,1593,6,2,1,0,0,0,6629870,2,"Australia","Victoria",NA,"6c5dccdb"
2020-06-07,591,9,115507,591,551,0,0,0,0,0,0,2630557,2,"Australia","Western Australia",NA,"1f999f12"
2020-06-08,108,3,20683,108,104,0,0,0,0,0,0,428060,2,"Australia","Australian Capital Territory",NA,"f42f23e3"
2020-06-08,3301,49,571113,3301,2724,9,0,0,0,0,0,8117976,2,"Australia","New South Wales",NA,"5c4dd6e0"
2020-06-08,29,0,9477,29,29,0,0,0,0,0,0,245562,2,"Australia","Northern Territory",NA,"a079fdb2"
2020-06-08,1062,6,221212,1062,1050,2,1,1,0,0,0,5115451,2,"Australia","Queensland",NA,"36068882"
2020-06-08,440,4,115802,440,436,0,0,0,0,0,0,1756494,2,"Australia","South Australia",NA,"165128d0"
2020-06-08,228,13,33023,228,211,1,0,0,0,0,0,535500,2,"Australia","Tasmania",NA,"86525f8e"
2020-06-08,1687,19,543708,1687,1595,7,2,1,0,0,0,6629870,2,"Australia","Victoria",NA,"6c5dccdb"
2020-06-08,591,9,118497,591,551,0,0,0,0,0,0,2630557,2,"Australia","Western Australia",NA,"1f999f12"
2020-06-09,108,3,20975,108,104,0,0,0,0,0,0,428060,2,"Australia","Australian Capital Territory",NA,"f42f23e3"
2020-06-09,3303,49,575856,3303,2729,9,0,0,0,0,0,8117976,2,"Australia","New South Wales",NA,"5c4dd6e0"
2020-06-09,29,0,9558,29,29,0,0,0,0,0,0,245562,2,"Australia","Northern Territory",NA,"a079fdb2"
2020-06-09,1062,6,224050,1062,1051,2,1,1,0,0,0,5115451,2,"Australia","Queensland",NA,"36068882"
2020-06-09,440,4,116561,440,436,0,0,0,0,0,0,1756494,2,"Australia","South Australia",NA,"165128d0"
2020-06-09,228,13,33398,228,211,1,0,0,0,0,0,535500,2,"Australia","Tasmania",NA,"86525f8e"
2020-06-09,1687,19,547899,1687,1602,7,1,1,0,0,0,6629870,2,"Australia","Victoria",NA,"6c5dccdb"
2020-06-09,591,9,122387,591,552,0,0,0,0,0,0,2630557,2,"Australia","Western Australia",NA,"1f999f12"
2020-06-10,108,3,21411,108,104,0,0,0,0,0,0,428060,2,"Australia","Australian Capital Territory",NA,"f42f23e3"
2020-06-10,3306,49,581559,3306,2735,9,0,0,0,0,0,8117976,2,"Australia","New South Wales",NA,"5c4dd6e0"
2020-06-10,29,0,9747,29,29,0,0,0,0,0,0,245562,2,"Australia","Northern Territory",NA,"a079fdb2"
2020-06-10,1062,6,230792,1062,1051,1,1,1,0,0,0,5115451,2,"Australia","Queensland",NA,"36068882"
2020-06-10,440,4,117847,440,436,0,0,0,0,0,0,1756494,2,"Australia","South Australia",NA,"165128d0"
2020-06-10,228,13,34054,228,211,1,0,0,0,0,0,535500,2,"Australia","Tasmania",NA,"86525f8e"
2020-06-10,1691,19,557844,1691,1616,9,2,1,0,0,0,6629870,2,"Australia","Victoria",NA,"6c5dccdb"
2020-06-10,591,9,126700,591,554,0,0,0,0,0,0,2630557,2,"Australia","Western Australia",NA,"1f999f12"
2020-06-11,108,3,21938,108,104,0,0,0,0,0,0,428060,2,"Australia","Australian Capital Territory",NA,"f42f23e3"
2020-06-11,3306,49,591305,3306,2738,10,0,0,0,0,0,8117976,2,"Australia","New South Wales",NA,"5c4dd6e0"
2020-06-11,29,0,9939,29,29,0,0,0,0,0,0,245562,2,"Australia","Northern Territory",NA,"a079fdb2"
2020-06-11,1063,6,235917,1063,1051,1,1,1,0,0,0,5115451,2,"Australia","Queensland",NA,"36068882"
2020-06-11,440,4,119981,440,436,0,0,0,0,0,0,1756494,2,"Australia","South Australia",NA,"165128d0"
2020-06-11,228,13,34674,228,211,1,0,0,0,0,0,535500,2,"Australia","Tasmania",NA,"86525f8e"
2020-06-11,1699,19,564192,1699,1621,6,1,1,0,0,0,6629870,2,"Australia","Victoria",NA,"6c5dccdb"
2020-06-11,591,9,133277,591,561,0,0,0,0,0,0,2630557,2,"Australia","Western Australia",NA,"1f999f12"
2020-06-12,108,3,22492,108,104,0,0,0,0,0,0,428060,2,"Australia","Australian Capital Territory",NA,"f42f23e3"
2020-06-12,3304,49,606525,3304,2743,10,0,0,0,0,0,8117976,2,"Australia","New South Wales",NA,"5c4dd6e0"
2020-06-12,29,0,10217,29,29,0,0,0,0,0,0,245562,2,"Australia","Northern Territory",NA,"a079fdb2"
2020-06-12,1064,6,240861,1064,1051,2,1,1,0,0,0,5115451,2,"Australia","Queensland",NA,"36068882"
2020-06-12,440,4,122481,440,436,0,0,0,0,0,0,1756494,2,"Australia","South Australia",NA,"165128d0"
2020-06-12,228,13,35498,228,213,1,0,0,0,0,0,535500,2,"Australia","Tasmania",NA,"86525f8e"
2020-06-12,1703,19,572985,1703,1632,5,1,1,0,0,0,6629870,2,"Australia","Victoria",NA,"6c5dccdb"
2020-06-12,592,9,134491,592,565,0,0,0,0,0,0,2630557,2,"Australia","Western Australia",NA,"1f999f12"
2020-06-13,108,3,22779,108,104,0,0,0,0,0,0,428060,2,"Australia","Australian Capital Territory",NA,"f42f23e3"
2020-06-13,3308,49,620650,3308,2763,9,0,0,0,0,0,8117976,2,"Australia","New South Wales",NA,"5c4dd6e0"
2020-06-13,29,0,10340,29,29,0,0,0,0,0,0,245562,2,"Australia","Northern Territory",NA,"a079fdb2"
2020-06-13,1065,6,245713,1065,1051,2,1,1,0,0,0,5115451,2,"Australia","Queensland",NA,"36068882"
2020-06-13,440,4,124541,440,436,0,0,0,0,0,0,1756494,2,"Australia","South Australia",NA,"165128d0"
2020-06-13,228,13,36008,228,213,0,0,0,0,0,0,535500,2,"Australia","Tasmania",NA,"86525f8e"
2020-06-13,1711,19,582514,1711,1641,5,1,0,0,0,0,6629870,2,"Australia","Victoria",NA,"6c5dccdb"
2020-06-13,592,9,140106,592,565,0,0,0,0,0,0,2630557,2,"Australia","Western Australia",NA,"1f999f12"
2020-06-14,108,3,23217,108,104,0,0,0,0,0,0,428060,2,"Australia","Australian Capital Territory",NA,"f42f23e3"
2020-06-14,3317,49,634241,3317,2766,9,0,0,0,0,0,8117976,2,"Australia","New South Wales",NA,"5c4dd6e0"
2020-06-14,29,0,10464,29,29,0,0,0,0,0,0,245562,2,"Australia","Northern Territory",NA,"a079fdb2"
2020-06-14,1065,6,249627,1065,1051,1,1,1,0,0,0,5115451,2,"Australia","Queensland",NA,"36068882"
2020-06-14,440,4,125732,440,436,0,0,0,0,0,0,1756494,2,"Australia","South Australia",NA,"165128d0"
2020-06-14,228,13,36314,228,213,0,0,0,0,0,0,535500,2,"Australia","Tasmania",NA,"86525f8e"
2020-06-14,1720,19,590853,1720,1657,6,2,0,0,0,0,6629870,2,"Australia","Victoria",NA,"6c5dccdb"
2020-06-14,592,9,141905,592,572,0,0,0,0,0,0,2630557,2,"Australia","Western Australia",NA,"1f999f12"
2020-06-15,108,3,23571,108,104,0,0,0,0,0,0,428060,2,"Australia","Australian Capital Territory",NA,"f42f23e3"
2020-06-15,3320,49,641442,3320,2766,9,0,0,0,0,0,8117976,2,"Australia","New South Wales",NA,"5c4dd6e0"
2020-06-15,29,0,10488,29,29,0,0,0,0,0,0,245562,2,"Australia","Northern Territory",NA,"a079fdb2"
2020-06-15,1065,6,251322,1065,1051,1,1,1,0,0,0,5115451,2,"Australia","Queensland",NA,"36068882"
2020-06-15,440,4,126572,440,436,0,0,0,0,0,0,1756494,2,"Australia","South Australia",NA,"165128d0"
2020-06-15,228,13,36471,228,213,0,0,0,0,0,0,535500,2,"Australia","Tasmania",NA,"86525f8e"
2020-06-15,1732,19,594865,1732,1661,7,3,0,0,0,0,6629870,2,"Australia","Victoria",NA,"6c5dccdb"
2020-06-15,592,9,143418,592,581,0,0,0,0,0,0,2630557,2,"Australia","Western Australia",NA,"1f999f12"
2020-06-16,108,3,23837,108,104,0,0,0,0,0,0,428060,2,"Australia","Australian Capital Territory",NA,"f42f23e3"
2020-06-16,3323,49,649337,3323,2768,10,0,0,0,0,0,8117976,2,"Australia","New South Wales",NA,"5c4dd6e0"
2020-06-16,29,0,10665,29,29,0,0,0,0,0,0,245562,2,"Australia","Northern Territory",NA,"a079fdb2"
2020-06-16,1065,6,254554,1065,1051,1,1,1,0,0,0,5115451,2,"Australia","Queensland",NA,"36068882"
2020-06-16,440,4,127815,440,436,0,0,0,0,0,0,1756494,2,"Australia","South Australia",NA,"165128d0"
2020-06-16,228,13,38826,228,213,0,0,0,0,0,0,535500,2,"Australia","Tasmania",NA,"86525f8e"
2020-06-16,1741,19,599895,1741,1664,6,2,1,0,0,0,6629870,2,"Australia","Victoria",NA,"6c5dccdb"
2020-06-16,592,9,143418,592,581,0,0,0,0,0,0,2630557,2,"Australia","Western Australia",NA,"1f999f12"
2020-06-17,108,3,24428,108,105,0,0,0,0,0,0,428060,2,"Australia","Australian Capital Territory",NA,"f42f23e3"
2020-06-17,3324,49,661226,3324,2770,10,0,0,0,0,0,8117976,2,"Australia","New South Wales",NA,"5c4dd6e0"
2020-06-17,29,0,10840,29,29,0,0,0,0,0,0,245562,2,"Australia","Northern Territory",NA,"a079fdb2"
2020-06-17,1066,6,259902,1066,1052,1,1,1,0,0,0,5115451,2,"Australia","Queensland",NA,"36068882"
2020-06-17,440,4,130121,440,436,0,0,0,0,0,0,1756494,2,"Australia","South Australia",NA,"165128d0"
2020-06-17,228,13,37356,228,215,0,0,0,0,0,0,535500,2,"Australia","Tasmania",NA,"86525f8e"
2020-06-17,1762,19,608826,1762,1671,5,2,2,0,0,0,6629870,2,"Australia","Victoria",NA,"6c5dccdb"
2020-06-17,592,9,148820,592,582,0,0,0,0,0,0,2630557,2,"Australia","Western Australia",NA,"1f999f12"
2020-06-18,108,3,24971,108,105,0,0,0,0,0,0,428060,2,"Australia","Australian Capital Territory",NA,"f42f23e3"
2020-06-18,3326,49,678618,3326,2770,9,0,0,0,0,0,8117976,2,"Australia","New South Wales",NA,"5c4dd6e0"
2020-06-18,29,0,11088,29,29,0,0,0,0,0,0,245562,2,"Australia","Northern Territory",NA,"a079fdb2"
2020-06-18,1066,6,264106,1066,1052,1,1,0,0,0,0,5115451,2,"Australia","Queensland",NA,"36068882"
2020-06-18,440,4,132490,440,436,0,0,0,0,0,0,1756494,2,"Australia","South Australia",NA,"165128d0"
2020-06-18,228,13,42395,228,215,0,0,0,0,0,0,535500,2,"Australia","Tasmania",NA,"86525f8e"
2020-06-18,1780,19,621226,1780,1671,4,2,2,0,0,0,6629870,2,"Australia","Victoria",NA,"6c5dccdb"
2020-06-18,593,9,152603,593,582,0,0,0,0,0,0,2630557,2,"Australia","Western Australia",NA,"1f999f12"
2020-06-19,108,3,25300,108,105,0,0,0,0,0,0,428060,2,"Australia","Australian Capital Territory",NA,"f42f23e3"
2020-06-19,3332,49,695981,3332,2770,9,0,0,0,0,0,8117976,2,"Australia","New South Wales",NA,"5c4dd6e0"
2020-06-19,29,0,11243,29,29,0,0,0,0,0,0,245562,2,"Australia","Northern Territory",NA,"a079fdb2"
2020-06-19,1066,6,268286,1066,1053,1,0,0,0,0,0,5115451,2,"Australia","Queensland",NA,"36068882"
2020-06-19,440,4,134688,440,436,0,0,0,0,0,0,1756494,2,"Australia","South Australia",NA,"165128d0"
2020-06-19,228,13,42995,228,215,0,0,0,0,0,0,535500,2,"Australia","Tasmania",NA,"86525f8e"
2020-06-19,1792,19,635897,1792,1680,5,2,2,0,0,0,6629870,2,"Australia","Victoria",NA,"6c5dccdb"
2020-06-19,593,9,155815,593,582,0,0,0,0,0,0,2630557,2,"Australia","Western Australia",NA,"1f999f12"
2020-06-20,108,3,25564,108,105,0,0,0,0,0,0,428060,2,"Australia","Australian Capital Territory",NA,"f42f23e3"
2020-06-20,3333,49,712174,3333,2771,10,0,0,0,0,0,8117976,2,"Australia","New South Wales",NA,"5c4dd6e0"
2020-06-20,29,0,11417,29,29,0,0,0,0,0,0,245562,2,"Australia","Northern Territory",NA,"a079fdb2"
2020-06-20,1066,6,271860,1066,1053,1,0,0,0,0,0,5115451,2,"Australia","Queensland",NA,"36068882"
2020-06-20,440,4,136378,440,436,0,0,0,0,0,0,1756494,2,"Australia","South Australia",NA,"165128d0"
2020-06-20,228,13,43822,228,215,0,0,0,0,0,0,535500,2,"Australia","Tasmania",NA,"86525f8e"
2020-06-20,1817,19,645401,1817,1686,6,3,0,0,0,0,6629870,2,"Australia","Victoria",NA,"6c5dccdb"
2020-06-20,593,9,158762,593,582,0,0,0,0,0,0,2630557,2,"Australia","Western Australia",NA,"1f999f12"
2020-06-21,108,3,25905,108,105,0,0,0,0,0,0,428060,2,"Australia","Australian Capital Territory",NA,"f42f23e3"
2020-06-21,3338,49,725817,3338,2771,8,0,0,0,0,0,8117976,2,"Australia","New South Wales",NA,"5c4dd6e0"
2020-06-21,29,0,11533,29,29,0,0,0,0,0,0,245562,2,"Australia","Northern Territory",NA,"a079fdb2"
2020-06-21,1066,6,274688,1066,1053,1,0,0,0,0,0,5115451,2,"Australia","Queensland",NA,"36068882"
2020-06-21,440,4,137290,440,436,0,0,0,0,0,0,1756494,2,"Australia","South Australia",NA,"165128d0"
2020-06-21,228,13,44025,228,215,0,0,0,0,0,0,535500,2,"Australia","Tasmania",NA,"86525f8e"
2020-06-21,1836,19,660801,1836,1694,5,2,0,0,0,0,6629870,2,"Australia","Victoria",NA,"6c5dccdb"
2020-06-21,594,9,161265,594,582,0,0,0,0,0,0,2630557,2,"Australia","Western Australia",NA,"1f999f12"
2020-06-22,108,3,26075,108,105,0,0,0,0,0,0,428060,2,"Australia","Australian Capital Territory",NA,"f42f23e3"
2020-06-22,3340,49,734669,3340,2771,8,0,0,0,0,0,8117976,2,"Australia","New South Wales",NA,"5c4dd6e0"
2020-06-22,29,0,11566,29,29,0,0,0,0,0,0,245562,2,"Australia","Northern Territory",NA,"a079fdb2"
2020-06-22,1066,6,323895,1066,1053,1,0,0,0,0,0,5115451,2,"Australia","Queensland",NA,"36068882"
2020-06-22,440,4,138170,440,436,0,0,0,0,0,0,1756494,2,"Australia","South Australia",NA,"165128d0"
2020-06-22,228,13,44294,228,215,0,0,0,0,0,0,535500,2,"Australia","Tasmania",NA,"86525f8e"
2020-06-22,1847,19,667115,1847,1701,7,2,0,0,0,0,6629870,2,"Australia","Victoria",NA,"6c5dccdb"
2020-06-22,594,9,162065,594,582,0,0,0,0,0,0,2630557,2,"Australia","Western Australia",NA,"1f999f12"
2020-06-23,108,3,26480,108,105,0,0,0,0,0,0,428060,2,"Australia","Australian Capital Territory",NA,"f42f23e3"
2020-06-23,3339,49,742962,3339,2771,9,0,0,0,0,0,8117976,2,"Australia","New South Wales",NA,"5c4dd6e0"
2020-06-23,29,0,11878,29,29,0,0,0,0,0,0,245562,2,"Australia","Northern Territory",NA,"a079fdb2"
2020-06-23,1066,6,327530,1066,1053,1,0,0,0,0,0,5115451,2,"Australia","Queensland",NA,"36068882"
2020-06-23,440,4,139594,440,436,0,0,0,0,0,0,1756494,2,"Australia","South Australia",NA,"165128d0"
2020-06-23,228,13,44966,228,215,0,0,0,0,0,0,535500,2,"Australia","Tasmania",NA,"86525f8e"
2020-06-23,1864,19,675264,1864,1712,9,3,0,0,0,0,6629870,2,"Australia","Victoria",NA,"6c5dccdb"
2020-06-23,596,9,164147,596,583,0,0,0,0,0,0,2630557,2,"Australia","Western Australia",NA,"1f999f12"
2020-06-24,108,3,26937,108,105,0,0,0,0,0,0,428060,2,"Australia","Australian Capital Territory",NA,"f42f23e3"
2020-06-24,3348,49,756240,3348,2771,8,0,0,0,0,0,8117976,2,"Australia","New South Wales",NA,"5c4dd6e0"
2020-06-24,29,0,12099,29,29,0,0,0,0,0,0,245562,2,"Australia","Northern Territory",NA,"a079fdb2"
2020-06-24,1066,6,334084,1066,1053,1,0,0,0,0,0,5115451,2,"Australia","Queensland",NA,"36068882"
2020-06-24,440,4,141630,440,436,0,0,0,0,0,0,1756494,2,"Australia","South Australia",NA,"165128d0"
2020-06-24,228,13,45970,228,215,0,0,0,0,0,0,535500,2,"Australia","Tasmania",NA,"86525f8e"
2020-06-24,1884,20,696263,1884,1721,7,2,0,0,0,0,6629870,2,"Australia","Victoria",NA,"6c5dccdb"
2020-06-24,596,9,167201,596,583,0,0,0,0,0,0,2630557,2,"Australia","Western Australia",NA,"1f999f12"
2020-06-25,108,3,27529,108,105,0,0,0,0,0,0,428060,2,"Australia","Australian Capital Territory",NA,"f42f23e3"
2020-06-25,3351,50,773415,3351,2776,8,0,0,0,0,0,8117976,2,"Australia","New South Wales",NA,"5c4dd6e0"
2020-06-25,29,0,12325,29,29,0,0,0,0,0,0,245562,2,"Australia","Northern Territory",NA,"a079fdb2"
2020-06-25,1066,6,340581,1066,1054,1,0,0,0,0,0,5115451,2,"Australia","Queensland",NA,"36068882"
2020-06-25,440,4,143905,440,436,0,0,0,0,0,0,1756494,2,"Australia","South Australia",NA,"165128d0"
2020-06-25,228,13,46824,228,215,0,0,0,0,0,0,535500,2,"Australia","Tasmania",NA,"86525f8e"
2020-06-25,1917,20,716567,1917,1732,7,2,0,0,0,0,6629870,2,"Australia","Victoria",NA,"6c5dccdb"
2020-06-25,596,9,171195,596,583,0,0,0,0,0,0,2630557,2,"Australia","Western Australia",NA,"1f999f12"
2020-06-26,108,3,28053,108,105,0,0,0,0,0,0,428060,2,"Australia","Australian Capital Territory",NA,"f42f23e3"
2020-06-26,3357,50,788693,3357,2782,4,0,0,0,0,0,8117976,2,"Australia","New South Wales",NA,"5c4dd6e0"
2020-06-26,29,0,12606,29,29,0,0,0,0,0,0,245562,2,"Australia","Northern Territory",NA,"a079fdb2"
2020-06-26,1067,6,347610,1067,1054,2,0,0,0,0,0,5115451,2,"Australia","Queensland",NA,"36068882"
2020-06-26,440,4,146127,440,436,0,0,0,0,0,0,1756494,2,"Australia","South Australia",NA,"165128d0"
2020-06-26,228,13,47685,228,215,0,0,0,0,0,0,535500,2,"Australia","Tasmania",NA,"86525f8e"
2020-06-26,1947,20,736735,1947,1742,6,1,0,0,0,0,6629870,2,"Australia","Victoria",NA,"6c5dccdb"
2020-06-26,596,9,174330,596,583,0,0,0,0,0,0,2630557,2,"Australia","Western Australia",NA,"1f999f12"
2020-06-27,108,3,28364,108,105,0,0,0,0,0,0,428060,2,"Australia","Australian Capital Territory",NA,"f42f23e3"
2020-06-27,3363,50,812427,3363,2784,5,0,0,0,0,0,8117976,2,"Australia","New South Wales",NA,"5c4dd6e0"
2020-06-27,29,0,12932,29,29,0,0,0,0,0,0,245562,2,"Australia","Northern Territory",NA,"a079fdb2"
2020-06-27,1067,6,353085,1067,1054,2,0,0,0,0,0,5115451,2,"Australia","Queensland",NA,"36068882"
2020-06-27,440,4,147846,440,436,0,0,0,0,0,0,1756494,2,"Australia","South Australia",NA,"165128d0"
2020-06-27,228,13,48239,228,215,0,0,0,0,0,0,535500,2,"Australia","Tasmania",NA,"86525f8e"
2020-06-27,1987,20,758838,1987,1761,5,1,0,0,0,0,6629870,2,"Australia","Victoria",NA,"6c5dccdb"
2020-06-27,596,9,174330,596,583,0,0,0,0,0,0,2630557,2,"Australia","Western Australia",NA,"1f999f12"
2020-06-28,108,3,29008,108,105,0,0,0,0,0,0,428060,2,"Australia","Australian Capital Territory",NA,"f42f23e3"
2020-06-28,3366,50,830541,3366,2784,3,0,0,0,0,0,8117976,2,"Australia","New South Wales",NA,"5c4dd6e0"
2020-06-28,29,0,13209,29,29,0,0,0,0,0,0,245562,2,"Australia","Northern Territory",NA,"a079fdb2"
2020-06-28,1067,6,357915,1067,1054,1,0,0,0,0,0,5115451,2,"Australia","Queensland",NA,"36068882"
2020-06-28,440,4,148844,440,436,0,0,0,0,0,0,1756494,2,"Australia","South Australia",NA,"165128d0"
2020-06-28,228,13,48536,228,215,0,0,0,0,0,0,535500,2,"Australia","Tasmania",NA,"86525f8e"
2020-06-28,2028,20,776792,2028,1775,7,1,0,0,0,0,6629870,2,"Australia","Victoria",NA,"6c5dccdb"
2020-06-28,597,9,174330,597,583,0,0,0,0,0,0,2630557,2,"Australia","Western Australia",NA,"1f999f12"
2020-06-29,108,3,29282,108,105,0,0,0,0,0,0,428060,2,"Australia","Australian Capital Territory",NA,"f42f23e3"
2020-06-29,3373,50,842374,3373,2784,5,0,0,0,0,0,8117976,2,"Australia","New South Wales",NA,"5c4dd6e0"
2020-06-29,29,0,13245,29,29,0,0,0,0,0,0,245562,2,"Australia","Northern Territory",NA,"a079fdb2"
2020-06-29,1067,6,360469,1067,1054,1,0,0,0,0,0,5115451,2,"Australia","Queensland",NA,"36068882"
2020-06-29,443,4,149909,443,436,0,0,0,0,0,0,1756494,2,"Australia","South Australia",NA,"165128d0"
2020-06-29,228,13,48917,228,215,0,0,0,0,0,0,535500,2,"Australia","Tasmania",NA,"86525f8e"
2020-06-29,2099,20,792173,2099,1789,9,1,0,0,0,0,6629870,2,"Australia","Victoria",NA,"6c5dccdb"
2020-06-29,597,9,179326,597,584,0,0,0,0,0,0,2630557,2,"Australia","Western Australia",NA,"1f999f12"
2020-06-30,108,3,29593,108,105,0,0,0,0,0,0,428060,2,"Australia","Australian Capital Territory",NA,"f42f23e3"
2020-06-30,3378,50,855324,3378,2784,4,0,0,0,0,0,8117976,2,"Australia","New South Wales",NA,"5c4dd6e0"
2020-06-30,29,0,13307,29,29,0,0,0,0,0,0,245562,2,"Australia","Northern Territory",NA,"a079fdb2"
2020-06-30,1067,6,364981,1067,1054,1,0,0,0,0,0,5115451,2,"Australia","Queensland",NA,"36068882"
2020-06-30,443,4,151285,443,436,0,0,0,0,0,0,1756494,2,"Australia","South Australia",NA,"165128d0"
2020-06-30,228,13,49390,228,215,0,0,0,0,0,0,535500,2,"Australia","Tasmania",NA,"86525f8e"
2020-06-30,2159,20,809589,2159,1816,9,1,0,0,0,0,6629870,2,"Australia","Victoria",NA,"6c5dccdb"
2020-06-30,599,9,182513,599,584,0,0,0,0,0,0,2630557,2,"Australia","Western Australia",NA,"1f999f12"
2020-07-01,108,3,30332,108,105,0,0,0,0,0,0,428060,2,"Australia","Australian Capital Territory",NA,"f42f23e3"
2020-07-01,3392,50,871567,3392,2787,2,1,0,0,0,0,8117976,2,"Australia","New South Wales",NA,"5c4dd6e0"
2020-07-01,29,0,13604,29,29,0,0,0,0,0,0,245562,2,"Australia","Northern Territory",NA,"a079fdb2"
2020-07-01,1067,6,370973,1067,1054,1,0,0,0,0,0,5115451,2,"Australia","Queensland",NA,"36068882"
2020-07-01,443,4,153559,443,436,0,0,0,0,0,0,1756494,2,"Australia","South Australia",NA,"165128d0"
2020-07-01,228,13,49767,228,215,0,0,0,0,0,0,535500,2,"Australia","Tasmania",NA,"86525f8e"
2020-07-01,2231,20,830271,2231,1839,15,2,0,0,0,0,6629870,2,"Australia","Victoria",NA,"6c5dccdb"
2020-07-01,599,9,185850,599,586,0,0,0,0,0,0,2630557,2,"Australia","Western Australia",NA,"1f999f12"
2020-07-02,108,3,31197,108,105,0,0,0,0,0,0,428060,2,"Australia","Australian Capital Territory",NA,"f42f23e3"
2020-07-02,3400,50,889914,3400,2787,2,1,0,0,0,0,8117976,2,"Australia","New South Wales",NA,"5c4dd6e0"
2020-07-02,30,0,13959,30,29,1,0,0,0,0,0,245562,2,"Australia","Northern Territory",NA,"a079fdb2"
2020-07-02,1067,6,376719,1067,1054,1,0,0,0,0,0,5115451,2,"Australia","Queensland",NA,"36068882"
2020-07-02,443,4,155482,443,436,0,0,0,0,0,0,1756494,2,"Australia","South Australia",NA,"165128d0"
2020-07-02,228,13,50967,228,215,0,0,0,0,0,0,535500,2,"Australia","Tasmania",NA,"86525f8e"
2020-07-02,2303,20,856591,2303,1866,20,4,0,0,0,0,6629870,2,"Australia","Victoria",NA,"6c5dccdb"
2020-07-02,599,9,188953,599,586,0,0,0,0,0,0,2630557,2,"Australia","Western Australia",NA,"1f999f12"
2020-07-03,108,3,31563,108,105,0,0,0,0,0,0,428060,2,"Australia","Australian Capital Territory",NA,"f42f23e3"
2020-07-03,3400,50,907762,3400,2787,2,1,0,0,0,0,8117976,2,"Australia","New South Wales",NA,"5c4dd6e0"
2020-07-03,30,0,14214,30,29,1,0,0,0,0,0,245562,2,"Australia","Northern Territory",NA,"a079fdb2"
2020-07-03,1067,6,382114,1067,1054,1,0,0,0,0,0,5115451,2,"Australia","Queensland",NA,"36068882"
2020-07-03,443,4,157971,443,436,0,0,0,0,0,0,1756494,2,"Australia","South Australia",NA,"165128d0"
2020-07-03,228,13,52002,228,215,0,0,0,0,0,0,535500,2,"Australia","Tasmania",NA,"86525f8e"
2020-07-03,2368,20,881021,2368,1904,23,6,0,0,0,0,6629870,2,"Australia","Victoria",NA,"6c5dccdb"
2020-07-03,599,9,191213,599,586,0,0,0,0,0,0,2630557,2,"Australia","Western Australia",NA,"1f999f12"
2020-07-04,108,3,32016,108,105,0,0,0,0,0,0,428060,2,"Australia","Australian Capital Territory",NA,"f42f23e3"
2020-07-04,3405,50,924318,3405,2788,2,1,0,0,0,0,8117976,2,"Australia","New South Wales",NA,"5c4dd6e0"
2020-07-04,30,0,14523,30,29,1,0,0,0,0,0,245562,2,"Australia","Northern Territory",NA,"a079fdb2"
2020-07-04,1067,6,386727,1067,1055,1,0,0,0,0,0,5115451,2,"Australia","Queensland",NA,"36068882"
2020-07-04,443,4,160000,443,436,0,0,0,0,0,0,1756494,2,"Australia","South Australia",NA,"165128d0"
2020-07-04,228,13,52665,228,215,0,0,0,0,0,0,535500,2,"Australia","Tasmania",NA,"86525f8e"
2020-07-04,2469,20,906574,2469,1938,25,3,0,0,0,0,6629870,2,"Australia","Victoria",NA,"6c5dccdb"
2020-07-04,599,9,191213,599,587,0,0,0,0,0,0,2630557,2,"Australia","Western Australia",NA,"1f999f12"
2020-07-05,108,3,32273,108,105,0,0,0,0,0,0,428060,2,"Australia","Australian Capital Territory",NA,"f42f23e3"
2020-07-05,3419,50,942432,3419,2799,2,1,0,0,0,0,8117976,2,"Australia","New South Wales",NA,"5c4dd6e0"
2020-07-05,30,0,14748,30,29,1,0,0,0,0,0,245562,2,"Australia","Northern Territory",NA,"a079fdb2"
2020-07-05,1067,6,390572,1067,1055,1,0,0,0,0,0,5115451,2,"Australia","Queensland",NA,"36068882"
2020-07-05,443,4,161092,443,436,0,0,0,0,0,0,1756494,2,"Australia","South Australia",NA,"165128d0"
2020-07-05,228,13,52934,228,215,0,0,0,0,0,0,535500,2,"Australia","Tasmania",NA,"86525f8e"
2020-07-05,2536,20,928171,2536,1971,26,3,0,0,0,0,6629870,2,"Australia","Victoria",NA,"6c5dccdb"
2020-07-05,605,9,191213,605,587,0,0,0,0,0,0,2630557,2,"Australia","Western Australia",NA,"1f999f12"
2020-07-06,108,3,32562,108,105,0,0,0,0,0,0,428060,2,"Australia","Australian Capital Territory",NA,"f42f23e3"
2020-07-06,3429,50,953987,3429,2799,1,1,0,0,0,0,8117976,2,"Australia","New South Wales",NA,"5c4dd6e0"
2020-07-06,30,0,14773,30,29,1,0,0,0,0,0,245562,2,"Australia","Northern Territory",NA,"a079fdb2"
2020-07-06,1067,6,392238,1067,1055,1,0,0,0,0,0,5115451,2,"Australia","Queensland",NA,"36068882"
2020-07-06,443,4,161999,443,436,0,0,0,0,0,0,1756494,2,"Australia","South Australia",NA,"165128d0"
2020-07-06,228,13,54799,228,215,0,0,0,0,0,0,535500,2,"Australia","Tasmania",NA,"86525f8e"
2020-07-06,2660,22,952699,2660,1992,31,5,0,0,0,0,6629870,2,"Australia","Victoria",NA,"6c5dccdb"
2020-07-06,608,9,196108,608,587,0,0,0,0,0,0,2630557,2,"Australia","Western Australia",NA,"1f999f12"
2020-07-07,108,3,32562,108,105,0,0,0,0,0,0,428060,2,"Australia","Australian Capital Territory",NA,"f42f23e3"
2020-07-07,3433,50,963733,3433,2798,2,1,0,0,0,0,8117976,2,"Australia","New South Wales",NA,"5c4dd6e0"
2020-07-07,30,0,15112,30,29,1,0,0,0,0,0,245562,2,"Australia","Northern Territory",NA,"a079fdb2"
2020-07-07,1068,6,395027,1068,1055,1,0,0,0,0,0,5115451,2,"Australia","Queensland",NA,"36068882"
2020-07-07,443,4,163444,443,436,0,0,0,0,0,0,1756494,2,"Australia","South Australia",NA,"165128d0"
2020-07-07,228,13,54092,228,215,0,0,0,0,0,0,535500,2,"Australia","Tasmania",NA,"86525f8e"
2020-07-07,2824,22,979253,2824,2028,35,9,0,0,0,0,6629870,2,"Australia","Victoria",NA,"6c5dccdb"
2020-07-07,608,9,197884,608,587,0,0,0,0,0,0,2630557,2,"Australia","Western Australia",NA,"1f999f12"
2020-07-08,111,3,33223,111,105,0,0,0,0,0,0,428060,2,"Australia","Australian Capital Territory",NA,"f42f23e3"
2020-07-08,3440,50,979060,3440,2797,3,1,0,0,0,0,8117976,2,"Australia","New South Wales",NA,"5c4dd6e0"
2020-07-08,30,0,15476,30,29,1,0,0,0,0,0,245562,2,"Australia","Northern Territory",NA,"a079fdb2"
2020-07-08,1068,6,398844,1068,1056,1,0,0,0,0,0,5115451,2,"Australia","Queensland",NA,"36068882"
2020-07-08,443,4,165600,443,436,0,0,0,0,0,0,1756494,2,"Australia","South Australia",NA,"165128d0"
2020-07-08,228,13,54639,228,215,0,0,0,0,0,0,535500,2,"Australia","Tasmania",NA,"86525f8e"
2020-07-08,2942,22,1008677,2942,2058,41,7,0,0,0,0,6629870,2,"Australia","Victoria",NA,"6c5dccdb"
2020-07-08,610,9,200887,610,588,0,0,0,0,0,0,2630557,2,"Australia","Western Australia",NA,"1f999f12"
2020-07-09,112,3,33920,112,105,0,0,0,0,0,0,428060,2,"Australia","Australian Capital Territory",NA,"f42f23e3"
2020-07-09,3453,50,997736,3453,2797,3,1,0,0,0,0,8117976,2,"Australia","New South Wales",NA,"5c4dd6e0"
2020-07-09,30,0,15784,30,29,1,0,0,0,0,0,245562,2,"Australia","Northern Territory",NA,"a079fdb2"
2020-07-09,1068,6,406672,1068,1057,1,0,0,0,0,0,5115451,2,"Australia","Queensland",NA,"36068882"
2020-07-09,443,4,167653,443,439,0,0,0,0,0,0,1756494,2,"Australia","South Australia",NA,"165128d0"
2020-07-09,228,13,55513,228,215,0,0,0,0,0,0,535500,2,"Australia","Tasmania",NA,"86525f8e"
2020-07-09,3098,22,1030462,3098,2142,40,9,0,0,0,0,6629870,2,"Australia","Victoria",NA,"6c5dccdb"
2020-07-09,613,9,203091,613,588,0,0,0,0,0,0,2630557,2,"Australia","Western Australia",NA,"1f999f12"
2020-07-10,113,3,34801,113,105,0,0,0,0,0,0,428060,2,"Australia","Australian Capital Territory",NA,"f42f23e3"
2020-07-10,3467,50,1007662,3467,2798,4,1,0,0,0,0,8117976,2,"Australia","New South Wales",NA,"5c4dd6e0"
2020-07-10,31,0,16092,31,29,2,0,0,0,0,0,245562,2,"Australia","Northern Territory",NA,"a079fdb2"
2020-07-10,1068,6,412838,1068,1057,1,0,0,0,0,0,5115451,2,"Australia","Queensland",NA,"36068882"
2020-07-10,443,4,169757,443,439,0,0,0,0,0,0,1756494,2,"Australia","South Australia",NA,"165128d0"
2020-07-10,228,13,56139,228,215,0,0,0,0,0,0,535500,2,"Australia","Tasmania",NA,"86525f8e"
2020-07-10,3379,22,1068050,3379,2201,47,12,0,0,0,0,6629870,2,"Australia","Victoria",NA,"6c5dccdb"
2020-07-10,616,9,204929,616,588,0,0,0,0,0,0,2630557,2,"Australia","Western Australia",NA,"1f999f12"
2020-07-11,113,3,35872,113,105,0,0,0,0,0,0,428060,2,"Australia","Australian Capital Territory",NA,"f42f23e3"
2020-07-11,3474,50,1024410,3474,2799,3,1,0,0,0,0,8117976,2,"Australia","New South Wales",NA,"5c4dd6e0"
2020-07-11,31,0,16734,31,29,2,0,0,0,0,0,245562,2,"Australia","Northern Territory",NA,"a079fdb2"
2020-07-11,1070,6,417970,1070,1058,1,0,0,0,0,0,5115451,2,"Australia","Queensland",NA,"36068882"
2020-07-11,443,4,169757,443,439,0,0,0,0,0,0,1756494,2,"Australia","South Australia",NA,"165128d0"
2020-07-11,228,13,56602,228,215,0,0,0,0,0,0,535500,2,"Australia","Tasmania",NA,"86525f8e"
2020-07-11,3560,23,1095219,3560,2286,49,15,0,0,0,0,6629870,2,"Australia","Victoria",NA,"6c5dccdb"
2020-07-11,618,9,204929,618,588,0,0,0,0,0,0,2630557,2,"Australia","Western Australia",NA,"1f999f12"
2020-07-12,113,3,36632,113,105,0,0,0,0,0,0,428060,2,"Australia","Australian Capital Territory",NA,"f42f23e3"
2020-07-12,3478,50,1039385,3478,2799,7,1,0,0,0,0,8117976,2,"Australia","New South Wales",NA,"5c4dd6e0"
2020-07-12,31,0,16962,31,29,2,0,0,0,0,0,245562,2,"Australia","Northern Territory",NA,"a079fdb2"
2020-07-12,1070,6,421738,1070,1058,1,0,0,0,0,0,5115451,2,"Australia","Queensland",NA,"36068882"
2020-07-12,443,4,173296,443,439,0,0,0,0,0,0,1756494,2,"Australia","South Australia",NA,"165128d0"
2020-07-12,228,13,57132,228,215,0,0,0,0,0,0,535500,2,"Australia","Tasmania",NA,"86525f8e"
2020-07-12,3799,24,1125414,3799,2289,57,16,0,0,0,0,6629870,2,"Australia","Victoria",NA,"6c5dccdb"
2020-07-12,619,9,204929,619,589,0,0,0,0,0,0,2630557,2,"Australia","Western Australia",NA,"1f999f12"
2020-07-13,113,3,37233,113,105,0,0,0,0,0,0,428060,2,"Australia","Australian Capital Territory",NA,"f42f23e3"
2020-07-13,3492,50,1050171,3492,2799,17,1,0,0,0,0,8117976,2,"Australia","New South Wales",NA,"5c4dd6e0"
2020-07-13,31,0,17028,31,29,2,0,0,0,0,0,245562,2,"Australia","Northern Territory",NA,"a079fdb2"
2020-07-13,1071,6,423911,1071,1058,1,0,0,0,0,0,5115451,2,"Australia","Queensland",NA,"36068882"
2020-07-13,443,4,174553,443,439,0,0,0,0,0,0,1756494,2,"Australia","South Australia",NA,"165128d0"
2020-07-13,228,13,57463,228,215,0,0,0,0,0,0,535500,2,"Australia","Tasmania",NA,"86525f8e"
2020-07-13,3967,24,1148357,3967,2329,72,17,0,0,0,0,6629870,2,"Australia","Victoria",NA,"6c5dccdb"
2020-07-13,619,9,209072,619,590,0,0,0,0,0,0,2630557,2,"Australia","Western Australia",NA,"1f999f12"
2020-07-14,113,3,37556,113,105,0,0,0,0,0,0,428060,2,"Australia","Australian Capital Territory",NA,"f42f23e3"
2020-07-14,3505,50,1062503,3505,2799,2,1,0,0,0,0,8117976,2,"Australia","New South Wales",NA,"5c4dd6e0"
2020-07-14,31,0,19667,31,29,2,0,0,0,0,0,245562,2,"Australia","Northern Territory",NA,"a079fdb2"
2020-07-14,1071,6,428420,1071,1058,1,0,0,0,0,0,5115451,2,"Australia","Queensland",NA,"36068882"
2020-07-14,443,4,176370,443,439,0,0,0,0,0,0,1756494,2,"Australia","South Australia",NA,"165128d0"
2020-07-14,228,13,57802,228,215,0,0,0,0,0,0,535500,2,"Australia","Tasmania",NA,"86525f8e"
2020-07-14,4224,26,1170352,4224,2395,85,26,0,0,0,0,6629870,2,"Australia","Victoria",NA,"6c5dccdb"
2020-07-14,620,9,209567,620,590,0,0,0,0,0,0,2630557,2,"Australia","Western Australia",NA,"1f999f12"
2020-07-15,113,3,38685,113,105,0,0,0,0,0,0,428060,2,"Australia","Australian Capital Territory",NA,"f42f23e3"
2020-07-15,3517,50,1080163,3517,2799,2,1,0,0,0,0,8117976,2,"Australia","New South Wales",NA,"5c4dd6e0"
2020-07-15,31,0,18645,31,29,2,0,0,0,0,0,245562,2,"Australia","Northern Territory",NA,"a079fdb2"
2020-07-15,1071,6,435198,1071,1058,1,0,0,0,0,0,5115451,2,"Australia","Queensland",NA,"36068882"
2020-07-15,443,4,178869,443,439,0,0,0,0,0,0,1756494,2,"Australia","South Australia",NA,"165128d0"
2020-07-15,228,13,58504,228,215,0,0,0,0,0,0,535500,2,"Australia","Tasmania",NA,"86525f8e"
2020-07-15,4448,27,1197392,4448,2488,105,27,0,0,0,0,6629870,2,"Australia","Victoria",NA,"6c5dccdb"
2020-07-15,628,9,214685,628,590,1,0,0,0,0,0,2630557,2,"Australia","Western Australia",NA,"1f999f12"
2020-07-16,113,3,39658,113,105,0,0,0,0,0,0,428060,2,"Australia","Australian Capital Territory",NA,"f42f23e3"
2020-07-16,3527,50,1102999,3527,2799,2,1,0,0,0,0,8117976,2,"Australia","New South Wales",NA,"5c4dd6e0"
2020-07-16,31,0,19005,31,29,1,0,0,0,0,0,245562,2,"Australia","Northern Territory",NA,"a079fdb2"
2020-07-16,1071,6,441998,1071,1058,1,0,0,0,0,0,5115451,2,"Australia","Queensland",NA,"36068882"
2020-07-16,444,4,181413,444,440,0,0,0,0,0,0,1756494,2,"Australia","South Australia",NA,"165128d0"
2020-07-16,228,13,59356,228,215,0,0,0,0,0,0,535500,2,"Australia","Tasmania",NA,"86525f8e"
2020-07-16,4750,29,1225999,4750,2591,109,29,0,0,0,0,6629870,2,"Australia","Victoria",NA,"6c5dccdb"
2020-07-16,630,9,217288,630,594,1,0,0,0,0,0,2630557,2,"Australia","Western Australia",NA,"1f999f12"
2020-07-17,113,3,40533,113,105,0,0,0,0,0,0,428060,2,"Australia","Australian Capital Territory",NA,"f42f23e3"
2020-07-17,3535,50,1127466,3535,2799,2,1,0,0,0,0,8117976,2,"Australia","New South Wales",NA,"5c4dd6e0"
2020-07-17,31,0,19359,31,29,1,0,0,0,0,0,245562,2,"Australia","Northern Territory",NA,"a079fdb2"
2020-07-17,1071,6,448759,1071,1058,1,0,0,0,0,0,5115451,2,"Australia","Queensland",NA,"36068882"
2020-07-17,444,4,184086,444,440,0,0,0,0,0,0,1756494,2,"Australia","South Australia",NA,"165128d0"
2020-07-17,228,13,60095,228,215,0,0,0,0,0,0,535500,2,"Australia","Tasmania",NA,"86525f8e"
2020-07-17,5165,32,1250408,5165,2669,122,31,22,0,0,0,6629870,2,"Australia","Victoria",NA,"6c5dccdb"
2020-07-17,632,9,219758,632,597,1,0,0,0,0,0,2630557,2,"Australia","Western Australia",NA,"1f999f12"
2020-07-18,113,3,41273,113,105,0,0,0,0,0,0,428060,2,"Australia","Australian Capital Territory",NA,"f42f23e3"
2020-07-18,3550,50,1155168,3550,2799,3,1,0,0,0,0,8117976,2,"Australia","New South Wales",NA,"5c4dd6e0"
2020-07-18,31,0,19655,31,29,1,0,0,0,0,0,245562,2,"Australia","Northern Territory",NA,"a079fdb2"
2020-07-18,1071,6,454831,1071,1059,1,0,0,0,0,0,5115451,2,"Australia","Queensland",NA,"36068882"
2020-07-18,444,4,184086,444,440,0,0,0,0,0,0,1756494,2,"Australia","South Australia",NA,"165128d0"
2020-07-18,228,13,60548,228,215,0,0,0,0,0,0,535500,2,"Australia","Tasmania",NA,"86525f8e"
2020-07-18,5353,35,1278512,5353,2709,110,25,18,0,0,0,6629870,2,"Australia","Victoria",NA,"6c5dccdb"
2020-07-18,633,9,219758,633,599,0,0,0,0,0,0,2630557,2,"Australia","Western Australia",NA,"1f999f12"
2020-07-19,113,3,42003,113,105,0,0,0,0,0,0,428060,2,"Australia","Australian Capital Territory",NA,"f42f23e3"
2020-07-19,3568,50,1181085,3568,2799,2,1,0,0,0,0,8117976,2,"Australia","New South Wales",NA,"5c4dd6e0"
2020-07-19,31,0,19907,31,29,1,0,0,0,0,0,245562,2,"Australia","Northern Territory",NA,"a079fdb2"
2020-07-19,1071,6,459139,1071,1060,1,0,0,0,0,0,5115451,2,"Australia","Queensland",NA,"36068882"
2020-07-19,444,4,188428,444,440,0,0,0,0,0,0,1756494,2,"Australia","South Australia",NA,"165128d0"
2020-07-19,228,13,60957,228,215,0,0,0,0,0,0,535500,2,"Australia","Tasmania",NA,"86525f8e"
2020-07-19,5696,38,1305186,5696,2819,130,28,18,0,0,0,6629870,2,"Australia","Victoria",NA,"6c5dccdb"
2020-07-19,633,9,219758,633,599,1,0,0,0,0,0,2630557,2,"Australia","Western Australia",NA,"1f999f12"
2020-07-20,113,3,42504,113,107,0,0,0,0,0,0,428060,2,"Australia","Australian Capital Territory",NA,"f42f23e3"
2020-07-20,3588,50,1202252,3588,2799,5,2,1,0,0,0,8117976,2,"Australia","New South Wales",NA,"5c4dd6e0"
2020-07-20,31,0,20026,31,29,1,0,0,0,0,0,245562,2,"Australia","Northern Territory",NA,"a079fdb2"
2020-07-20,1072,6,461932,1072,1061,2,0,0,0,0,0,5115451,2,"Australia","Queensland",NA,"36068882"
2020-07-20,444,4,189805,444,440,0,0,0,0,0,0,1756494,2,"Australia","South Australia",NA,"165128d0"
2020-07-20,229,13,61415,229,215,0,0,0,0,0,0,535500,2,"Australia","Tasmania",NA,"86525f8e"
2020-07-20,5942,39,1331774,5942,2933,147,31,16,0,0,0,6629870,2,"Australia","Victoria",NA,"6c5dccdb"
2020-07-20,633,9,224717,633,604,1,0,0,0,0,0,2630557,2,"Australia","Western Australia",NA,"1f999f12"
2020-07-21,113,3,42723,113,107,0,0,0,0,0,0,428060,2,"Australia","Australian Capital Territory",NA,"f42f23e3"
2020-07-21,3599,50,1218155,3599,2799,4,2,1,0,0,0,8117976,2,"Australia","New South Wales",NA,"5c4dd6e0"
2020-07-21,31,0,20348,31,29,1,0,0,0,0,0,245562,2,"Australia","Northern Territory",NA,"a079fdb2"
2020-07-21,1072,6,466479,1072,1061,2,0,0,0,0,0,5115451,2,"Australia","Queensland",NA,"36068882"
2020-07-21,444,4,192436,444,440,0,0,0,0,0,0,1756494,2,"Australia","South Australia",NA,"165128d0"
2020-07-21,229,13,61810,229,215,0,0,0,0,0,0,535500,2,"Australia","Tasmania",NA,"86525f8e"
2020-07-21,6289,42,1361238,6289,3078,174,36,22,0,0,0,6629870,2,"Australia","Victoria",NA,"6c5dccdb"
2020-07-21,633,9,227546,633,607,1,0,0,0,0,0,2630557,2,"Australia","Western Australia",NA,"1f999f12"
2020-07-22,113,3,44078,113,107,0,0,0,0,0,0,428060,2,"Australia","Australian Capital Territory",NA,"f42f23e3"
2020-07-22,3614,50,1236620,3614,2799,5,2,1,0,0,0,8117976,2,"Australia","New South Wales",NA,"5c4dd6e0"
2020-07-22,31,0,21137,31,29,1,0,0,0,0,0,245562,2,"Australia","Northern Territory",NA,"a079fdb2"
2020-07-22,1073,6,474333,1073,1062,2,0,0,0,0,0,5115451,2,"Australia","Queensland",NA,"36068882"
2020-07-22,446,4,195367,446,441,0,0,0,0,0,0,1756494,2,"Australia","South Australia",NA,"165128d0"
2020-07-22,229,13,62628,229,215,1,0,0,0,0,0,535500,2,"Australia","Tasmania",NA,"86525f8e"
2020-07-22,6739,44,1385964,6739,3184,205,40,24,0,0,0,6629870,2,"Australia","Victoria",NA,"6c5dccdb"
2020-07-22,633,9,230402,633,608,1,0,0,0,0,0,2630557,2,"Australia","Western Australia",NA,"1f999f12"
2020-07-23,113,3,45407,113,109,0,0,0,0,0,0,428060,2,"Australia","Australian Capital Territory",NA,"f42f23e3"
2020-07-23,3633,50,1261260,3633,2799,6,1,1,0,0,0,8117976,2,"Australia","New South Wales",NA,"5c4dd6e0"
2020-07-23,31,0,21542,31,29,1,0,0,0,0,0,245562,2,"Australia","Northern Territory",NA,"a079fdb2"
2020-07-23,1074,6,482473,1074,1063,2,0,0,0,0,0,5115451,2,"Australia","Queensland",NA,"36068882"
2020-07-23,447,4,199703,447,441,0,0,0,0,0,0,1756494,2,"Australia","South Australia",NA,"165128d0"
2020-07-23,229,13,63360,229,215,1,0,0,0,0,0,535500,2,"Australia","Tasmania",NA,"86525f8e"
2020-07-23,7125,49,1413115,7125,3298,201,40,24,0,0,0,6629870,2,"Australia","Victoria",NA,"6c5dccdb"
2020-07-23,633,9,232977,633,610,0,0,0,0,0,0,2630557,2,"Australia","Western Australia",NA,"1f999f12"
2020-07-24,113,3,46215,113,109,0,0,0,0,0,0,428060,2,"Australia","Australian Capital Territory",NA,"f42f23e3"
2020-07-24,3640,50,1297429,3640,2799,7,3,1,0,0,0,8117976,2,"Australia","New South Wales",NA,"5c4dd6e0"
2020-07-24,31,0,21825,31,29,1,0,0,0,0,0,245562,2,"Australia","Northern Territory",NA,"a079fdb2"
2020-07-24,1076,6,489894,1076,1063,2,0,0,0,0,0,5115451,2,"Australia","Queensland",NA,"36068882"
2020-07-24,447,4,203045,447,441,0,0,0,0,0,0,1756494,2,"Australia","South Australia",NA,"165128d0"
2020-07-24,229,13,64268,229,215,1,0,0,0,0,0,535500,2,"Australia","Tasmania",NA,"86525f8e"
2020-07-24,7405,56,1437233,7405,3450,206,41,0,0,0,0,6629870,2,"Australia","Victoria",NA,"6c5dccdb"
2020-07-24,633,9,235512,633,612,0,0,0,0,0,0,2630557,2,"Australia","Western Australia",NA,"1f999f12"
2020-07-25,113,3,47288,113,109,0,0,0,0,0,0,428060,2,"Australia","Australian Capital Territory",NA,"f42f23e3"
2020-07-25,3654,50,1327964,3654,2799,6,4,1,0,0,0,8117976,2,"Australia","New South Wales",NA,"5c4dd6e0"
2020-07-25,31,0,22108,31,29,1,0,0,0,0,0,245562,2,"Australia","Northern Territory",NA,"a079fdb2"
2020-07-25,1076,6,497848,1076,1063,2,0,0,0,0,0,5115451,2,"Australia","Queensland",NA,"36068882"
2020-07-25,447,4,206049,447,441,0,0,0,0,0,0,1756494,2,"Australia","South Australia",NA,"165128d0"
2020-07-25,229,13,65190,229,215,1,0,0,0,0,0,535500,2,"Australia","Tasmania",NA,"86525f8e"
2020-07-25,7744,61,1457546,7744,3529,229,42,0,0,0,0,6629870,2,"Australia","Victoria",NA,"6c5dccdb"
2020-07-25,633,9,235512,633,619,0,0,0,0,0,0,2630557,2,"Australia","Western Australia",NA,"1f999f12"
2020-07-26,113,3,47917,113,109,0,0,0,0,0,0,428060,2,"Australia","Australian Capital Territory",NA,"f42f23e3"
2020-07-26,3668,50,1353103,3668,2799,9,4,1,0,0,0,8117976,2,"Australia","New South Wales",NA,"5c4dd6e0"
2020-07-26,31,0,22251,31,29,1,0,0,0,0,0,245562,2,"Australia","Northern Territory",NA,"a079fdb2"
2020-07-26,1076,6,502468,1076,1063,2,0,0,0,0,0,5115451,2,"Australia","Queensland",NA,"36068882"
2020-07-26,447,4,207884,447,441,0,0,0,0,0,0,1756494,2,"Australia","South Australia",NA,"165128d0"
2020-07-26,229,13,65470,229,215,1,0,0,0,0,0,535500,2,"Australia","Tasmania",NA,"86525f8e"
2020-07-26,8181,71,1500519,8181,3680,228,42,21,0,0,0,6629870,2,"Australia","Victoria",NA,"6c5dccdb"
2020-07-26,635,9,235512,635,621,0,0,0,0,0,0,2630557,2,"Australia","Western Australia",NA,"1f999f12"
2020-07-27,113,3,48240,113,109,0,0,0,0,0,0,428060,2,"Australia","Australian Capital Territory",NA,"f42f23e3"
2020-07-27,3685,50,1375135,3685,2800,10,5,1,0,0,0,8117976,2,"Australia","New South Wales",NA,"5c4dd6e0"
2020-07-27,31,0,22526,31,29,1,0,0,0,0,0,245562,2,"Australia","Northern Territory",NA,"a079fdb2"
2020-07-27,1076,6,505628,1076,1063,2,0,0,0,0,0,5115451,2,"Australia","Queensland",NA,"36068882"
2020-07-27,447,4,209996,447,441,0,0,0,0,0,0,1756494,2,"Australia","South Australia",NA,"165128d0"
2020-07-27,229,13,66019,229,215,1,0,0,0,0,0,535500,2,"Australia","Tasmania",NA,"86525f8e"
2020-07-27,8696,77,1518107,8696,3817,245,44,23,0,0,0,6629870,2,"Australia","Victoria",NA,"6c5dccdb"
2020-07-27,635,9,241439,635,624,0,0,0,0,0,0,2630557,2,"Australia","Western Australia",NA,"1f999f12"
2020-07-28,113,3,48686,113,109,0,0,0,0,0,0,428060,2,"Australia","Australian Capital Territory",NA,"f42f23e3"
2020-07-28,3699,50,1391144,3699,2800,11,5,1,0,0,0,8117976,2,"Australia","New South Wales",NA,"5c4dd6e0"
2020-07-28,31,0,23084,31,29,1,0,0,0,0,0,245562,2,"Australia","Northern Territory",NA,"a079fdb2"
2020-07-28,1076,6,510206,1076,1063,2,0,0,0,0,0,5115451,2,"Australia","Queensland",NA,"36068882"
2020-07-28,448,4,212490,448,441,0,0,0,0,0,0,1756494,2,"Australia","South Australia",NA,"165128d0"
2020-07-28,229,13,66544,229,215,1,0,0,0,0,0,535500,2,"Australia","Tasmania",NA,"86525f8e"
2020-07-28,9049,83,1536628,9049,3937,260,42,23,0,0,0,6629870,2,"Australia","Victoria",NA,"6c5dccdb"
2020-07-28,636,9,243279,636,624,0,0,0,0,0,0,2630557,2,"Australia","Western Australia",NA,"1f999f12"
2020-07-29,113,3,49618,113,109,0,0,0,0,0,0,428060,2,"Australia","Australian Capital Territory",NA,"f42f23e3"
2020-07-29,3718,50,1409687,3718,2800,10,5,1,0,0,0,8117976,2,"Australia","New South Wales",NA,"5c4dd6e0"
2020-07-29,31,0,23511,31,30,1,0,0,0,0,0,245562,2,"Australia","Northern Territory",NA,"a079fdb2"
2020-07-29,1079,6,518517,1079,1065,4,0,0,0,0,0,5115451,2,"Australia","Queensland",NA,"36068882"
2020-07-29,448,4,228850,448,441,0,0,0,0,0,0,1756494,2,"Australia","South Australia",NA,"165128d0"
2020-07-29,229,13,67183,229,215,1,0,0,0,0,0,535500,2,"Australia","Tasmania",NA,"86525f8e"
2020-07-29,9304,92,1554705,9304,4123,307,41,0,0,0,0,6629870,2,"Australia","Victoria",NA,"6c5dccdb"
2020-07-29,638,9,246178,638,624,0,0,0,0,0,0,2630557,2,"Australia","Western Australia",NA,"1f999f12"
2020-07-30,113,3,50368,113,109,0,0,0,0,0,0,428060,2,"Australia","Australian Capital Territory",NA,"f42f23e3"
2020-07-30,3736,50,1436834,3736,2800,11,6,1,0,0,0,8117976,2,"Australia","New South Wales",NA,"5c4dd6e0"
2020-07-30,31,0,24078,31,30,1,0,0,0,0,0,245562,2,"Australia","Northern Territory",NA,"a079fdb2"
2020-07-30,1082,6,526768,1082,1065,5,0,0,0,0,0,5115451,2,"Australia","Queensland",NA,"36068882"
2020-07-30,449,4,233614,449,441,0,0,0,0,0,0,1756494,2,"Australia","South Australia",NA,"165128d0"
2020-07-30,229,13,68137,229,215,1,0,0,0,0,0,535500,2,"Australia","Tasmania",NA,"86525f8e"
2020-07-30,9998,105,1574626,9998,4259,312,34,0,0,0,0,6629870,2,"Australia","Victoria",NA,"6c5dccdb"
2020-07-30,639,9,248677,639,622,0,0,0,0,0,0,2630557,2,"Australia","Western Australia",NA,"1f999f12"
2020-07-31,113,3,50856,113,109,0,0,0,0,0,0,428060,2,"Australia","Australian Capital Territory",NA,"f42f23e3"
2020-07-31,3756,50,1462155,3756,2800,11,8,4,0,0,0,8117976,2,"Australia","New South Wales",NA,"5c4dd6e0"
2020-07-31,32,0,24538,32,30,1,0,0,0,0,0,245562,2,"Australia","Northern Territory",NA,"a079fdb2"
2020-07-31,1083,6,535844,1083,1066,5,0,0,0,0,0,5115451,2,"Australia","Queensland",NA,"36068882"
2020-07-31,450,4,237766,450,443,0,0,0,0,0,0,1756494,2,"Australia","South Australia",NA,"165128d0"
2020-07-31,229,13,68905,229,216,1,0,0,0,0,0,535500,2,"Australia","Tasmania",NA,"86525f8e"
2020-07-31,10577,113,1608452,10577,4479,349,36,23,0,0,0,6629870,2,"Australia","Victoria",NA,"6c5dccdb"
2020-07-31,640,9,249789,640,622,0,0,0,0,0,0,2630557,2,"Australia","Western Australia",NA,"1f999f12"
2020-08-01,113,3,51714,113,110,0,0,0,0,0,0,428060,2,"Australia","Australian Capital Territory",NA,"f42f23e3"
2020-08-01,3773,51,1485613,3773,2801,13,9,4,0,0,0,8117976,2,"Australia","New South Wales",NA,"5c4dd6e0"
2020-08-01,33,0,24915,33,30,3,0,0,0,0,0,245562,2,"Australia","Northern Territory",NA,"a079fdb2"
2020-08-01,1084,6,549547,1084,1066,6,0,0,0,0,0,5115451,2,"Australia","Queensland",NA,"36068882"
2020-08-01,451,4,242141,451,443,0,0,0,0,0,0,1756494,2,"Australia","South Australia",NA,"165128d0"
2020-08-01,229,13,69552,229,216,0,0,0,0,0,0,535500,2,"Australia","Tasmania",NA,"86525f8e"
2020-08-01,10931,116,1633953,10931,4696,379,41,24,0,0,0,6629870,2,"Australia","Victoria",NA,"6c5dccdb"
2020-08-01,640,9,249789,640,620,0,0,0,0,0,0,2630557,2,"Australia","Western Australia",NA,"1f999f12"
2020-08-02,113,3,52639,113,110,0,0,0,0,0,0,428060,2,"Australia","Australian Capital Territory",NA,"f42f23e3"
2020-08-02,3784,51,1508040,3784,2802,13,8,4,0,0,0,8117976,2,"Australia","New South Wales",NA,"5c4dd6e0"
2020-08-02,33,0,25211,33,30,3,0,0,0,0,0,245562,2,"Australia","Northern Territory",NA,"a079fdb2"
2020-08-02,1085,6,560607,1085,1066,7,0,0,0,0,0,5115451,2,"Australia","Queensland",NA,"36068882"
2020-08-02,453,4,246160,453,443,0,0,0,0,0,0,1756494,2,"Australia","South Australia",NA,"165128d0"
2020-08-02,229,13,69983,229,216,0,0,0,0,0,0,535500,2,"Australia","Tasmania",NA,"86525f8e"
2020-08-02,11557,123,1651953,11557,4915,385,38,26,0,0,0,6629870,2,"Australia","Victoria",NA,"6c5dccdb"
2020-08-02,641,9,249789,641,624,0,0,0,0,0,0,2630557,2,"Australia","Western Australia",NA,"1f999f12"
2020-08-03,113,3,53182,113,110,0,0,0,0,0,0,428060,2,"Australia","Australian Capital Territory",NA,"f42f23e3"
2020-08-03,3797,51,1526863,3797,2802,13,8,5,0,0,0,8117976,2,"Australia","New South Wales",NA,"5c4dd6e0"
2020-08-03,33,0,25351,33,30,3,0,0,0,0,0,245562,2,"Australia","Northern Territory",NA,"a079fdb2"
2020-08-03,1085,6,569392,1085,1067,7,0,0,0,0,0,5115451,2,"Australia","Queensland",NA,"36068882"
2020-08-03,455,4,250229,455,443,0,0,0,0,0,0,1756494,2,"Australia","South Australia",NA,"165128d0"
2020-08-03,229,13,70359,229,216,0,0,0,0,0,0,535500,2,"Australia","Tasmania",NA,"86525f8e"
2020-08-03,11937,136,1676953,11937,5111,416,35,26,0,0,0,6629870,2,"Australia","Victoria",NA,"6c5dccdb"
2020-08-03,641,9,257582,641,624,0,0,0,0,0,0,2630557,2,"Australia","Western Australia",NA,"1f999f12"
2020-08-04,113,3,53678,113,110,0,0,0,0,0,0,428060,2,"Australia","Australian Capital Territory",NA,"f42f23e3"
2020-08-04,3809,51,1539739,3809,2802,17,6,5,0,0,0,8117976,2,"Australia","New South Wales",NA,"5c4dd6e0"
2020-08-04,33,0,25550,33,30,3,0,0,0,0,0,245562,2,"Australia","Northern Territory",NA,"a079fdb2"
2020-08-04,1085,6,581286,1085,1067,7,0,0,0,0,0,5115451,2,"Australia","Queensland",NA,"36068882"
2020-08-04,457,4,252855,457,443,0,0,0,0,0,0,1756494,2,"Australia","South Australia",NA,"165128d0"
2020-08-04,229,13,70931,229,216,0,0,0,0,0,0,535500,2,"Australia","Tasmania",NA,"86525f8e"
2020-08-04,12335,147,1697953,12335,5283,456,38,0,0,0,0,6629870,2,"Australia","Victoria",NA,"6c5dccdb"
2020-08-04,641,9,259625,641,626,0,0,0,0,0,0,2630557,2,"Australia","Western Australia",NA,"1f999f12"
2020-08-05,113,3,54336,113,110,0,0,0,0,0,0,428060,2,"Australia","Australian Capital Territory",NA,"f42f23e3"
2020-08-05,3820,51,1561826,3820,2802,20,9,6,0,0,0,8117976,2,"Australia","New South Wales",NA,"5c4dd6e0"
2020-08-05,33,0,26014,33,30,3,0,0,0,0,0,245562,2,"Australia","Northern Territory",NA,"a079fdb2"
2020-08-05,1088,6,595001,1088,1069,5,0,0,0,0,0,5115451,2,"Australia","Queensland",NA,"36068882"
2020-08-05,456,4,258408,456,444,0,0,0,0,0,0,1756494,2,"Australia","South Australia",NA,"165128d0"
2020-08-05,229,13,71467,229,216,0,0,0,0,0,0,535500,2,"Australia","Tasmania",NA,"86525f8e"
2020-08-05,13035,162,1721953,13035,5424,538,42,30,0,0,0,6629870,2,"Australia","Victoria",NA,"6c5dccdb"
2020-08-05,642,9,263076,642,626,0,0,0,0,0,0,2630557,2,"Australia","Western Australia",NA,"1f999f12"
2020-08-06,113,3,56007,113,110,0,0,0,0,0,0,428060,2,"Australia","Australian Capital Territory",NA,"f42f23e3"
2020-08-06,3832,51,1589861,3832,2802,16,10,4,0,0,0,8117976,2,"Australia","New South Wales",NA,"5c4dd6e0"
2020-08-06,33,0,26563,33,30,3,0,0,0,0,0,245562,2,"Australia","Northern Territory",NA,"a079fdb2"
2020-08-06,1088,6,609607,1088,1069,6,0,0,0,0,0,5115451,2,"Australia","Queensland",NA,"36068882"
2020-08-06,457,4,264410,457,445,0,0,0,0,0,0,1756494,2,"Australia","South Australia",NA,"165128d0"
2020-08-06,229,13,72474,229,216,0,0,0,0,0,0,535500,2,"Australia","Tasmania",NA,"86525f8e"
2020-08-06,13469,170,1746953,13469,5628,575,42,30,0,0,0,6629870,2,"Australia","Victoria",NA,"6c5dccdb"
2020-08-06,642,9,266214,642,626,0,0,0,0,0,0,2630557,2,"Australia","Western Australia",NA,"1f999f12"
2020-08-07,113,3,56219,113,110,0,0,0,0,0,0,428060,2,"Australia","Australian Capital Territory",NA,"f42f23e3"
2020-08-07,3842,51,1617799,3842,2802,15,10,5,0,0,0,8117976,2,"Australia","New South Wales",NA,"5c4dd6e0"
2020-08-07,33,0,27125,33,30,3,0,0,0,0,0,245562,2,"Australia","Northern Territory",NA,"a079fdb2"
2020-08-07,1088,6,638011,1088,1069,6,0,0,0,0,0,5115451,2,"Australia","Queensland",NA,"36068882"
2020-08-07,459,4,270926,459,445,1,0,0,0,0,0,1756494,2,"Australia","South Australia",NA,"165128d0"
2020-08-07,229,13,73251,229,216,0,0,0,0,0,0,535500,2,"Australia","Tasmania",NA,"86525f8e"
2020-08-07,13867,181,1771953,13867,5829,607,41,28,0,0,0,6629870,2,"Australia","Victoria",NA,"6c5dccdb"
2020-08-07,642,9,268742,642,627,0,0,0,0,0,0,2630557,2,"Australia","Western Australia",NA,"1f999f12"
2020-08-08,113,3,56723,113,110,0,0,0,0,0,0,428060,2,"Australia","Australian Capital Territory",NA,"f42f23e3"
2020-08-08,3851,51,1642220,3851,2802,15,9,6,0,0,0,8117976,2,"Australia","New South Wales",NA,"5c4dd6e0"
2020-08-08,33,0,27618,33,30,3,0,0,0,0,0,245562,2,"Australia","Northern Territory",NA,"a079fdb2"
2020-08-08,1088,6,656876,1088,1069,4,0,0,0,0,0,5115451,2,"Australia","Queensland",NA,"36068882"
2020-08-08,459,4,278180,459,446,1,0,0,0,0,0,1756494,2,"Australia","South Australia",NA,"165128d0"
2020-08-08,229,13,73895,229,216,0,0,0,0,0,0,535500,2,"Australia","Tasmania",NA,"86525f8e"
2020-08-08,14283,193,1759969,14283,6066,636,44,29,0,0,0,6629870,2,"Australia","Victoria",NA,"6c5dccdb"
2020-08-08,642,9,268742,642,628,0,0,0,0,0,0,2630557,2,"Australia","Western Australia",NA,"1f999f12"
2020-08-09,113,3,57290,113,110,0,0,0,0,0,0,428060,2,"Australia","Australian Capital Territory",NA,"f42f23e3"
2020-08-09,3861,51,1673901,3861,2802,17,8,6,0,0,0,8117976,2,"Australia","New South Wales",NA,"5c4dd6e0"
2020-08-09,33,0,27946,33,30,3,0,0,0,0,0,245562,2,"Australia","Northern Territory",NA,"a079fdb2"
2020-08-09,1088,6,668751,1088,1069,4,0,0,0,0,0,5115451,2,"Australia","Queensland",NA,"36068882"
2020-08-09,459,4,285214,459,446,1,0,0,0,0,0,1756494,2,"Australia","South Australia",NA,"165128d0"
2020-08-09,229,13,74185,229,216,0,0,0,0,0,0,535500,2,"Australia","Tasmania",NA,"86525f8e"
2020-08-09,14659,210,1801385,14659,6378,634,43,26,0,0,0,6629870,2,"Australia","Victoria",NA,"6c5dccdb"
2020-08-09,642,9,268742,642,629,0,0,0,0,0,0,2630557,2,"Australia","Western Australia",NA,"1f999f12"
2020-08-10,113,3,59852,113,110,0,0,0,0,0,0,428060,2,"Australia","Australian Capital Territory",NA,"f42f23e3"
2020-08-10,3875,51,1693821,3875,2802,17,8,6,0,0,0,8117976,2,"Australia","New South Wales",NA,"5c4dd6e0"
2020-08-10,33,0,28123,33,30,3,0,0,0,0,0,245562,2,"Australia","Northern Territory",NA,"a079fdb2"
2020-08-10,1089,6,677300,1089,1072,4,0,0,0,0,0,5115451,2,"Australia","Queensland",NA,"36068882"
2020-08-10,459,4,289707,459,447,0,0,0,0,0,0,1756494,2,"Australia","South Australia",NA,"165128d0"
2020-08-10,229,13,74585,229,216,0,0,0,0,0,0,535500,2,"Australia","Tasmania",NA,"86525f8e"
2020-08-10,14957,229,1820598,14957,6642,640,47,31,0,0,0,6629870,2,"Australia","Victoria",NA,"6c5dccdb"
2020-08-10,642,9,274560,642,630,0,0,0,0,0,0,2630557,2,"Australia","Western Australia",NA,"1f999f12"
2020-08-11,113,3,60508,113,110,0,0,0,0,0,0,428060,2,"Australia","Australian Capital Territory",NA,"f42f23e3"
2020-08-11,3897,51,1707078,3897,2802,17,8,6,0,0,0,8117976,2,"Australia","New South Wales",NA,"5c4dd6e0"
2020-08-11,33,0,28496,33,31,2,0,0,0,0,0,245562,2,"Australia","Northern Territory",NA,"a079fdb2"
2020-08-11,1089,6,683824,1089,1075,4,0,0,0,0,0,5115451,2,"Australia","Queensland",NA,"36068882"
2020-08-11,459,4,294036,459,447,0,0,0,0,0,0,1756494,2,"Australia","South Australia",NA,"165128d0"
2020-08-11,230,13,74963,230,216,0,0,0,0,0,0,535500,2,"Australia","Tasmania",NA,"86525f8e"
2020-08-11,15251,248,1854688,15251,6889,650,51,27,0,0,0,6629870,2,"Australia","Victoria",NA,"6c5dccdb"
2020-08-11,642,9,276579,642,630,0,0,0,0,0,0,2630557,2,"Australia","Western Australia",NA,"1f999f12"
2020-08-12,113,3,61255,113,110,0,0,0,0,0,0,428060,2,"Australia","Australian Capital Territory",NA,"f42f23e3"
2020-08-12,3915,51,1727182,3915,2802,17,8,7,0,0,0,8117976,2,"Australia","New South Wales",NA,"5c4dd6e0"
2020-08-12,33,0,29045,33,31,2,0,0,0,0,0,245562,2,"Australia","Northern Territory",NA,"a079fdb2"
2020-08-12,1089,6,693707,1089,1076,4,0,0,0,0,0,5115451,2,"Australia","Queensland",NA,"36068882"
2020-08-12,459,4,299549,459,449,0,0,0,0,0,0,1756494,2,"Australia","South Australia",NA,"165128d0"
2020-08-12,230,13,75875,230,216,1,0,0,0,0,0,535500,2,"Australia","Tasmania",NA,"86525f8e"
2020-08-12,15646,269,1874615,15646,7271,662,43,25,0,0,0,6629870,2,"Australia","Victoria",NA,"6c5dccdb"
2020-08-12,642,9,280116,642,632,0,0,0,0,0,0,2630557,2,"Australia","Western Australia",NA,"1f999f12"
2020-08-13,113,3,62424,113,110,0,0,0,0,0,0,428060,2,"Australia","Australian Capital Territory",NA,"f42f23e3"
2020-08-13,3927,52,1751803,3927,2802,15,7,6,0,0,0,8117976,2,"Australia","New South Wales",NA,"5c4dd6e0"
2020-08-13,33,0,29474,33,31,2,0,0,0,0,0,245562,2,"Australia","Northern Territory",NA,"a079fdb2"
2020-08-13,1089,6,705622,1089,1076,4,0,0,0,0,0,5115451,2,"Australia","Queensland",NA,"36068882"
2020-08-13,459,4,305055,459,449,0,0,0,0,0,0,1756494,2,"Australia","South Australia",NA,"165128d0"
2020-08-13,230,13,76837,230,216,1,0,0,0,0,0,535500,2,"Australia","Tasmania",NA,"86525f8e"
2020-08-13,15863,277,1895566,15863,7493,664,37,25,0,0,0,6629870,2,"Australia","Victoria",NA,"6c5dccdb"
2020-08-13,644,9,283004,644,632,0,0,0,0,0,0,2630557,2,"Australia","Western Australia",NA,"1f999f12"
2020-08-14,113,3,63631,113,110,0,0,0,0,0,0,428060,2,"Australia","Australian Capital Territory",NA,"f42f23e3"
2020-08-14,3936,52,1781499,3936,2802,14,6,5,0,0,0,8117976,2,"Australia","New South Wales",NA,"5c4dd6e0"
2020-08-14,33,0,29883,33,31,2,0,0,0,0,0,245562,2,"Australia","Northern Territory",NA,"a079fdb2"
2020-08-14,1091,6,716420,1091,1076,3,0,0,0,0,0,5115451,2,"Australia","Queensland",NA,"36068882"
2020-08-14,460,4,311863,460,449,0,0,0,0,0,0,1756494,2,"Australia","South Australia",NA,"165128d0"
2020-08-14,230,13,77576,230,216,1,0,0,0,0,0,535500,2,"Australia","Tasmania",NA,"86525f8e"
2020-08-14,16234,291,1914474,16234,7842,659,41,26,0,0,0,6629870,2,"Australia","Victoria",NA,"6c5dccdb"
2020-08-14,645,9,285068,645,632,0,0,0,0,0,0,2630557,2,"Australia","Western Australia",NA,"1f999f12"
2020-08-15,113,3,64828,113,110,0,0,0,0,0,0,428060,2,"Australia","Australian Capital Territory",NA,"f42f23e3"
2020-08-15,3945,52,1808887,3945,2802,16,7,5,0,0,0,8117976,2,"Australia","New South Wales",NA,"5c4dd6e0"
2020-08-15,33,0,30369,33,33,2,0,0,0,0,0,245562,2,"Australia","Northern Territory",NA,"a079fdb2"
2020-08-15,1091,6,722095,1091,1079,3,0,0,0,0,0,5115451,2,"Australia","Queensland",NA,"36068882"
2020-08-15,460,4,316425,460,449,0,0,0,0,0,0,1756494,2,"Australia","South Australia",NA,"165128d0"
2020-08-15,230,13,78376,230,216,1,0,0,0,0,0,535500,2,"Australia","Tasmania",NA,"86525f8e"
2020-08-15,16517,295,1937736,16517,8121,661,41,28,0,0,0,6629870,2,"Australia","Victoria",NA,"6c5dccdb"
2020-08-15,646,9,285068,646,632,0,0,0,0,0,0,2630557,2,"Australia","Western Australia",NA,"1f999f12"
2020-08-16,113,3,65008,113,110,0,0,0,0,0,0,428060,2,"Australia","Australian Capital Territory",NA,"f42f23e3"
2020-08-16,3950,53,1832980,3950,2802,14,7,5,0,0,0,8117976,2,"Australia","New South Wales",NA,"5c4dd6e0"
2020-08-16,33,0,30527,33,33,0,0,0,0,0,0,245562,2,"Australia","Northern Territory",NA,"a079fdb2"
2020-08-16,1091,6,725394,1091,1079,3,0,0,0,0,0,5115451,2,"Australia","Queensland",NA,"36068882"
2020-08-16,461,4,320526,461,450,0,0,0,0,0,0,1756494,2,"Australia","South Australia",NA,"165128d0"
2020-08-16,230,13,78753,230,216,1,0,0,0,0,0,535500,2,"Australia","Tasmania",NA,"86525f8e"
2020-08-16,16764,311,1959302,16764,8570,662,40,29,0,0,0,6629870,2,"Australia","Victoria",NA,"6c5dccdb"
2020-08-16,646,9,285068,646,633,0,0,0,0,0,0,2630557,2,"Australia","Western Australia",NA,"1f999f12"
2020-08-17,113,3,65008,113,110,0,0,0,0,0,0,428060,2,"Australia","Australian Capital Territory",NA,"f42f23e3"
2020-08-17,3957,53,1843786,3957,2802,13,7,5,0,0,0,8117976,2,"Australia","New South Wales",NA,"5c4dd6e0"
2020-08-17,33,0,30724,33,33,0,0,0,0,0,0,245562,2,"Australia","Northern Territory",NA,"a079fdb2"
2020-08-17,1091,6,727913,1091,1079,3,0,0,0,0,0,5115451,2,"Australia","Queensland",NA,"36068882"
2020-08-17,462,4,323111,462,450,0,0,0,0,0,0,1756494,2,"Australia","South Australia",NA,"165128d0"
2020-08-17,230,13,79127,230,216,1,0,0,0,0,0,535500,2,"Australia","Tasmania",NA,"86525f8e"
2020-08-17,17027,336,1975030,17027,9023,657,44,32,0,0,0,6629870,2,"Australia","Victoria",NA,"6c5dccdb"
2020-08-17,646,9,291398,646,633,0,0,0,0,0,0,2630557,2,"Australia","Western Australia",NA,"1f999f12"
2020-08-18,113,3,65008,113,110,0,0,0,0,0,0,428060,2,"Australia","Australian Capital Territory",NA,"f42f23e3"
2020-08-18,3959,53,1857522,3959,2802,13,7,5,0,0,0,8117976,2,"Australia","New South Wales",NA,"5c4dd6e0"
2020-08-18,33,0,31052,33,33,0,0,0,0,0,0,245562,2,"Australia","Northern Territory",NA,"a079fdb2"
2020-08-18,1091,6,735640,1091,1079,3,0,0,0,0,0,5115451,2,"Australia","Queensland",NA,"36068882"
2020-08-18,462,4,326109,462,450,0,0,0,0,0,0,1756494,2,"Australia","South Australia",NA,"165128d0"
2020-08-18,230,13,79469,230,216,1,0,0,0,0,0,535500,2,"Australia","Tasmania",NA,"86525f8e"
2020-08-18,17238,353,1992521,17238,9413,665,45,32,0,0,0,6629870,2,"Australia","Victoria",NA,"6c5dccdb"
2020-08-18,647,9,293292,647,633,0,0,0,0,0,0,2630557,2,"Australia","Western Australia",NA,"1f999f12"
2020-08-19,113,3,67514,113,110,0,0,0,0,0,0,428060,2,"Australia","Australian Capital Territory",NA,"f42f23e3"
2020-08-19,3966,53,1876936,3966,2802,15,8,5,0,0,0,8117976,2,"Australia","New South Wales",NA,"5c4dd6e0"
2020-08-19,33,0,31448,33,33,0,0,0,0,0,0,245562,2,"Australia","Northern Territory",NA,"a079fdb2"
2020-08-19,1092,6,747180,1092,1079,3,0,0,0,0,0,5115451,2,"Australia","Queensland",NA,"36068882"
2020-08-19,462,4,331732,462,452,0,0,0,0,0,0,1756494,2,"Australia","South Australia",NA,"165128d0"
2020-08-19,230,13,80253,230,216,1,0,0,0,0,0,535500,2,"Australia","Tasmania",NA,"86525f8e"
2020-08-19,17446,366,2008630,17446,9729,675,45,29,0,0,0,6629870,2,"Australia","Victoria",NA,"6c5dccdb"
2020-08-19,651,9,296802,651,633,0,0,0,0,0,0,2630557,2,"Australia","Western Australia",NA,"1f999f12"
2020-08-20,113,3,68274,113,110,0,0,0,0,0,0,428060,2,"Australia","Australian Capital Territory",NA,"f42f23e3"
2020-08-20,3971,53,1905703,3971,2802,16,8,5,0,0,0,8117976,2,"Australia","New South Wales",NA,"5c4dd6e0"
2020-08-20,33,0,31866,33,33,0,0,0,0,0,0,245562,2,"Australia","Northern Territory",NA,"a079fdb2"
2020-08-20,1093,6,756977,1093,1081,5,0,0,0,0,0,5115451,2,"Australia","Queensland",NA,"36068882"
2020-08-20,462,4,337004,462,452,0,0,0,0,0,0,1756494,2,"Australia","South Australia",NA,"165128d0"
2020-08-20,230,13,81061,230,216,1,0,0,0,0,0,535500,2,"Australia","Tasmania",NA,"86525f8e"
2020-08-20,17683,379,2028909,17683,12334,622,43,28,0,0,0,6629870,2,"Australia","Victoria",NA,"6c5dccdb"
2020-08-20,651,9,299037,651,633,0,0,0,0,0,0,2630557,2,"Australia","Western Australia",NA,"1f999f12"
2020-08-21,113,3,69245,113,110,0,0,0,0,0,0,428060,2,"Australia","Australian Capital Territory",NA,"f42f23e3"
2020-08-21,3972,53,1938283,3972,2802,16,7,6,0,0,0,8117976,2,"Australia","New South Wales",NA,"5c4dd6e0"
2020-08-21,33,0,32215,33,33,0,0,0,0,0,0,245562,2,"Australia","Northern Territory",NA,"a079fdb2"
2020-08-21,1094,6,766099,1094,1082,4,0,0,0,0,0,5115451,2,"Australia","Queensland",NA,"36068882"
2020-08-21,462,4,341542,462,452,0,0,0,0,0,0,1756494,2,"Australia","South Australia",NA,"165128d0"
2020-08-21,230,13,81645,230,216,1,0,0,0,0,0,535500,2,"Australia","Tasmania",NA,"86525f8e"
2020-08-21,17852,388,2049235,17852,12940,626,40,25,0,0,0,6629870,2,"Australia","Victoria",NA,"6c5dccdb"
2020-08-21,651,9,301716,651,633,0,0,0,0,0,0,2630557,2,"Australia","Western Australia",NA,"1f999f12"
2020-08-22,113,3,69917,113,110,0,0,0,0,0,0,428060,2,"Australia","Australian Capital Territory",NA,"f42f23e3"
2020-08-22,3981,53,1969093,3981,2802,15,7,5,0,0,0,8117976,2,"Australia","New South Wales",NA,"5c4dd6e0"
2020-08-22,33,0,32355,33,33,0,0,0,0,0,0,245562,2,"Australia","Northern Territory",NA,"a079fdb2"
2020-08-22,1103,6,775546,1103,1082,5,0,0,0,0,0,5115451,2,"Australia","Queensland",NA,"36068882"
2020-08-22,462,4,345833,462,452,0,0,0,0,0,0,1756494,2,"Australia","South Australia",NA,"165128d0"
2020-08-22,230,13,82636,230,216,1,0,0,0,0,0,535500,2,"Australia","Tasmania",NA,"86525f8e"
2020-08-22,18029,401,2070581,18029,13239,610,36,22,0,0,0,6629870,2,"Australia","Victoria",NA,"6c5dccdb"
2020-08-22,651,9,301716,651,633,0,0,0,0,0,0,2630557,2,"Australia","Western Australia",NA,"1f999f12"
2020-08-23,113,3,70247,113,110,0,0,0,0,0,0,428060,2,"Australia","Australian Capital Territory",NA,"f42f23e3"
2020-08-23,3985,53,1995573,3985,2802,13,7,5,0,0,0,8117976,2,"Australia","New South Wales",NA,"5c4dd6e0"
2020-08-23,33,0,32558,33,33,0,0,0,0,0,0,245562,2,"Australia","Northern Territory",NA,"a079fdb2"
2020-08-23,1105,6,782421,1105,1082,5,0,0,0,0,0,5115451,2,"Australia","Queensland",NA,"36068882"
2020-08-23,463,4,349802,463,456,0,0,0,0,0,0,1756494,2,"Australia","South Australia",NA,"165128d0"
2020-08-23,230,13,82942,230,216,1,0,0,0,0,0,535500,2,"Australia","Tasmania",NA,"86525f8e"
2020-08-23,18231,418,2091328,18231,13708,585,32,21,0,0,0,6629870,2,"Australia","Victoria",NA,"6c5dccdb"
2020-08-23,652,9,301716,652,634,0,0,0,0,0,0,2630557,2,"Australia","Western Australia",NA,"1f999f12"
2020-08-24,113,3,70582,113,110,0,0,0,0,0,0,428060,2,"Australia","Australian Capital Territory",NA,"f42f23e3"
2020-08-24,3988,53,2016293,3988,2802,14,7,5,0,0,0,8117976,2,"Australia","New South Wales",NA,"5c4dd6e0"
2020-08-24,33,0,33056,33,33,0,0,0,0,0,0,245562,2,"Australia","Northern Territory",NA,"a079fdb2"
2020-08-24,1106,6,789255,1106,1082,15,0,0,0,0,0,5115451,2,"Australia","Queensland",NA,"36068882"
2020-08-24,463,4,351607,463,456,0,0,0,0,0,0,1756494,2,"Australia","South Australia",NA,"165128d0"
2020-08-24,230,13,83305,230,216,1,0,0,0,0,0,535500,2,"Australia","Tasmania",NA,"86525f8e"
2020-08-24,18330,433,2106139,18330,14077,629,31,17,0,0,0,6629870,2,"Australia","Victoria",NA,"6c5dccdb"
2020-08-24,653,9,307797,653,635,0,0,0,0,0,0,2630557,2,"Australia","Western Australia",NA,"1f999f12"
2020-08-25,113,3,71506,113,110,0,0,0,0,0,0,428060,2,"Australia","Australian Capital Territory",NA,"f42f23e3"
2020-08-25,3991,53,2026668,3991,2802,10,7,4,0,0,0,8117976,2,"Australia","New South Wales",NA,"5c4dd6e0"
2020-08-25,33,0,33393,33,33,0,0,0,0,0,0,245562,2,"Australia","Northern Territory",NA,"a079fdb2"
2020-08-25,1106,6,797314,1106,1082,16,0,0,0,0,0,5115451,2,"Australia","Queensland",NA,"36068882"
2020-08-25,463,4,354497,463,456,0,0,0,0,0,0,1756494,2,"Australia","South Australia",NA,"165128d0"
2020-08-25,230,13,83661,230,216,1,0,0,0,0,0,535500,2,"Australia","Tasmania",NA,"86525f8e"
2020-08-25,18464,441,2119199,18464,14288,617,35,19,0,0,0,6629870,2,"Australia","Victoria",NA,"6c5dccdb"
2020-08-25,653,9,328471,653,635,0,0,0,0,0,0,2630557,2,"Australia","Western Australia",NA,"1f999f12"
2020-08-26,113,3,72457,113,110,0,0,0,0,0,0,428060,2,"Australia","Australian Capital Territory",NA,"f42f23e3"
2020-08-26,3997,53,2052542,3997,2802,10,7,4,0,0,0,8117976,2,"Australia","New South Wales",NA,"5c4dd6e0"
2020-08-26,33,0,33855,33,33,0,0,0,0,0,0,245562,2,"Australia","Northern Territory",NA,"a079fdb2"
2020-08-26,1108,6,818170,1108,1083,14,0,0,0,0,0,5115451,2,"Australia","Queensland",NA,"36068882"
2020-08-26,463,4,359926,463,456,0,0,0,0,0,0,1756494,2,"Australia","South Australia",NA,"165128d0"
2020-08-26,230,13,84598,230,216,1,0,0,0,0,0,535500,2,"Australia","Tasmania",NA,"86525f8e"
2020-08-26,18608,465,2132679,18608,14572,578,39,16,0,0,0,6629870,2,"Australia","Victoria",NA,"6c5dccdb"
2020-08-26,653,9,332185,653,636,0,0,0,0,0,0,2630557,2,"Australia","Western Australia",NA,"1f999f12"
2020-08-27,113,3,73298,113,110,0,0,0,0,0,0,428060,2,"Australia","Australian Capital Territory",NA,"f42f23e3"
2020-08-27,4006,53,2082715,4006,2802,11,6,4,0,0,0,8117976,2,"Australia","New South Wales",NA,"5c4dd6e0"
2020-08-27,33,0,34311,33,33,0,0,0,0,0,0,245562,2,"Australia","Northern Territory",NA,"a079fdb2"
2020-08-27,1110,6,837950,1110,1083,14,0,0,0,0,0,5115451,2,"Australia","Queensland",NA,"36068882"
2020-08-27,463,4,365116,463,456,0,0,0,0,0,0,1756494,2,"Australia","South Australia",NA,"165128d0"
2020-08-27,230,13,85384,230,216,1,0,0,0,0,0,535500,2,"Australia","Tasmania",NA,"86525f8e"
2020-08-27,18714,487,2158149,18714,14837,532,29,11,0,0,0,6629870,2,"Australia","Victoria",NA,"6c5dccdb"
2020-08-27,653,9,335757,653,637,0,0,0,0,0,0,2630557,2,"Australia","Western Australia",NA,"1f999f12"
2020-08-28,113,3,74073,113,110,0,0,0,0,0,0,428060,2,"Australia","Australian Capital Territory",NA,"f42f23e3"
2020-08-28,4019,53,2112997,4019,2802,12,6,4,0,0,0,8117976,2,"Australia","New South Wales",NA,"5c4dd6e0"
2020-08-28,33,0,34710,33,33,0,0,0,0,0,0,245562,2,"Australia","Northern Territory",NA,"a079fdb2"
2020-08-28,1113,6,859603,1113,1084,17,0,0,0,0,0,5115451,2,"Australia","Queensland",NA,"36068882"
2020-08-28,463,4,369379,463,458,0,0,0,0,0,0,1756494,2,"Australia","South Australia",NA,"165128d0"
2020-08-28,230,13,86059,230,216,1,0,0,0,0,0,535500,2,"Australia","Tasmania",NA,"86525f8e"
2020-08-28,18822,498,2178012,18822,15101,513,29,17,0,0,0,6629870,2,"Australia","Victoria",NA,"6c5dccdb"
2020-08-28,655,9,337403,655,637,0,0,0,0,0,0,2630557,2,"Australia","Western Australia",NA,"1f999f12"
2020-08-29,113,3,74784,113,110,0,0,0,0,0,0,428060,2,"Australia","Australian Capital Territory",NA,"f42f23e3"
2020-08-29,4033,53,2137629,4033,2802,10,6,4,0,0,0,8117976,2,"Australia","New South Wales",NA,"5c4dd6e0"
2020-08-29,33,0,35119,33,33,0,0,0,0,0,0,245562,2,"Australia","Northern Territory",NA,"a079fdb2"
2020-08-29,1117,6,878366,1117,1084,18,0,0,0,0,0,5115451,2,"Australia","Queensland",NA,"36068882"
2020-08-29,463,4,373451,463,458,0,0,0,0,0,0,1756494,2,"Australia","South Australia",NA,"165128d0"
2020-08-29,230,13,86913,230,216,1,0,0,0,0,0,535500,2,"Australia","Tasmania",NA,"86525f8e"
2020-08-29,18903,516,2196126,18903,15324,481,26,17,0,0,0,6629870,2,"Australia","Victoria",NA,"6c5dccdb"
2020-08-29,655,9,337403,655,637,0,0,0,0,0,0,2630557,2,"Australia","Western Australia",NA,"1f999f12"
2020-08-30,113,3,74969,113,110,0,0,0,0,0,0,428060,2,"Australia","Australian Capital Territory",NA,"f42f23e3"
2020-08-30,4040,53,2157255,4040,2802,9,6,4,0,0,0,8117976,2,"Australia","New South Wales",NA,"5c4dd6e0"
2020-08-30,33,0,35377,33,33,0,0,0,0,0,0,245562,2,"Australia","Northern Territory",NA,"a079fdb2"
2020-08-30,1121,6,888924,1121,1084,19,0,0,0,0,0,5115451,2,"Australia","Queensland",NA,"36068882"
2020-08-30,463,4,376562,463,458,0,0,0,0,0,0,1756494,2,"Australia","South Australia",NA,"165128d0"
2020-08-30,230,13,87292,230,216,1,0,0,0,0,0,535500,2,"Australia","Tasmania",NA,"86525f8e"
2020-08-30,19015,527,2210447,19015,15580,472,25,11,0,0,0,6629870,2,"Australia","Victoria",NA,"6c5dccdb"
2020-08-30,655,9,337403,655,641,0,0,0,0,0,0,2630557,2,"Australia","Western Australia",NA,"1f999f12"
2020-08-31,113,3,76109,113,110,0,0,0,0,0,0,428060,2,"Australia","Australian Capital Territory",NA,"f42f23e3"
2020-08-31,4050,53,2171487,4050,2802,9,6,4,0,0,0,8117976,2,"Australia","New South Wales",NA,"5c4dd6e0"
2020-08-31,33,0,35598,33,33,0,0,0,0,0,0,245562,2,"Australia","Northern Territory",NA,"a079fdb2"
2020-08-31,1122,6,895789,1122,1084,18,0,0,0,0,0,5115451,2,"Australia","Queensland",NA,"36068882"
2020-08-31,463,4,377651,463,458,0,0,0,0,0,0,1756494,2,"Australia","South Australia",NA,"165128d0"
2020-08-31,230,13,87718,230,216,1,0,0,0,0,0,535500,2,"Australia","Tasmania",NA,"86525f8e"
2020-08-31,19080,568,2224887,19080,15814,453,21,13,0,0,0,6629870,2,"Australia","Victoria",NA,"6c5dccdb"
2020-08-31,655,9,345214,655,641,0,0,0,0,0,0,2630557,2,"Australia","Western Australia",NA,"1f999f12"
2020-09-01,113,3,77563,113,110,0,0,0,0,0,0,428060,2,"Australia","Australian Capital Territory",NA,"f42f23e3"
2020-09-01,4063,53,2186337,4063,2802,10,6,3,0,0,0,8117976,2,"Australia","New South Wales",NA,"5c4dd6e0"
2020-09-01,33,0,35987,33,33,0,0,0,0,0,0,245562,2,"Australia","Northern Territory",NA,"a079fdb2"
2020-09-01,1124,6,903278,1124,1084,18,0,0,0,0,0,5115451,2,"Australia","Queensland",NA,"36068882"
2020-09-01,463,4,381219,463,458,0,0,0,0,0,0,1756494,2,"Australia","South Australia",NA,"165128d0"
2020-09-01,230,13,88073,230,216,1,0,0,0,0,0,535500,2,"Australia","Tasmania",NA,"86525f8e"
2020-09-01,19138,573,2235040,19138,15967,421,20,7,0,0,0,6629870,2,"Australia","Victoria",NA,"6c5dccdb"
2020-09-01,655,9,348335,655,641,0,0,0,0,0,0,2630557,2,"Australia","Western Australia",NA,"1f999f12"
2020-09-02,113,3,79215,113,110,0,0,0,0,0,0,428060,2,"Australia","Australian Capital Territory",NA,"f42f23e3"
2020-09-02,4079,53,2206385,4079,2802,10,5,3,0,0,0,8117976,2,"Australia","New South Wales",NA,"5c4dd6e0"
2020-09-02,33,0,36364,33,33,0,0,0,0,0,0,245562,2,"Australia","Northern Territory",NA,"a079fdb2"
2020-09-02,1126,6,921429,1126,1084,16,0,0,0,0,0,5115451,2,"Australia","Queensland",NA,"36068882"
2020-09-02,463,4,386083,463,459,0,0,0,0,0,0,1756494,2,"Australia","South Australia",NA,"165128d0"
2020-09-02,230,13,88884,230,217,1,0,0,0,0,0,535500,2,"Australia","Tasmania",NA,"86525f8e"
2020-09-02,19224,579,2248952,19224,16152,406,18,13,0,0,0,6629870,2,"Australia","Victoria",NA,"6c5dccdb"
2020-09-02,655,9,352483,655,641,0,0,0,0,0,0,2630557,2,"Australia","Western Australia",NA,"1f999f12"
2020-09-03,113,3,80670,113,110,0,0,0,0,0,0,428060,2,"Australia","Australian Capital Territory",NA,"f42f23e3"
2020-09-03,4091,53,2235992,4091,2802,12,6,3,0,0,0,8117976,2,"Australia","New South Wales",NA,"5c4dd6e0"
2020-09-03,33,0,36951,33,33,0,0,0,0,0,0,245562,2,"Australia","Northern Territory",NA,"a079fdb2"
2020-09-03,1128,6,935702,1128,1086,18,0,0,0,0,0,5115451,2,"Australia","Queensland",NA,"36068882"
2020-09-03,463,4,390089,463,459,0,0,0,0,0,0,1756494,2,"Australia","South Australia",NA,"165128d0"
2020-09-03,230,13,89789,230,217,0,0,0,0,0,0,535500,2,"Australia","Tasmania",NA,"86525f8e"
2020-09-03,19336,594,2331261,19336,16370,361,20,15,0,0,0,6629870,2,"Australia","Victoria",NA,"6c5dccdb"
2020-09-03,655,9,355535,655,643,0,0,0,0,0,0,2630557,2,"Australia","Western Australia",NA,"1f999f12"
2020-09-04,113,3,82038,113,110,0,0,0,0,0,0,428060,2,"Australia","Australian Capital Territory",NA,"f42f23e3"
2020-09-04,4099,53,2259160,4099,2802,13,7,4,0,0,0,8117976,2,"Australia","New South Wales",NA,"5c4dd6e0"
2020-09-04,33,0,37457,33,33,0,0,0,0,0,0,245562,2,"Australia","Northern Territory",NA,"a079fdb2"
2020-09-04,1128,6,949480,1128,1088,15,0,0,0,0,0,5115451,2,"Australia","Queensland",NA,"36068882"
2020-09-04,463,4,394052,463,459,0,0,0,0,0,0,1756494,2,"Australia","South Australia",NA,"165128d0"
2020-09-04,230,13,90140,230,217,0,0,0,0,0,0,535500,2,"Australia","Tasmania",NA,"86525f8e"
2020-09-04,19415,653,2356292,19415,16625,329,20,13,0,0,0,6629870,2,"Australia","Victoria",NA,"6c5dccdb"
2020-09-04,655,9,358331,655,644,0,0,0,0,0,0,2630557,2,"Australia","Western Australia",NA,"1f999f12"
2020-09-05,113,3,83237,113,110,0,0,0,0,0,0,428060,2,"Australia","Australian Capital Territory",NA,"f42f23e3"
2020-09-05,4104,53,2289500,4104,2802,14,6,4,0,0,0,8117976,2,"Australia","New South Wales",NA,"5c4dd6e0"
2020-09-05,33,0,37971,33,33,0,0,0,0,0,0,245562,2,"Australia","Northern Territory",NA,"a079fdb2"
2020-09-05,1129,6,960993,1129,1089,14,0,0,0,0,0,5115451,2,"Australia","Queensland",NA,"36068882"
2020-09-05,464,4,397457,464,459,0,0,0,0,0,0,1756494,2,"Australia","South Australia",NA,"165128d0"
2020-09-05,230,13,91187,230,217,0,0,0,0,0,0,535500,2,"Australia","Tasmania",NA,"86525f8e"
2020-09-05,19479,664,2372112,19479,16784,298,21,15,0,0,0,6629870,2,"Australia","Victoria",NA,"6c5dccdb"
2020-09-05,655,9,358331,655,644,0,0,0,0,0,0,2630557,2,"Australia","Western Australia",NA,"1f999f12"
2020-09-06,113,3,83593,113,110,0,0,0,0,0,0,428060,2,"Australia","Australian Capital Territory",NA,"f42f23e3"
2020-09-06,4114,53,2328026,4114,2802,14,7,4,0,0,0,8117976,2,"Australia","New South Wales",NA,"5c4dd6e0"
2020-09-06,33,0,38179,33,33,0,0,0,0,0,0,245562,2,"Australia","Northern Territory",NA,"a079fdb2"
2020-09-06,1131,6,967055,1131,1089,13,0,0,0,0,0,5115451,2,"Australia","Queensland",NA,"36068882"
2020-09-06,464,4,400037,464,459,0,0,0,0,0,0,1756494,2,"Australia","South Australia",NA,"165128d0"
2020-09-06,230,13,91677,230,217,0,0,0,0,0,0,535500,2,"Australia","Tasmania",NA,"86525f8e"
2020-09-06,19538,669,2390450,19538,16921,283,19,16,0,0,0,6629870,2,"Australia","Victoria",NA,"6c5dccdb"
2020-09-06,656,9,358331,656,644,0,0,0,0,0,0,2630557,2,"Australia","Western Australia",NA,"1f999f12"
2020-09-07,113,3,83841,113,110,0,0,0,0,0,0,428060,2,"Australia","Australian Capital Territory",NA,"f42f23e3"
2020-09-07,4118,53,2338155,4118,2802,13,7,4,0,0,0,8117976,2,"Australia","New South Wales",NA,"5c4dd6e0"
2020-09-07,33,0,38544,33,33,0,0,0,0,0,0,245562,2,"Australia","Northern Territory",NA,"a079fdb2"
2020-09-07,1133,6,971209,1133,1089,15,0,0,0,0,0,5115451,2,"Australia","Queensland",NA,"36068882"
2020-09-07,464,4,401471,464,460,0,0,0,0,0,0,1756494,2,"Australia","South Australia",NA,"165128d0"
2020-09-07,230,13,91962,230,217,0,0,0,0,0,0,535500,2,"Australia","Tasmania",NA,"86525f8e"
2020-09-07,19574,678,2403388,19574,17056,266,25,17,0,0,0,6629870,2,"Australia","Victoria",NA,"6c5dccdb"
2020-09-07,657,9,364864,657,644,0,0,0,0,0,0,2630557,2,"Australia","Western Australia",NA,"1f999f12"
2020-09-08,113,3,84235,113,110,0,0,0,0,0,0,428060,2,"Australia","Australian Capital Territory",NA,"f42f23e3"
2020-09-08,4126,53,2350649,4126,2802,13,7,3,0,0,0,8117976,2,"Australia","New South Wales",NA,"5c4dd6e0"
2020-09-08,33,0,38938,33,33,0,0,0,0,0,0,245562,2,"Australia","Northern Territory",NA,"a079fdb2"
2020-09-08,1134,6,978869,1134,1090,12,0,0,0,0,0,5115451,2,"Australia","Queensland",NA,"36068882"
2020-09-08,465,4,404963,465,461,0,0,0,0,0,0,1756494,2,"Australia","South Australia",NA,"165128d0"
2020-09-08,230,13,92521,230,217,0,0,0,0,0,0,535500,2,"Australia","Tasmania",NA,"86525f8e"
2020-09-08,19615,686,2412092,19615,17175,238,22,13,0,0,0,6629870,2,"Australia","Victoria",NA,"6c5dccdb"
2020-09-08,658,9,368130,658,644,0,0,0,0,0,0,2630557,2,"Australia","Western Australia",NA,"1f999f12"
2020-09-09,113,3,85045,113,110,0,0,0,0,0,0,428060,2,"Australia","Australian Capital Territory",NA,"f42f23e3"
2020-09-09,4135,53,2371501,4135,2802,14,6,3,0,0,0,8117976,2,"Australia","New South Wales",NA,"5c4dd6e0"
2020-09-09,33,0,39259,33,33,0,0,0,0,0,0,245562,2,"Australia","Northern Territory",NA,"a079fdb2"
2020-09-09,1143,6,990944,1143,1091,10,0,0,0,0,0,5115451,2,"Australia","Queensland",NA,"36068882"
2020-09-09,465,4,409446,465,461,0,0,0,0,0,0,1756494,2,"Australia","South Australia",NA,"165128d0"
2020-09-09,230,13,93156,230,217,0,0,0,0,0,0,535500,2,"Australia","Tasmania",NA,"86525f8e"
2020-09-09,19688,697,2428778,19688,17311,196,20,12,0,0,0,6629870,2,"Australia","Victoria",NA,"6c5dccdb"
2020-09-09,658,9,371204,658,646,1,0,0,0,0,0,2630557,2,"Australia","Western Australia",NA,"1f999f12"
2020-09-10,113,3,85780,113,110,0,0,0,0,0,0,428060,2,"Australia","Australian Capital Territory",NA,"f42f23e3"
2020-09-10,4142,53,2396261,4142,2802,15,6,4,0,0,0,8117976,2,"Australia","New South Wales",NA,"5c4dd6e0"
2020-09-10,33,0,39769,33,33,0,0,0,0,0,0,245562,2,"Australia","Northern Territory",NA,"a079fdb2"
2020-09-10,1143,6,1001084,1143,1091,10,0,0,0,0,0,5115451,2,"Australia","Queensland",NA,"36068882"
2020-09-10,465,4,413372,465,461,0,0,0,0,0,0,1756494,2,"Australia","South Australia",NA,"165128d0"
2020-09-10,230,13,93672,230,217,0,0,0,0,0,0,535500,2,"Australia","Tasmania",NA,"86525f8e"
2020-09-10,19728,704,2443583,19728,17484,169,17,11,0,0,0,6629870,2,"Australia","Victoria",NA,"6c5dccdb"
2020-09-10,659,9,375910,659,646,1,0,0,0,0,0,2630557,2,"Australia","Western Australia",NA,"1f999f12"
2020-09-11,113,3,86352,113,110,0,0,0,0,0,0,428060,2,"Australia","Australian Capital Territory",NA,"f42f23e3"
2020-09-11,4152,53,2446201,4152,2802,12,6,4,0,0,0,8117976,2,"Australia","New South Wales",NA,"5c4dd6e0"
2020-09-11,33,0,40153,33,33,0,0,0,0,0,0,245562,2,"Australia","Northern Territory",NA,"a079fdb2"
2020-09-11,1145,6,1010300,1145,1094,10,0,0,0,0,0,5115451,2,"Australia","Queensland",NA,"36068882"
2020-09-11,466,4,416649,466,462,0,0,0,0,0,0,1756494,2,"Australia","South Australia",NA,"165128d0"
2020-09-11,230,13,94291,230,217,0,0,0,0,0,0,535500,2,"Australia","Tasmania",NA,"86525f8e"
2020-09-11,19767,713,2456924,19767,17661,140,12,8,0,0,0,6629870,2,"Australia","Victoria",NA,"6c5dccdb"
2020-09-11,659,9,377283,659,646,1,0,0,0,0,0,2630557,2,"Australia","Western Australia",NA,"1f999f12"
2020-09-12,113,3,86919,113,110,0,0,0,0,0,0,428060,2,"Australia","Australian Capital Territory",NA,"f42f23e3"
2020-09-12,4157,53,2466412,4157,2802,12,6,4,0,0,0,8117976,2,"Australia","New South Wales",NA,"5c4dd6e0"
2020-09-12,33,0,40715,33,33,0,0,0,0,0,0,245562,2,"Australia","Northern Territory",NA,"a079fdb2"
2020-09-12,1148,6,1017965,1148,1096,13,0,0,0,0,0,5115451,2,"Australia","Queensland",NA,"36068882"
2020-09-12,466,4,420565,466,462,0,0,0,0,0,0,1756494,2,"Australia","South Australia",NA,"165128d0"
2020-09-12,230,13,94919,230,217,0,0,0,0,0,0,535500,2,"Australia","Tasmania",NA,"86525f8e"
2020-09-12,19800,719,2471377,19800,17771,126,9,6,0,0,0,6629870,2,"Australia","Victoria",NA,"6c5dccdb"
2020-09-12,659,9,377283,659,646,0,0,0,0,0,0,2630557,2,"Australia","Western Australia",NA,"1f999f12"
2020-09-13,113,3,87216,113,110,0,0,0,0,0,0,428060,2,"Australia","Australian Capital Territory",NA,"f42f23e3"
2020-09-13,4166,53,2480838,4166,2802,12,6,3,0,0,0,8117976,2,"Australia","New South Wales",NA,"5c4dd6e0"
2020-09-13,33,0,40952,33,33,0,0,0,0,0,0,245562,2,"Australia","Northern Territory",NA,"a079fdb2"
2020-09-13,1148,6,1022898,1148,1107,9,0,0,0,0,0,5115451,2,"Australia","Queensland",NA,"36068882"
2020-09-13,466,4,423003,466,462,0,0,0,0,0,0,1756494,2,"Australia","South Australia",NA,"165128d0"
2020-09-13,230,13,95127,230,217,0,0,0,0,0,0,535500,2,"Australia","Tasmania",NA,"86525f8e"
2020-09-13,19835,725,2488773,19835,17893,116,11,4,0,0,0,6629870,2,"Australia","Victoria",NA,"6c5dccdb"
2020-09-13,659,9,377283,659,646,0,0,0,0,0,0,2630557,2,"Australia","Western Australia",NA,"1f999f12"
2020-09-14,113,3,87459,113,110,0,0,0,0,0,0,428060,2,"Australia","Australian Capital Territory",NA,"f42f23e3"
2020-09-14,4170,53,2490154,4170,2802,10,6,3,0,0,0,8117976,2,"Australia","New South Wales",NA,"5c4dd6e0"
2020-09-14,33,0,41261,33,33,0,0,0,0,0,0,245562,2,"Australia","Northern Territory",NA,"a079fdb2"
2020-09-14,1148,6,1025832,1148,1110,9,0,0,0,0,0,5115451,2,"Australia","Queensland",NA,"36068882"
2020-09-14,466,4,424452,466,462,0,0,0,0,0,0,1756494,2,"Australia","South Australia",NA,"165128d0"
2020-09-14,230,13,95567,230,217,0,0,0,0,0,0,535500,2,"Australia","Tasmania",NA,"86525f8e"
2020-09-14,19872,732,2497710,19872,18006,122,12,7,0,0,0,6629870,2,"Australia","Victoria",NA,"6c5dccdb"
2020-09-14,659,9,384601,659,646,0,0,0,0,0,0,2630557,2,"Australia","Western Australia",NA,"1f999f12"
2020-09-15,113,3,88003,113,110,0,0,0,0,0,0,428060,2,"Australia","Australian Capital Territory",NA,"f42f23e3"
2020-09-15,4176,53,2498989,4176,2802,12,6,3,0,0,0,8117976,2,"Australia","New South Wales",NA,"5c4dd6e0"
2020-09-15,33,0,41561,33,33,0,0,0,0,0,0,245562,2,"Australia","Northern Territory",NA,"a079fdb2"
2020-09-15,1149,6,1030765,1149,1111,9,0,0,0,0,0,5115451,2,"Australia","Queensland",NA,"36068882"
2020-09-15,466,4,427106,466,462,0,0,0,0,0,0,1756494,2,"Australia","South Australia",NA,"165128d0"
2020-09-15,230,13,96102,230,217,0,0,0,0,0,0,535500,2,"Australia","Tasmania",NA,"86525f8e"
2020-09-15,19911,732,2506513,19911,18079,118,11,7,0,0,0,6629870,2,"Australia","Victoria",NA,"6c5dccdb"
2020-09-15,659,9,387613,659,646,0,0,0,0,0,0,2630557,2,"Australia","Western Australia",NA,"1f999f12"
2020-09-16,113,3,88351,113,110,0,0,0,0,0,0,428060,2,"Australia","Australian Capital Territory",NA,"f42f23e3"
2020-09-16,4185,53,2518555,4185,2802,11,5,3,0,0,0,8117976,2,"Australia","New South Wales",NA,"5c4dd6e0"
2020-09-16,33,0,42027,33,33,0,0,0,0,0,0,245562,2,"Australia","Northern Territory",NA,"a079fdb2"
2020-09-16,1149,6,1037189,1149,1111,8,0,0,0,0,0,5115451,2,"Australia","Queensland",NA,"36068882"
2020-09-16,466,4,430383,466,462,0,0,0,0,0,0,1756494,2,"Australia","South Australia",NA,"165128d0"
2020-09-16,230,13,96719,230,217,0,0,0,0,0,0,535500,2,"Australia","Tasmania",NA,"86525f8e"
2020-09-16,19943,740,2520887,19943,18153,107,11,6,0,0,0,6629870,2,"Australia","Victoria",NA,"6c5dccdb"
2020-09-16,660,9,390273,660,646,0,0,0,0,0,0,2630557,2,"Australia","Western Australia",NA,"1f999f12"
2020-09-17,113,3,88759,113,110,0,0,0,0,0,0,428060,2,"Australia","Australian Capital Territory",NA,"f42f23e3"
2020-09-17,4190,53,2538966,4190,2802,12,4,3,0,0,0,8117976,2,"Australia","New South Wales",NA,"5c4dd6e0"
2020-09-17,33,0,42823,33,33,0,0,0,0,0,0,245562,2,"Australia","Northern Territory",NA,"a079fdb2"
2020-09-17,1150,6,1048832,1150,1111,8,0,0,0,0,0,5115451,2,"Australia","Queensland",NA,"36068882"
2020-09-17,466,4,433954,466,462,0,0,0,0,0,0,1756494,2,"Australia","South Australia",NA,"165128d0"
2020-09-17,230,13,97365,230,217,0,0,0,0,0,0,535500,2,"Australia","Tasmania",NA,"86525f8e"
2020-09-17,19970,748,2535134,19970,18217,97,12,6,0,0,0,6629870,2,"Australia","Victoria",NA,"6c5dccdb"
2020-09-17,661,9,392908,661,648,0,0,0,0,0,0,2630557,2,"Australia","Western Australia",NA,"1f999f12"
2020-09-18,113,3,89223,113,110,0,0,0,0,0,0,428060,2,"Australia","Australian Capital Territory",NA,"f42f23e3"
2020-09-18,4196,53,2555809,4196,2802,11,4,2,0,0,0,8117976,2,"Australia","New South Wales",NA,"5c4dd6e0"
2020-09-18,33,0,43048,33,33,0,0,0,0,0,0,245562,2,"Australia","Northern Territory",NA,"a079fdb2"
2020-09-18,1150,6,1054583,1150,1112,7,0,0,0,0,0,5115451,2,"Australia","Queensland",NA,"36068882"
2020-09-18,466,4,437295,466,462,0,0,0,0,0,0,1756494,2,"Australia","South Australia",NA,"165128d0"
2020-09-18,230,13,97759,230,217,0,0,0,0,0,0,535500,2,"Australia","Tasmania",NA,"86525f8e"
2020-09-18,20012,753,2551044,20012,18278,90,11,7,0,0,0,6629870,2,"Australia","Victoria",NA,"6c5dccdb"
2020-09-18,661,9,395402,661,649,0,0,0,0,0,0,2630557,2,"Australia","Western Australia",NA,"1f999f12"
2020-09-19,113,3,89668,113,110,0,0,0,0,0,0,428060,2,"Australia","Australian Capital Territory",NA,"f42f23e3"
2020-09-19,4198,53,2571048,4198,2802,12,4,2,0,0,0,8117976,2,"Australia","New South Wales",NA,"5c4dd6e0"
2020-09-19,33,0,43514,33,33,0,0,0,0,0,0,245562,2,"Australia","Northern Territory",NA,"a079fdb2"
2020-09-19,1150,6,1061380,1150,1118,5,0,0,0,0,0,5115451,2,"Australia","Queensland",NA,"36068882"
2020-09-19,466,4,440672,466,462,0,0,0,0,0,0,1756494,2,"Australia","South Australia",NA,"165128d0"
2020-09-19,230,13,98533,230,217,0,0,0,0,0,0,535500,2,"Australia","Tasmania",NA,"86525f8e"
2020-09-19,20034,759,2562996,20034,18379,89,8,5,0,0,0,6629870,2,"Australia","Victoria",NA,"6c5dccdb"
2020-09-19,661,9,395402,661,649,0,0,0,0,0,0,2630557,2,"Australia","Western Australia",NA,"1f999f12"
2020-09-20,113,3,89963,113,110,0,0,0,0,0,0,428060,2,"Australia","Australian Capital Territory",NA,"f42f23e3"
2020-09-20,4200,54,2584683,4200,2802,11,2,1,0,0,0,8117976,2,"Australia","New South Wales",NA,"5c4dd6e0"
2020-09-20,33,0,43758,33,33,0,0,0,0,0,0,245562,2,"Australia","Northern Territory",NA,"a079fdb2"
2020-09-20,1152,6,1065078,1152,1123,4,0,0,0,0,0,5115451,2,"Australia","Queensland",NA,"36068882"
2020-09-20,466,4,443097,466,462,0,0,0,0,0,0,1756494,2,"Australia","South Australia",NA,"165128d0"
2020-09-20,230,13,98814,230,217,0,0,0,0,0,0,535500,2,"Australia","Tasmania",NA,"86525f8e"
2020-09-20,20042,764,2575457,20042,18473,94,8,5,0,0,0,6629870,2,"Australia","Victoria",NA,"6c5dccdb"
2020-09-20,662,9,395402,662,650,0,0,0,0,0,0,2630557,2,"Australia","Western Australia",NA,"1f999f12"
2020-09-21,113,3,90188,113,110,0,0,0,0,0,0,428060,2,"Australia","Australian Capital Territory",NA,"f42f23e3"
2020-09-21,4204,54,2592448,4204,2802,11,2,1,0,0,0,8117976,2,"Australia","New South Wales",NA,"5c4dd6e0"
2020-09-21,33,0,44178,33,33,0,0,0,0,0,0,245562,2,"Australia","Northern Territory",NA,"a079fdb2"
2020-09-21,1153,6,1067786,1153,1124,4,0,0,0,0,0,5115451,2,"Australia","Queensland",NA,"36068882"
2020-09-21,466,4,445080,466,462,0,0,0,0,0,0,1756494,2,"Australia","South Australia",NA,"165128d0"
2020-09-21,230,13,99189,230,217,0,0,0,0,0,0,535500,2,"Australia","Tasmania",NA,"86525f8e"
2020-09-21,20051,766,2582621,20051,18567,92,6,3,0,0,0,6629870,2,"Australia","Victoria",NA,"6c5dccdb"
2020-09-21,662,9,398198,662,650,0,0,0,0,0,0,2630557,2,"Australia","Western Australia",NA,"1f999f12"
2020-09-22,113,3,90782,113,110,0,0,0,0,0,0,428060,2,"Australia","Australian Capital Territory",NA,"f42f23e3"
2020-09-22,4206,54,2600064,4206,2802,12,3,1,0,0,0,8117976,2,"Australia","New South Wales",NA,"5c4dd6e0"
2020-09-22,33,0,44460,33,33,0,0,0,0,0,0,245562,2,"Australia","Northern Territory",NA,"a079fdb2"
2020-09-22,1153,6,1072684,1153,1124,4,0,0,0,0,0,5115451,2,"Australia","Queensland",NA,"36068882"
2020-09-22,466,4,447220,466,462,0,0,0,0,0,0,1756494,2,"Australia","South Australia",NA,"165128d0"
2020-09-22,230,13,99662,230,217,0,0,0,0,0,0,535500,2,"Australia","Tasmania",NA,"86525f8e"
2020-09-22,20076,769,2593744,20076,18628,83,8,5,0,0,0,6629870,2,"Australia","Victoria",NA,"6c5dccdb"
2020-09-22,665,9,402667,665,650,1,0,0,0,0,0,2630557,2,"Australia","Western Australia",NA,"1f999f12"
2020-09-23,113,3,91458,113,110,0,0,0,0,0,0,428060,2,"Australia","Australian Capital Territory",NA,"f42f23e3"
2020-09-23,4212,54,2616823,4212,2802,11,3,1,0,0,0,8117976,2,"Australia","New South Wales",NA,"5c4dd6e0"
2020-09-23,33,0,45022,33,33,0,0,0,0,0,0,245562,2,"Australia","Northern Territory",NA,"a079fdb2"
2020-09-23,1153,6,1077563,1153,1124,2,0,0,0,0,0,5115451,2,"Australia","Queensland",NA,"36068882"
2020-09-23,468,4,447774,468,462,0,0,0,0,0,0,1756494,2,"Australia","South Australia",NA,"165128d0"
2020-09-23,230,13,100322,230,217,0,0,0,0,0,0,535500,2,"Australia","Tasmania",NA,"86525f8e"
2020-09-23,20100,774,2609485,20100,18713,75,8,6,0,0,0,6629870,2,"Australia","Victoria",NA,"6c5dccdb"
2020-09-23,665,9,405246,665,650,1,0,0,0,0,0,2630557,2,"Australia","Western Australia",NA,"1f999f12"
2020-09-24,113,3,92035,113,110,0,0,0,0,0,0,428060,2,"Australia","Australian Capital Territory",NA,"f42f23e3"
2020-09-24,4213,54,2634215,4213,2802,11,3,1,0,0,0,8117976,2,"Australia","New South Wales",NA,"5c4dd6e0"
2020-09-24,33,0,45561,33,33,0,0,0,0,0,0,245562,2,"Australia","Northern Territory",NA,"a079fdb2"
2020-09-24,1153,6,1084841,1153,1125,2,0,0,0,0,0,5115451,2,"Australia","Queensland",NA,"36068882"
2020-09-24,468,4,453530,468,462,0,0,0,0,0,0,1756494,2,"Australia","South Australia",NA,"165128d0"
2020-09-24,230,13,101016,230,217,0,0,0,0,0,0,535500,2,"Australia","Tasmania",NA,"86525f8e"
2020-09-24,20105,776,2622822,20105,18738,67,8,6,0,0,0,6629870,2,"Australia","Victoria",NA,"6c5dccdb"
2020-09-24,668,9,407307,668,650,1,0,0,0,0,0,2630557,2,"Australia","Western Australia",NA,"1f999f12"
2020-09-25,113,3,92467,113,110,0,0,0,0,0,0,428060,2,"Australia","Australian Capital Territory",NA,"f42f23e3"
2020-09-25,4217,54,2647901,4217,2802,10,3,1,0,0,0,8117976,2,"Australia","New South Wales",NA,"5c4dd6e0"
2020-09-25,33,0,45937,33,33,0,0,0,0,0,0,245562,2,"Australia","Northern Territory",NA,"a079fdb2"
2020-09-25,1153,6,1089865,1153,1141,2,0,0,0,0,0,5115451,2,"Australia","Queensland",NA,"36068882"
2020-09-25,468,4,456575,468,462,0,0,0,0,0,0,1756494,2,"Australia","South Australia",NA,"165128d0"
2020-09-25,230,13,101617,230,217,0,0,0,0,0,0,535500,2,"Australia","Tasmania",NA,"86525f8e"
2020-09-25,20118,784,2635282,20118,18794,58,8,6,0,0,0,6629870,2,"Australia","Victoria",NA,"6c5dccdb"
2020-09-25,668,9,410171,668,650,1,0,0,0,0,0,2630557,2,"Australia","Western Australia",NA,"1f999f12"
2020-09-26,113,3,92871,113,110,0,0,0,0,0,0,428060,2,"Australia","Australian Capital Territory",NA,"f42f23e3"
2020-09-26,4218,54,2660159,4218,2802,9,3,0,0,0,0,8117976,2,"Australia","New South Wales",NA,"5c4dd6e0"
2020-09-26,33,0,46313,33,33,0,0,0,0,0,0,245562,2,"Australia","Northern Territory",NA,"a079fdb2"
2020-09-26,1156,6,1094924,1156,1141,5,0,0,0,0,0,5115451,2,"Australia","Queensland",NA,"36068882"
2020-09-26,468,4,459829,468,462,0,0,0,0,0,0,1756494,2,"Australia","South Australia",NA,"165128d0"
2020-09-26,230,13,101944,230,217,0,0,0,0,0,0,535500,2,"Australia","Tasmania",NA,"86525f8e"
2020-09-26,20129,785,2651309,20129,18842,53,9,5,0,0,0,6629870,2,"Australia","Victoria",NA,"6c5dccdb"
2020-09-26,669,9,410171,669,650,1,0,0,0,0,0,2630557,2,"Australia","Western Australia",NA,"1f999f12"
2020-09-27,113,3,93154,113,110,0,0,0,0,0,0,428060,2,"Australia","Australian Capital Territory",NA,"f42f23e3"
2020-09-27,4218,54,2672392,4218,2802,9,3,0,0,0,0,8117976,2,"Australia","New South Wales",NA,"5c4dd6e0"
2020-09-27,33,0,46478,33,33,0,0,0,0,0,0,245562,2,"Australia","Northern Territory",NA,"a079fdb2"
2020-09-27,1157,6,1097964,1157,1141,5,0,0,0,0,0,5115451,2,"Australia","Queensland",NA,"36068882"
2020-09-27,468,4,461796,468,462,0,0,0,0,0,0,1756494,2,"Australia","South Australia",NA,"165128d0"
2020-09-27,230,13,102279,230,217,0,0,0,0,0,0,535500,2,"Australia","Tasmania",NA,"86525f8e"
2020-09-27,20145,787,2661989,20145,18901,51,9,5,0,0,0,6629870,2,"Australia","Victoria",NA,"6c5dccdb"
2020-09-27,676,9,410171,676,651,1,0,0,0,0,0,2630557,2,"Australia","Western Australia",NA,"1f999f12"
2020-09-28,113,3,93420,113,110,0,0,0,0,0,0,428060,2,"Australia","Australian Capital Territory",NA,"f42f23e3"
2020-09-28,4218,54,2678745,4218,2802,8,3,0,0,0,0,8117976,2,"Australia","New South Wales",NA,"5c4dd6e0"
2020-09-28,33,0,46763,33,33,0,0,0,0,0,0,245562,2,"Australia","Northern Territory",NA,"a079fdb2"
2020-09-28,1157,6,1099835,1157,1141,5,0,0,0,0,0,5115451,2,"Australia","Queensland",NA,"36068882"
2020-09-28,468,4,463055,468,462,0,0,0,0,0,0,1756494,2,"Australia","South Australia",NA,"165128d0"
2020-09-28,230,13,102537,230,217,0,0,0,0,0,0,535500,2,"Australia","Tasmania",NA,"86525f8e"
2020-09-28,20149,790,2668796,20149,18942,49,8,4,0,0,0,6629870,2,"Australia","Victoria",NA,"6c5dccdb"
2020-09-28,676,9,410171,676,653,0,0,0,0,0,0,2630557,2,"Australia","Western Australia",NA,"1f999f12"
2020-09-29,113,3,93811,113,110,0,0,0,0,0,0,428060,2,"Australia","Australian Capital Territory",NA,"f42f23e3"
2020-09-29,4220,54,2685126,4220,2802,9,3,0,0,0,0,8117976,2,"Australia","New South Wales",NA,"5c4dd6e0"
2020-09-29,33,0,47213,33,33,0,0,0,0,0,0,245562,2,"Australia","Northern Territory",NA,"a079fdb2"
2020-09-29,1157,6,1104203,1157,1141,5,0,0,0,0,0,5115451,2,"Australia","Queensland",NA,"36068882"
2020-09-29,468,4,465690,468,462,0,0,0,0,0,0,1756494,2,"Australia","South Australia",NA,"165128d0"
2020-09-29,230,13,102821,230,217,0,0,0,0,0,0,535500,2,"Australia","Tasmania",NA,"86525f8e"
2020-09-29,20158,797,2677022,20158,18978,46,5,4,0,0,0,6629870,2,"Australia","Victoria",NA,"6c5dccdb"
2020-09-29,684,9,413446,684,653,0,0,0,0,0,0,2630557,2,"Australia","Western Australia",NA,"1f999f12"
2020-09-30,113,3,94291,113,110,0,0,0,0,0,0,428060,2,"Australia","Australian Capital Territory",NA,"f42f23e3"
2020-09-30,4224,54,2698701,4224,2802,8,3,0,0,0,0,8117976,2,"Australia","New South Wales",NA,"5c4dd6e0"
2020-09-30,33,0,47527,33,33,0,0,0,0,0,0,245562,2,"Australia","Northern Territory",NA,"a079fdb2"
2020-09-30,1157,6,1110992,1157,1142,3,0,0,0,0,0,5115451,2,"Australia","Queensland",NA,"36068882"
2020-09-30,468,4,468740,468,464,0,0,0,0,0,0,1756494,2,"Australia","South Australia",NA,"165128d0"
2020-09-30,230,13,103420,230,217,0,0,0,0,0,0,535500,2,"Australia","Tasmania",NA,"86525f8e"
2020-09-30,20169,801,2694959,20169,19006,44,6,3,0,0,0,6629870,2,"Australia","Victoria",NA,"6c5dccdb"
2020-09-30,684,9,418773,684,653,0,0,0,0,0,0,2630557,2,"Australia","Western Australia",NA,"1f999f12"
2020-10-01,113,3,94748,113,110,0,0,0,0,0,0,428060,2,"Australia","Australian Capital Territory",NA,"f42f23e3"
2020-10-01,4227,54,2711773,4227,2802,9,3,0,0,0,0,8117976,2,"Australia","New South Wales",NA,"5c4dd6e0"
2020-10-01,33,0,48065,33,33,0,0,0,0,0,0,245562,2,"Australia","Northern Territory",NA,"a079fdb2"
2020-10-01,1157,6,1116750,1157,1143,3,0,0,0,0,0,5115451,2,"Australia","Queensland",NA,"36068882"
2020-10-01,468,4,471730,468,464,0,0,0,0,0,0,1756494,2,"Australia","South Australia",NA,"165128d0"
2020-10-01,230,13,104055,230,217,0,0,0,0,0,0,535500,2,"Australia","Tasmania",NA,"86525f8e"
2020-10-01,20183,803,2709668,20183,19034,38,6,3,0,0,0,6629870,2,"Australia","Victoria",NA,"6c5dccdb"
2020-10-01,685,9,422862,685,654,0,0,0,0,0,0,2630557,2,"Australia","Western Australia",NA,"1f999f12"
2020-10-02,113,3,95231,113,110,0,0,0,0,0,0,428060,2,"Australia","Australian Capital Territory",NA,"f42f23e3"
2020-10-02,4231,54,2723116,4231,2802,8,2,0,0,0,0,8117976,2,"Australia","New South Wales",NA,"5c4dd6e0"
2020-10-02,33,0,48445,33,33,0,0,0,0,0,0,245562,2,"Australia","Northern Territory",NA,"a079fdb2"
2020-10-02,1160,6,1122006,1160,1147,5,0,0,0,0,0,5115451,2,"Australia","Queensland",NA,"36068882"
2020-10-02,470,4,474990,470,464,0,0,0,0,0,0,1756494,2,"Australia","South Australia",NA,"165128d0"
2020-10-02,230,13,104649,230,217,0,0,0,0,0,0,535500,2,"Australia","Tasmania",NA,"86525f8e"
2020-10-02,20191,805,2722218,20191,19068,38,4,3,0,0,0,6629870,2,"Australia","Victoria",NA,"6c5dccdb"
2020-10-02,685,9,425925,685,656,0,0,0,0,0,0,2630557,2,"Australia","Western Australia",NA,"1f999f12"
2020-10-03,113,3,95569,113,110,0,0,0,0,0,0,428060,2,"Australia","Australian Capital Territory",NA,"f42f23e3"
2020-10-03,4232,54,2733450,4232,2802,10,2,0,0,0,0,8117976,2,"Australia","New South Wales",NA,"5c4dd6e0"
2020-10-03,33,0,48850,33,33,0,0,0,0,0,0,245562,2,"Australia","Northern Territory",NA,"a079fdb2"
2020-10-03,1160,6,1126673,1160,1147,5,0,0,0,0,0,5115451,2,"Australia","Queensland",NA,"36068882"
2020-10-03,470,4,477585,470,465,0,0,0,0,0,0,1756494,2,"Australia","South Australia",NA,"165128d0"
2020-10-03,230,13,105182,230,217,0,0,0,0,0,0,535500,2,"Australia","Tasmania",NA,"86525f8e"
2020-10-03,20197,808,2733499,20197,19091,34,4,3,0,0,0,6629870,2,"Australia","Victoria",NA,"6c5dccdb"
2020-10-03,686,9,425925,686,657,0,0,0,0,0,0,2630557,2,"Australia","Western Australia",NA,"1f999f12"
2020-10-04,113,3,95822,113,110,0,0,0,0,0,0,428060,2,"Australia","Australian Capital Territory",NA,"f42f23e3"
2020-10-04,4234,54,2741755,4234,2802,10,3,0,0,0,0,8117976,2,"Australia","New South Wales",NA,"5c4dd6e0"
2020-10-04,33,0,49000,33,33,0,0,0,0,0,0,245562,2,"Australia","Northern Territory",NA,"a079fdb2"
2020-10-04,1160,6,1129434,1160,1148,5,0,0,0,0,0,5115451,2,"Australia","Queensland",NA,"36068882"
2020-10-04,471,4,479977,471,466,0,0,0,0,0,0,1756494,2,"Australia","South Australia",NA,"165128d0"
2020-10-04,230,13,105515,230,217,0,0,0,0,0,0,535500,2,"Australia","Tasmania",NA,"86525f8e"
2020-10-04,20209,809,2745493,20209,19102,31,3,1,0,0,0,6629870,2,"Australia","Victoria",NA,"6c5dccdb"
2020-10-04,686,9,425925,686,660,0,0,0,0,0,0,2630557,2,"Australia","Western Australia",NA,"1f999f12"
2020-10-05,113,3,96008,113,110,0,0,0,0,0,0,428060,2,"Australia","Australian Capital Territory",NA,"f42f23e3"
2020-10-05,4235,54,2746544,4235,2802,11,3,0,0,0,0,8117976,2,"Australia","New South Wales",NA,"5c4dd6e0"
2020-10-05,33,0,49224,33,33,0,0,0,0,0,0,245562,2,"Australia","Northern Territory",NA,"a079fdb2"
2020-10-05,1160,6,1131427,1160,1148,5,0,0,0,0,0,5115451,2,"Australia","Queensland",NA,"36068882"
2020-10-05,471,4,481145,471,466,0,0,0,0,0,0,1756494,2,"Australia","South Australia",NA,"165128d0"
2020-10-05,230,13,105762,230,217,0,0,0,0,0,0,535500,2,"Australia","Tasmania",NA,"86525f8e"
2020-10-05,20220,809,2754516,20220,19126,30,3,2,0,0,0,6629870,2,"Australia","Victoria",NA,"6c5dccdb"
2020-10-05,687,9,430897,687,662,0,0,0,0,0,0,2630557,2,"Australia","Western Australia",NA,"1f999f12"
2020-10-06,113,3,96263,113,110,0,0,0,0,0,0,428060,2,"Australia","Australian Capital Territory",NA,"f42f23e3"
2020-10-06,4246,54,2751929,4246,2802,10,3,0,0,0,0,8117976,2,"Australia","New South Wales",NA,"5c4dd6e0"
2020-10-06,33,0,49696,33,33,0,0,0,0,0,0,245562,2,"Australia","Northern Territory",NA,"a079fdb2"
2020-10-06,1160,6,1133933,1160,1148,6,1,0,0,0,0,5115451,2,"Australia","Queensland",NA,"36068882"
2020-10-06,472,4,483142,472,465,0,0,0,0,0,0,1756494,2,"Australia","South Australia",NA,"165128d0"
2020-10-06,230,13,106374,230,217,0,0,0,0,0,0,535500,2,"Australia","Tasmania",NA,"86525f8e"
2020-10-06,20233,810,2763802,20233,19149,21,1,2,0,0,0,6629870,2,"Australia","Victoria",NA,"6c5dccdb"
2020-10-06,687,9,434333,687,664,0,0,0,0,0,0,2630557,2,"Australia","Western Australia",NA,"1f999f12"
2020-10-07,113,3,96714,113,110,0,0,0,0,0,0,428060,2,"Australia","Australian Capital Territory",NA,"f42f23e3"
2020-10-07,4249,54,2757899,4249,2802,10,3,0,0,0,0,8117976,2,"Australia","New South Wales",NA,"5c4dd6e0"
2020-10-07,33,0,50012,33,33,0,0,0,0,0,0,245562,2,"Australia","Northern Territory",NA,"a079fdb2"
2020-10-07,1160,6,1138080,1160,1148,6,1,0,0,0,0,5115451,2,"Australia","Queensland",NA,"36068882"
2020-10-07,472,4,485518,472,465,0,0,0,0,0,0,1756494,2,"Australia","South Australia",NA,"165128d0"
2020-10-07,230,13,106974,230,217,0,0,0,0,0,0,535500,2,"Australia","Tasmania",NA,"86525f8e"
2020-10-07,20237,812,2780231,20237,19162,16,2,0,0,0,0,6629870,2,"Australia","Victoria",NA,"6c5dccdb"
2020-10-07,688,9,437264,688,670,0,0,0,0,0,0,2630557,2,"Australia","Western Australia",NA,"1f999f12"
2020-10-08,113,3,97294,113,110,0,0,0,0,0,0,428060,2,"Australia","Australian Capital Territory",NA,"f42f23e3"
2020-10-08,4261,54,2770397,4261,2802,10,1,0,0,0,0,8117976,2,"Australia","New South Wales",NA,"5c4dd6e0"
2020-10-08,33,0,50453,33,33,0,0,0,0,0,0,245562,2,"Australia","Northern Territory",NA,"a079fdb2"
2020-10-08,1160,6,1144809,1160,1149,4,1,0,0,0,0,5115451,2,"Australia","Queensland",NA,"36068882"
2020-10-08,472,4,488941,472,465,0,0,0,0,0,0,1756494,2,"Australia","South Australia",NA,"165128d0"
2020-10-08,230,13,107662,230,217,0,0,0,0,0,0,535500,2,"Australia","Tasmania",NA,"86525f8e"
2020-10-08,20247,812,2795529,20247,19174,17,1,0,0,0,0,6629870,2,"Australia","Victoria",NA,"6c5dccdb"
2020-10-08,690,9,439993,690,670,0,0,0,0,0,0,2630557,2,"Australia","Western Australia",NA,"1f999f12"
2020-10-09,113,3,97734,113,110,0,0,0,0,0,0,428060,2,"Australia","Australian Capital Territory",NA,"f42f23e3"
2020-10-09,4271,54,2783265,4271,2802,7,2,0,0,0,0,8117976,2,"Australia","New South Wales",NA,"5c4dd6e0"
2020-10-09,33,0,50770,33,33,0,0,0,0,0,0,245562,2,"Australia","Northern Territory",NA,"a079fdb2"
2020-10-09,1160,6,1150364,1160,1152,4,1,0,0,0,0,5115451,2,"Australia","Queensland",NA,"36068882"
2020-10-09,473,4,492572,473,465,0,0,0,0,0,0,1756494,2,"Australia","South Australia",NA,"165128d0"
2020-10-09,230,13,108074,230,217,0,0,0,0,0,0,535500,2,"Australia","Tasmania",NA,"86525f8e"
2020-10-09,20257,812,2811114,20257,19192,17,1,0,0,0,0,6629870,2,"Australia","Victoria",NA,"6c5dccdb"
2020-10-09,692,9,442299,692,670,0,0,0,0,0,0,2630557,2,"Australia","Western Australia",NA,"1f999f12"
2020-10-10,113,3,98138,113,110,0,0,0,0,0,0,428060,2,"Australia","Australian Capital Territory",NA,"f42f23e3"
2020-10-10,4273,54,2798704,4273,2802,7,2,0,0,0,0,8117976,2,"Australia","New South Wales",NA,"5c4dd6e0"
2020-10-10,33,0,51145,33,33,0,0,0,0,0,0,245562,2,"Australia","Northern Territory",NA,"a079fdb2"
2020-10-10,1161,6,1155148,1161,1152,3,1,0,0,0,0,5115451,2,"Australia","Queensland",NA,"36068882"
2020-10-10,473,4,495172,473,465,0,0,0,0,0,0,1756494,2,"Australia","South Australia",NA,"165128d0"
2020-10-10,230,13,108423,230,217,0,0,0,0,0,0,535500,2,"Australia","Tasmania",NA,"86525f8e"
2020-10-10,20269,812,2827761,20269,19207,21,1,0,0,0,0,6629870,2,"Australia","Victoria",NA,"6c5dccdb"
2020-10-10,692,9,442299,692,670,0,0,0,0,0,0,2630557,2,"Australia","Western Australia",NA,"1f999f12"
2020-10-11,113,3,98458,113,110,0,0,0,0,0,0,428060,2,"Australia","Australian Capital Territory",NA,"f42f23e3"
2020-10-11,4277,54,2811527,4277,2802,7,1,0,0,0,0,8117976,2,"Australia","New South Wales",NA,"5c4dd6e0"
2020-10-11,33,0,51346,33,33,0,0,0,0,0,0,245562,2,"Australia","Northern Territory",NA,"a079fdb2"
2020-10-11,1161,6,1157573,1161,1152,3,0,0,0,0,0,5115451,2,"Australia","Queensland",NA,"36068882"
2020-10-11,475,4,497477,475,466,0,0,0,0,0,0,1756494,2,"Australia","South Australia",NA,"165128d0"
2020-10-11,230,13,108745,230,217,0,0,0,0,0,0,535500,2,"Australia","Tasmania",NA,"86525f8e"
2020-10-11,20281,813,2840686,20281,19218,21,1,0,0,0,0,6629870,2,"Australia","Victoria",NA,"6c5dccdb"
2020-10-11,694,9,442299,694,670,0,0,0,0,0,0,2630557,2,"Australia","Western Australia",NA,"1f999f12"
2020-10-12,113,3,98758,113,110,0,0,0,0,0,0,428060,2,"Australia","Australian Capital Territory",NA,"f42f23e3"
2020-10-12,4283,54,2818918,4283,2802,7,1,0,0,0,0,8117976,2,"Australia","New South Wales",NA,"5c4dd6e0"
2020-10-12,33,0,51565,33,33,0,0,0,0,0,0,245562,2,"Australia","Northern Territory",NA,"a079fdb2"
2020-10-12,1161,6,1159560,1161,1154,3,0,0,0,0,0,5115451,2,"Australia","Queensland",NA,"36068882"
2020-10-12,475,4,499516,475,467,0,0,0,0,0,0,1756494,2,"Australia","South Australia",NA,"165128d0"
2020-10-12,230,13,108998,230,217,0,0,0,0,0,0,535500,2,"Australia","Tasmania",NA,"86525f8e"
2020-10-12,20295,813,2850794,20295,19229,21,0,0,0,0,0,6629870,2,"Australia","Victoria",NA,"6c5dccdb"
2020-10-12,696,9,447449,696,671,1,0,0,0,0,0,2630557,2,"Australia","Western Australia",NA,"1f999f12"
2020-10-13,113,3,99444,113,110,0,0,0,0,0,0,428060,2,"Australia","Australian Capital Territory",NA,"f42f23e3"
2020-10-13,4295,54,2827527,4295,2802,7,1,0,0,0,0,8117976,2,"Australia","New South Wales",NA,"5c4dd6e0"
2020-10-13,33,0,52157,33,33,0,0,0,0,0,0,245562,2,"Australia","Northern Territory",NA,"a079fdb2"
2020-10-13,1161,6,1163795,1161,1154,1,0,0,0,0,0,5115451,2,"Australia","Queensland",NA,"36068882"
2020-10-13,476,4,502101,476,468,0,0,0,0,0,0,1756494,2,"Australia","South Australia",NA,"165128d0"
2020-10-13,230,13,109442,230,217,0,0,0,0,0,0,535500,2,"Australia","Tasmania",NA,"86525f8e"
2020-10-13,20305,814,2858995,20305,19243,23,0,0,0,0,0,6629870,2,"Australia","Victoria",NA,"6c5dccdb"
2020-10-13,703,9,449527,703,676,1,0,0,0,0,0,2630557,2,"Australia","Western Australia",NA,"1f999f12"
2020-10-14,113,3,99986,113,110,0,0,0,0,0,0,428060,2,"Australia","Australian Capital Territory",NA,"f42f23e3"
2020-10-14,4310,54,2843545,4310,2802,4,1,0,0,0,0,8117976,2,"Australia","New South Wales",NA,"5c4dd6e0"
2020-10-14,33,0,52470,33,33,0,0,0,0,0,0,245562,2,"Australia","Northern Territory",NA,"a079fdb2"
2020-10-14,1161,6,1169423,1161,1154,1,0,0,0,0,0,5115451,2,"Australia","Queensland",NA,"36068882"
2020-10-14,479,4,504958,479,469,0,0,0,0,0,0,1756494,2,"Australia","South Australia",NA,"165128d0"
2020-10-14,230,13,110121,230,217,0,0,0,0,0,0,535500,2,"Australia","Tasmania",NA,"86525f8e"
2020-10-14,20311,819,2875056,20311,19248,23,0,0,0,0,0,6629870,2,"Australia","Victoria",NA,"6c5dccdb"
2020-10-14,704,9,454044,704,676,0,0,0,0,0,0,2630557,2,"Australia","Western Australia",NA,"1f999f12"
2020-10-15,113,3,100515,113,110,0,0,0,0,0,0,428060,2,"Australia","Australian Capital Territory",NA,"f42f23e3"
2020-10-15,4321,54,2859347,4321,2802,4,1,0,0,0,0,8117976,2,"Australia","New South Wales",NA,"5c4dd6e0"
2020-10-15,33,0,53011,33,33,0,0,0,0,0,0,245562,2,"Australia","Northern Territory",NA,"a079fdb2"
2020-10-15,1162,6,1174703,1162,1154,1,0,0,0,0,0,5115451,2,"Australia","Queensland",NA,"36068882"
2020-10-15,479,4,508065,479,471,0,0,0,0,0,0,1756494,2,"Australia","South Australia",NA,"165128d0"
2020-10-15,230,13,110605,230,217,0,0,0,0,0,0,535500,2,"Australia","Tasmania",NA,"86525f8e"
2020-10-15,20315,819,2890495,20315,19259,21,0,0,0,0,0,6629870,2,"Australia","Victoria",NA,"6c5dccdb"
2020-10-15,709,9,456375,709,676,0,0,0,0,0,0,2630557,2,"Australia","Western Australia",NA,"1f999f12"
2020-10-16,113,3,100743,113,110,0,0,0,0,0,0,428060,2,"Australia","Australian Capital Territory",NA,"f42f23e3"
2020-10-16,4326,54,2875738,4326,2802,5,1,0,0,0,0,8117976,2,"Australia","New South Wales",NA,"5c4dd6e0"
2020-10-16,33,0,53482,33,33,0,0,0,0,0,0,245562,2,"Australia","Northern Territory",NA,"a079fdb2"
2020-10-16,1164,6,1179441,1164,1154,1,0,0,0,0,0,5115451,2,"Australia","Queensland",NA,"36068882"
2020-10-16,479,4,511290,479,471,0,0,0,0,0,0,1756494,2,"Australia","South Australia",NA,"165128d0"
2020-10-16,230,13,111097,230,217,0,0,0,0,0,0,535500,2,"Australia","Tasmania",NA,"86525f8e"
2020-10-16,20317,819,2906876,20317,19279,14,0,0,0,0,0,6629870,2,"Australia","Victoria",NA,"6c5dccdb"
2020-10-16,709,9,458327,709,683,0,0,0,0,0,0,2630557,2,"Australia","Western Australia",NA,"1f999f12"
2020-10-17,113,3,101415,113,110,0,0,0,0,0,0,428060,2,"Australia","Australian Capital Territory",NA,"f42f23e3"
2020-10-17,4333,54,2890116,4333,2802,3,1,0,0,0,0,8117976,2,"Australia","New South Wales",NA,"5c4dd6e0"
2020-10-17,33,0,53804,33,33,0,0,0,0,0,0,245562,2,"Australia","Northern Territory",NA,"a079fdb2"
2020-10-17,1164,6,1184163,1164,1154,2,0,0,0,0,0,5115451,2,"Australia","Queensland",NA,"36068882"
2020-10-17,482,4,513962,482,472,0,0,0,0,0,0,1756494,2,"Australia","South Australia",NA,"165128d0"
2020-10-17,230,13,111771,230,217,0,0,0,0,0,0,535500,2,"Australia","Tasmania",NA,"86525f8e"
2020-10-17,20317,819,2925810,20317,19287,13,0,0,0,0,0,6629870,2,"Australia","Victoria",NA,"6c5dccdb"
2020-10-17,711,9,458327,711,683,0,0,0,0,0,0,2630557,2,"Australia","Western Australia",NA,"1f999f12"
2020-10-18,113,3,101468,113,110,0,0,0,0,0,0,428060,2,"Australia","Australian Capital Territory",NA,"f42f23e3"
2020-10-18,4338,54,2903101,4338,2802,2,1,0,0,0,0,8117976,2,"Australia","New South Wales",NA,"5c4dd6e0"
2020-10-18,33,0,53959,33,33,0,0,0,0,0,0,245562,2,"Australia","Northern Territory",NA,"a079fdb2"
2020-10-18,1164,6,1186578,1164,1154,2,0,0,0,0,0,5115451,2,"Australia","Queensland",NA,"36068882"
2020-10-18,484,4,516219,484,472,0,0,0,0,0,0,1756494,2,"Australia","South Australia",NA,"165128d0"
2020-10-18,230,13,112028,230,217,0,0,0,0,0,0,535500,2,"Australia","Tasmania",NA,"86525f8e"
2020-10-18,20315,819,2944356,20315,19295,12,0,0,0,0,0,6629870,2,"Australia","Victoria",NA,"6c5dccdb"
2020-10-18,714,9,458327,714,685,0,0,0,0,0,0,2630557,2,"Australia","Western Australia",NA,"1f999f12"
2020-10-19,113,3,101648,113,110,0,0,0,0,0,0,428060,2,"Australia","Australian Capital Territory",NA,"f42f23e3"
2020-10-19,4342,54,2910053,4342,2802,3,1,0,0,0,0,8117976,2,"Australia","New South Wales",NA,"5c4dd6e0"
2020-10-19,33,0,54086,33,33,0,0,0,0,0,0,245562,2,"Australia","Northern Territory",NA,"a079fdb2"
2020-10-19,1164,6,1188355,1164,1154,2,0,0,0,0,0,5115451,2,"Australia","Queensland",NA,"36068882"
2020-10-19,484,4,517904,484,472,0,0,0,0,0,0,1756494,2,"Australia","South Australia",NA,"165128d0"
2020-10-19,230,13,112207,230,217,0,0,0,0,0,0,535500,2,"Australia","Tasmania",NA,"86525f8e"
2020-10-19,20319,820,2955149,20319,19299,12,0,0,0,0,0,6629870,2,"Australia","Victoria",NA,"6c5dccdb"
2020-10-19,714,9,463972,714,685,0,0,0,0,0,0,2630557,2,"Australia","Western Australia",NA,"1f999f12"
2020-10-20,113,3,102374,113,110,0,0,0,0,0,0,428060,2,"Australia","Australian Capital Territory",NA,"f42f23e3"
2020-10-20,4347,54,2917454,4347,2802,4,1,0,0,0,0,8117976,2,"Australia","New South Wales",NA,"5c4dd6e0"
2020-10-20,33,0,54412,33,33,0,0,0,0,0,0,245562,2,"Australia","Northern Territory",NA,"a079fdb2"
2020-10-20,1164,6,1192435,1164,1154,2,0,0,0,0,0,5115451,2,"Australia","Queensland",NA,"36068882"
2020-10-20,484,4,519971,484,472,0,0,0,0,0,0,1756494,2,"Australia","South Australia",NA,"165128d0"
2020-10-20,230,13,112446,230,217,0,0,0,0,0,0,535500,2,"Australia","Tasmania",NA,"86525f8e"
2020-10-20,20321,820,2967085,20321,19313,11,0,0,0,0,0,6629870,2,"Australia","Victoria",NA,"6c5dccdb"
2020-10-20,738,9,466070,738,685,0,0,0,0,0,0,2630557,2,"Australia","Western Australia",NA,"1f999f12"
2020-10-21,113,3,102802,113,110,0,0,0,0,0,0,428060,2,"Australia","Australian Capital Territory",NA,"f42f23e3"
2020-10-21,4356,54,2932386,4356,2802,4,1,0,0,0,0,8117976,2,"Australia","New South Wales",NA,"5c4dd6e0"
2020-10-21,33,0,54886,33,33,0,0,0,0,0,0,245562,2,"Australia","Northern Territory",NA,"a079fdb2"
2020-10-21,1165,6,1198424,1165,1154,2,0,0,0,0,0,5115451,2,"Australia","Queensland",NA,"36068882"
2020-10-21,485,4,522919,485,473,0,0,0,0,0,0,1756494,2,"Australia","South Australia",NA,"165128d0"
2020-10-21,230,13,113050,230,217,0,0,0,0,0,0,535500,2,"Australia","Tasmania",NA,"86525f8e"
2020-10-21,20323,820,2984494,20323,19329,10,0,0,0,0,0,6629870,2,"Australia","Victoria",NA,"6c5dccdb"
2020-10-21,739,9,469045,739,690,0,0,0,0,0,0,2630557,2,"Australia","Western Australia",NA,"1f999f12"
2020-10-22,114,3,103319,114,110,0,0,0,0,0,0,428060,2,"Australia","Australian Capital Territory",NA,"f42f23e3"
2020-10-22,4363,54,2947715,4363,2802,5,1,0,0,0,0,8117976,2,"Australia","New South Wales",NA,"5c4dd6e0"
2020-10-22,33,0,55337,33,33,0,0,0,0,0,0,245562,2,"Australia","Northern Territory",NA,"a079fdb2"
2020-10-22,1165,6,1203184,1165,1155,2,0,0,0,0,0,5115451,2,"Australia","Queensland",NA,"36068882"
2020-10-22,485,4,526192,485,473,0,0,0,0,0,0,1756494,2,"Australia","South Australia",NA,"165128d0"
2020-10-22,230,13,113652,230,217,0,0,0,0,0,0,535500,2,"Australia","Tasmania",NA,"86525f8e"
2020-10-22,20329,820,3002936,20329,19340,9,0,0,0,0,0,6629870,2,"Australia","Victoria",NA,"6c5dccdb"
2020-10-22,747,9,471489,747,690,0,0,0,0,0,0,2630557,2,"Australia","Western Australia",NA,"1f999f12"
2020-10-23,114,3,103791,114,110,0,0,0,0,0,0,428060,2,"Australia","Australian Capital Territory",NA,"f42f23e3"
2020-10-23,4370,54,2961401,4370,2802,7,0,0,0,0,0,8117976,2,"Australia","New South Wales",NA,"5c4dd6e0"
2020-10-23,33,0,55826,33,33,0,0,0,0,0,0,245562,2,"Australia","Northern Territory",NA,"a079fdb2"
2020-10-23,1167,6,1207967,1167,1155,4,0,0,0,0,0,5115451,2,"Australia","Queensland",NA,"36068882"
2020-10-23,487,4,528925,487,473,0,0,0,0,0,0,1756494,2,"Australia","South Australia",NA,"165128d0"
2020-10-23,230,13,113932,230,217,0,0,0,0,0,0,535500,2,"Australia","Tasmania",NA,"86525f8e"
2020-10-23,20330,820,3022364,20330,19346,8,0,0,0,0,0,6629870,2,"Australia","Victoria",NA,"6c5dccdb"
2020-10-23,753,9,473120,753,692,1,0,0,0,0,0,2630557,2,"Australia","Western Australia",NA,"1f999f12"
2020-10-24,114,3,104059,114,110,0,0,0,0,0,0,428060,2,"Australia","Australian Capital Territory",NA,"f42f23e3"
2020-10-24,4375,54,2974291,4375,2802,6,0,0,0,0,0,8117976,2,"Australia","New South Wales",NA,"5c4dd6e0"
2020-10-24,33,0,56150,33,33,0,0,0,0,0,0,245562,2,"Australia","Northern Territory",NA,"a079fdb2"
2020-10-24,1167,6,1211609,1167,1155,4,0,0,0,0,0,5115451,2,"Australia","Queensland",NA,"36068882"
2020-10-24,487,4,532005,487,475,0,0,0,0,0,0,1756494,2,"Australia","South Australia",NA,"165128d0"
2020-10-24,230,13,114394,230,217,0,0,0,0,0,0,535500,2,"Australia","Tasmania",NA,"86525f8e"
2020-10-24,20336,820,3039583,20336,19354,8,0,0,0,0,0,6629870,2,"Australia","Victoria",NA,"6c5dccdb"
2020-10-24,757,9,473120,757,692,1,0,0,0,0,0,2630557,2,"Australia","Western Australia",NA,"1f999f12"
2020-10-25,114,3,104285,114,110,0,0,0,0,0,0,428060,2,"Australia","Australian Capital Territory",NA,"f42f23e3"
2020-10-25,4382,54,2986756,4382,2802,6,0,0,0,0,0,8117976,2,"Australia","New South Wales",NA,"5c4dd6e0"
2020-10-25,33,0,56316,33,33,0,0,0,0,0,0,245562,2,"Australia","Northern Territory",NA,"a079fdb2"
2020-10-25,1167,6,1214121,1167,1155,4,0,0,0,0,0,5115451,2,"Australia","Queensland",NA,"36068882"
2020-10-25,491,4,534150,491,475,0,0,0,0,0,0,1756494,2,"Australia","South Australia",NA,"165128d0"
2020-10-25,230,13,114617,230,217,0,0,0,0,0,0,535500,2,"Australia","Tasmania",NA,"86525f8e"
2020-10-25,20343,820,3052477,20343,19359,7,0,0,0,0,0,6629870,2,"Australia","Victoria",NA,"6c5dccdb"
2020-10-25,760,9,473120,760,694,0,0,0,0,0,0,2630557,2,"Australia","Western Australia",NA,"1f999f12"
2020-10-26,114,3,104681,114,110,0,0,0,0,0,0,428060,2,"Australia","Australian Capital Territory",NA,"f42f23e3"
2020-10-26,4386,54,2994203,4386,2802,8,0,0,0,0,0,8117976,2,"Australia","New South Wales",NA,"5c4dd6e0"
2020-10-26,33,0,56651,33,33,0,0,0,0,0,0,245562,2,"Australia","Northern Territory",NA,"a079fdb2"
2020-10-26,1167,6,1215772,1167,1157,2,0,0,0,0,0,5115451,2,"Australia","Queensland",NA,"36068882"
2020-10-26,494,4,536113,494,478,0,0,0,0,0,0,1756494,2,"Australia","South Australia",NA,"165128d0"
2020-10-26,230,13,114731,230,217,0,0,0,0,0,0,535500,2,"Australia","Tasmania",NA,"86525f8e"
2020-10-26,20341,820,3066501,20341,19366,6,0,0,0,0,0,6629870,2,"Australia","Victoria",NA,"6c5dccdb"
2020-10-26,762,9,478376,762,700,0,0,0,0,0,0,2630557,2,"Australia","Western Australia",NA,"1f999f12"
2020-10-27,114,3,105163,114,110,0,0,0,0,0,0,428060,2,"Australia","Australian Capital Territory",NA,"f42f23e3"
2020-10-27,4398,54,3000641,4398,2802,8,1,0,0,0,0,8117976,2,"Australia","New South Wales",NA,"5c4dd6e0"
2020-10-27,33,0,57069,33,33,0,0,0,0,0,0,245562,2,"Australia","Northern Territory",NA,"a079fdb2"
2020-10-27,1167,6,1219570,1167,1157,2,0,0,0,0,0,5115451,2,"Australia","Queensland",NA,"36068882"
2020-10-27,494,4,538497,494,479,0,0,0,0,0,0,1756494,2,"Australia","South Australia",NA,"165128d0"
2020-10-27,230,13,115108,230,217,0,0,0,0,0,0,535500,2,"Australia","Tasmania",NA,"86525f8e"
2020-10-27,20341,820,3081980,20341,19370,5,0,0,0,0,0,6629870,2,"Australia","Victoria",NA,"6c5dccdb"
2020-10-27,764,9,480530,764,700,0,0,0,0,0,0,2630557,2,"Australia","Western Australia",NA,"1f999f12"
2020-10-28,114,3,105737,114,110,0,0,0,0,0,0,428060,2,"Australia","Australian Capital Territory",NA,"f42f23e3"
2020-10-28,4406,54,3015023,4406,2802,7,1,0,0,0,0,8117976,2,"Australia","New South Wales",NA,"5c4dd6e0"
2020-10-28,34,0,57427,34,33,0,0,0,0,0,0,245562,2,"Australia","Northern Territory",NA,"a079fdb2"
2020-10-28,1169,6,1224099,1169,1157,3,0,0,0,0,0,5115451,2,"Australia","Queensland",NA,"36068882"
2020-10-28,495,4,542038,495,479,0,0,0,0,0,0,1756494,2,"Australia","South Australia",NA,"165128d0"
2020-10-28,230,13,115990,230,217,0,0,0,0,0,0,535500,2,"Australia","Tasmania",NA,"86525f8e"
2020-10-28,20342,822,3106653,20342,19376,3,0,0,0,0,0,6629870,2,"Australia","Victoria",NA,"6c5dccdb"
2020-10-28,765,9,483274,765,706,0,0,0,0,0,0,2630557,2,"Australia","Western Australia",NA,"1f999f12"
2020-10-29,114,3,106177,114,110,0,0,0,0,0,0,428060,2,"Australia","Australian Capital Territory",NA,"f42f23e3"
2020-10-29,4411,54,3029253,4411,2802,7,1,0,0,0,0,8117976,2,"Australia","New South Wales",NA,"5c4dd6e0"
2020-10-29,38,0,57962,38,33,4,0,0,0,0,0,245562,2,"Australia","Northern Territory",NA,"a079fdb2"
2020-10-29,1171,6,1229045,1171,1159,3,0,0,0,0,0,5115451,2,"Australia","Queensland",NA,"36068882"
2020-10-29,496,4,545230,496,482,0,0,0,0,0,0,1756494,2,"Australia","South Australia",NA,"165128d0"
2020-10-29,230,13,116415,230,217,0,0,0,0,0,0,535500,2,"Australia","Tasmania",NA,"86525f8e"
2020-10-29,20344,822,3130788,20344,19382,5,0,0,0,0,0,6629870,2,"Australia","Victoria",NA,"6c5dccdb"
2020-10-29,766,9,486041,766,708,0,0,0,0,0,0,2630557,2,"Australia","Western Australia",NA,"1f999f12"
2020-10-30,114,3,106715,114,111,0,0,0,0,0,0,428060,2,"Australia","Australian Capital Territory",NA,"f42f23e3"
2020-10-30,4417,54,3042039,4417,2802,7,1,0,0,0,0,8117976,2,"Australia","New South Wales",NA,"5c4dd6e0"
2020-10-30,38,0,58329,38,33,5,0,0,0,0,0,245562,2,"Australia","Northern Territory",NA,"a079fdb2"
2020-10-30,1172,6,1233236,1172,1159,3,0,0,0,0,0,5115451,2,"Australia","Queensland",NA,"36068882"
2020-10-30,497,4,548675,497,483,0,0,0,0,0,0,1756494,2,"Australia","South Australia",NA,"165128d0"
2020-10-30,230,13,117087,230,217,0,0,0,0,0,0,535500,2,"Australia","Tasmania",NA,"86525f8e"
2020-10-30,20347,822,3154371,20347,19381,5,0,0,0,0,0,6629870,2,"Australia","Victoria",NA,"6c5dccdb"
2020-10-30,767,9,487990,767,712,0,0,0,0,0,0,2630557,2,"Australia","Western Australia",NA,"1f999f12"
2020-10-31,114,3,106976,114,111,0,0,0,0,0,0,428060,2,"Australia","Australian Capital Territory",NA,"f42f23e3"
2020-10-31,4421,54,3055173,4421,2802,6,1,0,0,0,0,8117976,2,"Australia","New South Wales",NA,"5c4dd6e0"
2020-10-31,38,0,58766,38,33,5,0,0,0,0,0,245562,2,"Australia","Northern Territory",NA,"a079fdb2"
2020-10-31,1171,6,1236847,1171,1160,4,0,0,0,0,0,5115451,2,"Australia","Queensland",NA,"36068882"
2020-10-31,501,4,551799,501,483,0,0,0,0,0,0,1756494,2,"Australia","South Australia",NA,"165128d0"
2020-10-31,230,13,117507,230,217,0,0,0,0,0,0,535500,2,"Australia","Tasmania",NA,"86525f8e"
2020-10-31,20347,822,3174221,20347,19457,2,0,0,0,0,0,6629870,2,"Australia","Victoria",NA,"6c5dccdb"
2020-10-31,768,9,487990,768,715,0,0,0,0,0,0,2630557,2,"Australia","Western Australia",NA,"1f999f12"
2020-11-01,114,3,107202,114,111,0,0,0,0,0,0,428060,2,"Australia","Australian Capital Territory",NA,"f42f23e3"
2020-11-01,4425,54,3069924,4425,2802,6,1,1,0,0,0,8117976,2,"Australia","New South Wales",NA,"5c4dd6e0"
2020-11-01,38,0,58967,38,33,5,0,0,0,0,0,245562,2,"Australia","Northern Territory",NA,"a079fdb2"
2020-11-01,1172,6,1239418,1172,1160,4,0,0,0,0,0,5115451,2,"Australia","Queensland",NA,"36068882"
2020-11-01,501,4,553753,501,483,0,0,0,0,0,0,1756494,2,"Australia","South Australia",NA,"165128d0"
2020-11-01,230,13,117713,230,217,0,0,0,0,0,0,535500,2,"Australia","Tasmania",NA,"86525f8e"
2020-11-01,20346,822,3190219,20346,19466,2,0,0,0,0,0,6629870,2,"Australia","Victoria",NA,"6c5dccdb"
2020-11-01,769,9,487990,769,718,0,0,0,0,0,0,2630557,2,"Australia","Western Australia",NA,"1f999f12"
2020-11-02,114,3,107484,114,111,0,0,0,0,0,0,428060,2,"Australia","Australian Capital Territory",NA,"f42f23e3"
2020-11-02,4432,54,3077355,4432,2802,6,1,1,0,0,0,8117976,2,"Australia","New South Wales",NA,"5c4dd6e0"
2020-11-02,38,0,59140,38,33,5,0,0,0,0,0,245562,2,"Australia","Northern Territory",NA,"a079fdb2"
2020-11-02,1172,6,1241130,1172,1163,3,0,0,0,0,0,5115451,2,"Australia","Queensland",NA,"36068882"
2020-11-02,501,4,555592,501,485,0,0,0,0,0,0,1756494,2,"Australia","South Australia",NA,"165128d0"
2020-11-02,230,13,117912,230,217,0,0,0,0,0,0,535500,2,"Australia","Tasmania",NA,"86525f8e"
2020-11-02,20345,822,3203175,20345,19477,2,0,0,0,0,0,6629870,2,"Australia","Victoria",NA,"6c5dccdb"
2020-11-02,770,9,493613,770,722,0,0,0,0,0,0,2630557,2,"Australia","Western Australia",NA,"1f999f12"
2020-11-03,114,3,108157,114,111,0,0,0,0,0,0,428060,2,"Australia","Australian Capital Territory",NA,"f42f23e3"
2020-11-03,4435,54,3085905,4435,2802,5,1,1,0,0,0,8117976,2,"Australia","New South Wales",NA,"5c4dd6e0"
2020-11-03,38,0,59528,38,33,5,0,0,0,0,0,245562,2,"Australia","Northern Territory",NA,"a079fdb2"
2020-11-03,1175,6,1245093,1175,1163,3,0,0,0,0,0,5115451,2,"Australia","Queensland",NA,"36068882"
2020-11-03,503,4,558519,503,486,0,0,0,0,0,0,1756494,2,"Australia","South Australia",NA,"165128d0"
2020-11-03,230,13,118021,230,217,0,0,0,0,0,0,535500,2,"Australia","Tasmania",NA,"86525f8e"
2020-11-03,20345,822,3216016,20345,19488,2,0,0,0,0,0,6629870,2,"Australia","Victoria",NA,"6c5dccdb"
2020-11-03,770,9,495932,770,738,0,0,0,0,0,0,2630557,2,"Australia","Western Australia",NA,"1f999f12"
2020-11-04,114,3,108682,114,111,0,0,0,0,0,0,428060,2,"Australia","Australian Capital Territory",NA,"f42f23e3"
2020-11-04,4443,54,3102941,4443,2802,5,1,1,0,0,0,8117976,2,"Australia","New South Wales",NA,"5c4dd6e0"
2020-11-04,38,0,59981,38,33,5,0,0,0,0,0,245562,2,"Australia","Northern Territory",NA,"a079fdb2"
2020-11-04,1177,6,1250335,1177,1165,8,0,0,0,0,0,5115451,2,"Australia","Queensland",NA,"36068882"
2020-11-04,504,4,561909,504,488,0,0,0,0,0,0,1756494,2,"Australia","South Australia",NA,"165128d0"
2020-11-04,230,13,118398,230,217,0,0,0,0,0,0,535500,2,"Australia","Tasmania",NA,"86525f8e"
2020-11-04,20345,822,3233373,20345,19496,2,0,0,0,0,0,6629870,2,"Australia","Victoria",NA,"6c5dccdb"
2020-11-04,771,9,497944,771,748,0,0,0,0,0,0,2630557,2,"Australia","Western Australia",NA,"1f999f12"
2020-11-05,114,3,109057,114,111,0,0,0,0,0,0,428060,2,"Australia","Australian Capital Territory",NA,"f42f23e3"
2020-11-05,4445,54,3121407,4445,2802,6,1,1,0,0,0,8117976,2,"Australia","New South Wales",NA,"5c4dd6e0"
2020-11-05,39,0,60474,39,33,5,0,0,0,0,0,245562,2,"Australia","Northern Territory",NA,"a079fdb2"
2020-11-05,1177,6,1255382,1177,1163,8,0,0,0,0,0,5115451,2,"Australia","Queensland",NA,"36068882"
2020-11-05,509,4,565353,509,489,0,0,0,0,0,0,1756494,2,"Australia","South Australia",NA,"165128d0"
2020-11-05,230,13,118864,230,217,0,0,0,0,0,0,535500,2,"Australia","Tasmania",NA,"86525f8e"
2020-11-05,20345,822,3246852,20345,19506,2,0,0,0,0,0,6629870,2,"Australia","Victoria",NA,"6c5dccdb"
2020-11-05,775,9,499753,775,750,0,0,0,0,0,0,2630557,2,"Australia","Western Australia",NA,"1f999f12"
2020-11-06,114,3,109532,114,111,0,0,0,0,0,0,428060,2,"Australia","Australian Capital Territory",NA,"f42f23e3"
2020-11-06,4454,54,3138899,4454,2802,4,1,1,0,0,0,8117976,2,"Australia","New South Wales",NA,"5c4dd6e0"
2020-11-06,39,0,60769,39,33,6,0,0,0,0,0,245562,2,"Australia","Northern Territory",NA,"a079fdb2"
2020-11-06,1177,6,1259722,1177,1163,8,0,0,0,0,0,5115451,2,"Australia","Queensland",NA,"36068882"
2020-11-06,510,4,568120,510,489,0,0,0,0,0,0,1756494,2,"Australia","South Australia",NA,"165128d0"
2020-11-06,230,13,119620,230,217,0,0,0,0,0,0,535500,2,"Australia","Tasmania",NA,"86525f8e"
2020-11-06,20345,822,3265523,20345,19511,2,0,0,0,0,0,6629870,2,"Australia","Victoria",NA,"6c5dccdb"
2020-11-06,776,9,501428,776,751,0,0,0,0,0,0,2630557,2,"Australia","Western Australia",NA,"1f999f12"
2020-11-07,114,3,109877,114,111,0,0,0,0,0,0,428060,2,"Australia","Australian Capital Territory",NA,"f42f23e3"
2020-11-07,4459,54,3153596,4459,2802,3,1,1,0,0,0,8117976,2,"Australia","New South Wales",NA,"5c4dd6e0"
2020-11-07,39,0,61077,39,33,6,0,0,0,0,0,245562,2,"Australia","Northern Territory",NA,"a079fdb2"
2020-11-07,1177,6,1263289,1177,1163,8,0,0,0,0,0,5115451,2,"Australia","Queensland",NA,"36068882"
2020-11-07,512,4,570672,512,490,0,0,0,0,0,0,1756494,2,"Australia","South Australia",NA,"165128d0"
2020-11-07,230,13,119979,230,217,0,0,0,0,0,0,535500,2,"Australia","Tasmania",NA,"86525f8e"
2020-11-07,20345,822,3282437,20345,19518,2,0,0,0,0,0,6629870,2,"Australia","Victoria",NA,"6c5dccdb"
2020-11-07,776,9,501428,776,755,0,0,0,0,0,0,2630557,2,"Australia","Western Australia",NA,"1f999f12"
2020-11-08,114,3,110041,114,111,0,0,0,0,0,0,428060,2,"Australia","Australian Capital Territory",NA,"f42f23e3"
2020-11-08,4462,54,3167317,4462,2802,3,1,1,0,0,0,8117976,2,"Australia","New South Wales",NA,"5c4dd6e0"
2020-11-08,39,0,61249,39,33,6,0,0,0,0,0,245562,2,"Australia","Northern Territory",NA,"a079fdb2"
2020-11-08,1177,6,1265567,1177,1163,8,0,0,0,0,0,5115451,2,"Australia","Queensland",NA,"36068882"
2020-11-08,515,4,572618,515,492,0,0,0,0,0,0,1756494,2,"Australia","South Australia",NA,"165128d0"
2020-11-08,230,13,120292,230,217,0,0,0,0,0,0,535500,2,"Australia","Tasmania",NA,"86525f8e"
2020-11-08,20345,822,3299302,20345,19522,2,0,0,0,0,0,6629870,2,"Australia","Victoria",NA,"6c5dccdb"
2020-11-08,776,9,501428,776,757,0,0,0,0,0,0,2630557,2,"Australia","Western Australia",NA,"1f999f12"
2020-11-09,114,3,110274,114,111,0,0,0,0,0,0,428060,2,"Australia","Australian Capital Territory",NA,"f42f23e3"
2020-11-09,4469,54,3176816,4469,2802,3,1,1,0,0,0,8117976,2,"Australia","New South Wales",NA,"5c4dd6e0"
2020-11-09,40,0,61615,40,33,7,0,0,0,0,0,245562,2,"Australia","Northern Territory",NA,"a079fdb2"
2020-11-09,1177,6,1267244,1177,1163,8,0,0,0,0,0,5115451,2,"Australia","Queensland",NA,"36068882"
2020-11-09,517,4,574115,517,495,0,0,0,0,0,0,1756494,2,"Australia","South Australia",NA,"165128d0"
2020-11-09,230,13,120524,230,217,0,0,0,0,0,0,535500,2,"Australia","Tasmania",NA,"86525f8e"
2020-11-09,20345,822,3309955,20345,19522,2,0,0,0,0,0,6629870,2,"Australia","Victoria",NA,"6c5dccdb"
2020-11-09,776,9,506297,776,757,0,0,0,0,0,0,2630557,2,"Australia","Western Australia",NA,"1f999f12"
2020-11-10,114,3,111078,114,111,0,0,0,0,0,0,428060,2,"Australia","Australian Capital Territory",NA,"f42f23e3"
2020-11-10,4474,54,3186874,4474,2802,3,1,1,0,0,0,8117976,2,"Australia","New South Wales",NA,"5c4dd6e0"
2020-11-10,40,0,62266,40,33,7,0,0,0,0,0,245562,2,"Australia","Northern Territory",NA,"a079fdb2"
2020-11-10,1178,6,1271217,1178,1163,8,0,0,0,0,0,5115451,2,"Australia","Queensland",NA,"36068882"
2020-11-10,518,4,576485,518,497,0,0,0,0,0,0,1756494,2,"Australia","South Australia",NA,"165128d0"
2020-11-10,230,13,120958,230,217,0,0,0,0,0,0,535500,2,"Australia","Tasmania",NA,"86525f8e"
2020-11-10,20345,822,3322910,20345,19522,2,0,0,0,0,0,6629870,2,"Australia","Victoria",NA,"6c5dccdb"
2020-11-10,778,9,508425,778,757,0,0,0,0,0,0,2630557,2,"Australia","Western Australia",NA,"1f999f12"
2020-11-11,114,3,111757,114,111,0,0,0,0,0,0,428060,2,"Australia","Australian Capital Territory",NA,"f42f23e3"
2020-11-11,4478,54,3207460,4478,2802,4,0,0,0,0,0,8117976,2,"Australia","New South Wales",NA,"5c4dd6e0"
2020-11-11,40,0,62610,40,33,7,0,0,0,0,0,245562,2,"Australia","Northern Territory",NA,"a079fdb2"
2020-11-11,1179,6,1276587,1179,1163,8,0,0,0,0,0,5115451,2,"Australia","Queensland",NA,"36068882"
2020-11-11,519,4,579055,519,498,1,0,0,0,0,0,1756494,2,"Australia","South Australia",NA,"165128d0"
2020-11-11,230,13,121527,230,217,0,0,0,0,0,0,535500,2,"Australia","Tasmania",NA,"86525f8e"
2020-11-11,20345,822,3342896,20345,19522,2,0,0,0,0,0,6629870,2,"Australia","Victoria",NA,"6c5dccdb"
2020-11-11,780,9,510727,780,757,0,0,0,0,0,0,2630557,2,"Australia","Western Australia",NA,"1f999f12"
2020-11-12,114,3,112268,114,111,0,0,0,0,0,0,428060,2,"Australia","Australian Capital Territory",NA,"f42f23e3"
2020-11-12,4483,54,3230696,4483,2802,4,0,0,0,0,0,8117976,2,"Australia","New South Wales",NA,"5c4dd6e0"
2020-11-12,41,0,63073,41,33,8,0,0,0,0,0,245562,2,"Australia","Northern Territory",NA,"a079fdb2"
2020-11-12,1182,6,1281637,1182,1163,7,0,0,0,0,0,5115451,2,"Australia","Queensland",NA,"36068882"
2020-11-12,520,4,582367,520,499,1,0,0,0,0,0,1756494,2,"Australia","South Australia",NA,"165128d0"
2020-11-12,230,13,121969,230,217,0,0,0,0,0,0,535500,2,"Australia","Tasmania",NA,"86525f8e"
2020-11-12,20345,822,3363715,20345,19523,2,0,0,0,0,0,6629870,2,"Australia","Victoria",NA,"6c5dccdb"
2020-11-12,783,9,512756,783,760,0,0,0,0,0,0,2630557,2,"Australia","Western Australia",NA,"1f999f12"
2020-11-13,114,3,112451,114,111,0,0,0,0,0,0,428060,2,"Australia","Australian Capital Territory",NA,"f42f23e3"
2020-11-13,4482,54,3249637,4482,2802,4,0,0,0,0,0,8117976,2,"Australia","New South Wales",NA,"5c4dd6e0"
2020-11-13,46,0,63553,46,33,8,0,0,0,0,0,245562,2,"Australia","Northern Territory",NA,"a079fdb2"
2020-11-13,1183,6,1285910,1183,1167,7,0,0,0,0,0,5115451,2,"Australia","Queensland",NA,"36068882"
2020-11-13,520,4,584618,520,500,1,0,0,0,0,0,1756494,2,"Australia","South Australia",NA,"165128d0"
2020-11-13,230,13,122366,230,217,0,0,0,0,0,0,535500,2,"Australia","Tasmania",NA,"86525f8e"
2020-11-13,20345,822,3375716,20345,19523,2,0,0,0,0,0,6629870,2,"Australia","Victoria",NA,"6c5dccdb"
2020-11-13,783,9,514223,783,761,0,0,0,0,0,0,2630557,2,"Australia","Western Australia",NA,"1f999f12"
2020-11-14,114,3,113024,114,111,0,0,0,0,0,0,428060,2,"Australia","Australian Capital Territory",NA,"f42f23e3"
2020-11-14,4486,54,3266821,4486,2802,4,0,0,0,0,0,8117976,2,"Australia","New South Wales",NA,"5c4dd6e0"
2020-11-14,46,0,64098,46,33,8,0,0,0,0,0,245562,2,"Australia","Northern Territory",NA,"a079fdb2"
2020-11-14,1185,6,1290412,1185,1171,6,0,0,0,0,0,5115451,2,"Australia","Queensland",NA,"36068882"
2020-11-14,522,4,586972,522,501,1,0,0,0,0,0,1756494,2,"Australia","South Australia",NA,"165128d0"
2020-11-14,230,13,122816,230,217,0,0,0,0,0,0,535500,2,"Australia","Tasmania",NA,"86525f8e"
2020-11-14,20345,822,3390330,20345,19523,2,0,0,0,0,0,6629870,2,"Australia","Victoria",NA,"6c5dccdb"
2020-11-14,783,9,514223,783,761,0,0,0,0,0,0,2630557,2,"Australia","Western Australia",NA,"1f999f12"
2020-11-15,114,3,113261,114,111,0,0,0,0,0,0,428060,2,"Australia","Australian Capital Territory",NA,"f42f23e3"
2020-11-15,4495,54,3284047,4495,2802,5,0,0,0,0,0,8117976,2,"Australia","New South Wales",NA,"5c4dd6e0"
2020-11-15,46,0,64270,46,33,8,0,0,0,0,0,245562,2,"Australia","Northern Territory",NA,"a079fdb2"
2020-11-15,1185,6,1292903,1185,1171,6,0,0,0,0,0,5115451,2,"Australia","Queensland",NA,"36068882"
2020-11-15,526,4,589008,526,503,1,0,0,0,0,0,1756494,2,"Australia","South Australia",NA,"165128d0"
2020-11-15,230,13,122974,230,217,0,0,0,0,0,0,535500,2,"Australia","Tasmania",NA,"86525f8e"
2020-11-15,20345,822,3398653,20345,19523,2,0,0,0,0,0,6629870,2,"Australia","Victoria",NA,"6c5dccdb"
2020-11-15,787,9,514223,787,765,0,0,0,0,0,0,2630557,2,"Australia","Western Australia",NA,"1f999f12"
2020-11-16,114,3,113590,114,111,0,0,0,0,0,0,428060,2,"Australia","Australian Capital Territory",NA,"f42f23e3"
2020-11-16,4498,54,3291081,4498,2802,4,0,0,0,0,0,8117976,2,"Australia","New South Wales",NA,"5c4dd6e0"
2020-11-16,46,0,64396,46,38,8,0,0,0,0,0,245562,2,"Australia","Northern Territory",NA,"a079fdb2"
2020-11-16,1185,6,1294536,1185,1171,8,0,0,0,0,0,5115451,2,"Australia","Queensland",NA,"36068882"
2020-11-16,544,4,590881,544,506,2,0,0,0,0,0,1756494,2,"Australia","South Australia",NA,"165128d0"
2020-11-16,230,13,123188,230,217,0,0,0,0,0,0,535500,2,"Australia","Tasmania",NA,"86525f8e"
2020-11-16,20345,822,3405348,20345,19523,2,0,0,0,0,0,6629870,2,"Australia","Victoria",NA,"6c5dccdb"
2020-11-16,788,9,518749,788,766,0,0,0,0,0,0,2630557,2,"Australia","Western Australia",NA,"1f999f12"
2020-11-17,114,3,114279,114,111,0,0,0,0,0,0,428060,2,"Australia","Australian Capital Territory",NA,"f42f23e3"
2020-11-17,4502,54,3299669,4502,2802,4,0,0,0,0,0,8117976,2,"Australia","New South Wales",NA,"5c4dd6e0"
2020-11-17,46,0,64773,46,38,8,0,0,0,0,0,245562,2,"Australia","Northern Territory",NA,"a079fdb2"
2020-11-17,1186,6,1298968,1186,1171,8,0,0,0,0,0,5115451,2,"Australia","Queensland",NA,"36068882"
2020-11-17,549,4,595427,549,511,1,0,0,0,0,0,1756494,2,"Australia","South Australia",NA,"165128d0"
2020-11-17,230,13,123503,230,217,0,0,0,0,0,0,535500,2,"Australia","Tasmania",NA,"86525f8e"
2020-11-17,20345,822,3422760,20345,19523,2,0,0,0,0,0,6629870,2,"Australia","Victoria",NA,"6c5dccdb"
2020-11-17,788,9,521971,788,767,0,0,0,0,0,0,2630557,2,"Australia","Western Australia",NA,"1f999f12"
2020-11-18,115,3,115070,115,111,0,0,0,0,0,0,428060,2,"Australia","Australian Capital Territory",NA,"f42f23e3"
2020-11-18,4509,54,3316716,4509,2802,2,0,0,0,0,0,8117976,2,"Australia","New South Wales",NA,"5c4dd6e0"
2020-11-18,46,0,65282,46,38,8,0,0,0,0,0,245562,2,"Australia","Northern Territory",NA,"a079fdb2"
2020-11-18,1187,6,1306380,1187,1171,9,0,0,0,0,0,5115451,2,"Australia","Queensland",NA,"36068882"
2020-11-18,551,4,605086,551,512,1,0,0,0,0,0,1756494,2,"Australia","South Australia",NA,"165128d0"
2020-11-18,230,13,124221,230,217,0,0,0,0,0,0,535500,2,"Australia","Tasmania",NA,"86525f8e"
2020-11-18,20345,822,3440114,20345,19523,2,0,0,0,0,0,6629870,2,"Australia","Victoria",NA,"6c5dccdb"
2020-11-18,794,9,525177,794,767,0,0,0,0,0,0,2630557,2,"Australia","Western Australia",NA,"1f999f12"
2020-11-19,115,3,115792,115,111,0,0,0,0,0,0,428060,2,"Australia","Australian Capital Territory",NA,"f42f23e3"
2020-11-19,4514,54,3336876,4514,2802,2,0,0,0,0,0,8117976,2,"Australia","New South Wales",NA,"5c4dd6e0"
2020-11-19,46,0,66052,46,39,7,0,0,0,0,0,245562,2,"Australia","Northern Territory",NA,"a079fdb2"
2020-11-19,1190,6,1313454,1190,1171,12,0,0,0,0,0,5115451,2,"Australia","Queensland",NA,"36068882"
2020-11-19,550,4,616999,550,512,3,0,0,0,0,0,1756494,2,"Australia","South Australia",NA,"165128d0"
2020-11-19,230,13,124929,230,217,0,0,0,0,0,0,535500,2,"Australia","Tasmania",NA,"86525f8e"
2020-11-19,20345,822,3457275,20345,19523,2,0,0,0,0,0,6629870,2,"Australia","Victoria",NA,"6c5dccdb"
2020-11-19,794,9,527624,794,767,0,0,0,0,0,0,2630557,2,"Australia","Western Australia",NA,"1f999f12"
2020-11-20,115,3,116324,115,111,0,0,0,0,0,0,428060,2,"Australia","Australian Capital Territory",NA,"f42f23e3"
2020-11-20,4517,54,3355267,4517,2802,2,0,0,0,0,0,8117976,2,"Australia","New South Wales",NA,"5c4dd6e0"
2020-11-20,46,0,66819,46,39,7,0,0,0,0,0,245562,2,"Australia","Northern Territory",NA,"a079fdb2"
2020-11-20,1190,6,1318805,1190,1171,11,0,0,0,0,0,5115451,2,"Australia","Queensland",NA,"36068882"
2020-11-20,553,4,631458,553,512,2,0,0,0,0,0,1756494,2,"Australia","South Australia",NA,"165128d0"
2020-11-20,230,13,125191,230,217,0,0,0,0,0,0,535500,2,"Australia","Tasmania",NA,"86525f8e"
2020-11-20,20345,822,3475749,20345,19524,1,0,0,0,0,0,6629870,2,"Australia","Victoria",NA,"6c5dccdb"
2020-11-20,796,9,529780,796,767,0,0,0,0,0,0,2630557,2,"Australia","Western Australia",NA,"1f999f12"
2020-11-21,115,3,116685,115,111,0,0,0,0,0,0,428060,2,"Australia","Australian Capital Territory",NA,"f42f23e3"
2020-11-21,4527,54,3371596,4527,2802,3,0,0,0,0,0,8117976,2,"Australia","New South Wales",NA,"5c4dd6e0"
2020-11-21,46,0,67566,46,39,7,0,0,0,0,0,245562,2,"Australia","Northern Territory",NA,"a079fdb2"
2020-11-21,1192,6,1322370,1192,1171,13,0,0,0,0,0,5115451,2,"Australia","Queensland",NA,"36068882"
2020-11-21,554,4,650663,554,513,1,0,0,0,0,0,1756494,2,"Australia","South Australia",NA,"165128d0"
2020-11-21,230,13,126054,230,217,0,0,0,0,0,0,535500,2,"Australia","Tasmania",NA,"86525f8e"
2020-11-21,20345,822,3487082,20345,19525,1,0,0,0,0,0,6629870,2,"Australia","Victoria",NA,"6c5dccdb"
2020-11-21,797,9,529780,797,772,0,0,0,0,0,0,2630557,2,"Australia","Western Australia",NA,"1f999f12"
2020-11-22,115,3,116927,115,111,0,0,0,0,0,0,428060,2,"Australia","Australian Capital Territory",NA,"f42f23e3"
2020-11-22,4538,54,3383608,4538,2802,2,0,0,0,0,0,8117976,2,"Australia","New South Wales",NA,"5c4dd6e0"
2020-11-22,46,0,67963,46,40,6,0,0,0,0,0,245562,2,"Australia","Northern Territory",NA,"a079fdb2"
2020-11-22,1193,6,1324189,1193,1171,12,0,0,0,0,0,5115451,2,"Australia","Queensland",NA,"36068882"
2020-11-22,555,4,667592,555,514,1,0,0,0,0,0,1756494,2,"Australia","South Australia",NA,"165128d0"
2020-11-22,230,13,126336,230,217,0,0,0,0,0,0,535500,2,"Australia","Tasmania",NA,"86525f8e"
2020-11-22,20345,822,3497612,20345,19525,1,0,0,0,0,0,6629870,2,"Australia","Victoria",NA,"6c5dccdb"
2020-11-22,799,9,529780,799,772,0,0,0,0,0,0,2630557,2,"Australia","Western Australia",NA,"1f999f12"
2020-11-23,115,3,117306,115,111,0,0,0,0,0,0,428060,2,"Australia","Australian Capital Territory",NA,"f42f23e3"
2020-11-23,4542,54,3391444,4542,2802,2,0,0,0,0,0,8117976,2,"Australia","New South Wales",NA,"5c4dd6e0"
2020-11-23,47,0,68256,47,41,6,0,0,0,0,0,245562,2,"Australia","Northern Territory",NA,"a079fdb2"
2020-11-23,1196,6,1326061,1196,1172,11,0,0,0,0,0,5115451,2,"Australia","Queensland",NA,"36068882"
2020-11-23,556,4,676281,556,514,1,0,0,0,0,0,1756494,2,"Australia","South Australia",NA,"165128d0"
2020-11-23,230,13,126453,230,217,0,0,0,0,0,0,535500,2,"Australia","Tasmania",NA,"86525f8e"
2020-11-23,20345,822,3504873,20345,19525,1,0,0,0,0,0,6629870,2,"Australia","Victoria",NA,"6c5dccdb"
2020-11-23,804,9,536048,804,774,0,0,0,0,0,0,2630557,2,"Australia","Western Australia",NA,"1f999f12"
2020-11-24,115,3,117796,115,111,0,0,0,0,0,0,428060,2,"Australia","Australian Capital Territory",NA,"f42f23e3"
2020-11-24,4548,54,3398420,4548,2802,3,0,0,0,0,0,8117976,2,"Australia","New South Wales",NA,"5c4dd6e0"
2020-11-24,47,0,68850,47,41,6,0,0,0,0,0,245562,2,"Australia","Northern Territory",NA,"a079fdb2"
2020-11-24,1197,6,1331405,1197,1172,15,0,0,0,0,0,5115451,2,"Australia","Queensland",NA,"36068882"
2020-11-24,558,4,683103,558,514,1,0,0,0,0,0,1756494,2,"Australia","South Australia",NA,"165128d0"
2020-11-24,230,13,126951,230,217,0,0,0,0,0,0,535500,2,"Australia","Tasmania",NA,"86525f8e"
2020-11-24,20345,822,3514833,20345,19526,1,0,0,0,0,0,6629870,2,"Australia","Victoria",NA,"6c5dccdb"
2020-11-24,808,9,539122,808,774,0,0,0,0,0,0,2630557,2,"Australia","Western Australia",NA,"1f999f12"
2020-11-25,115,3,118401,115,111,0,0,0,0,0,0,428060,2,"Australia","Australian Capital Territory",NA,"f42f23e3"
2020-11-25,4552,54,3414711,4552,2802,3,0,0,0,0,0,8117976,2,"Australia","New South Wales",NA,"5c4dd6e0"
2020-11-25,49,0,69388,49,41,6,0,0,0,0,0,245562,2,"Australia","Northern Territory",NA,"a079fdb2"
2020-11-25,1197,6,1336467,1197,1177,14,0,0,0,0,0,5115451,2,"Australia","Queensland",NA,"36068882"
2020-11-25,558,4,692506,558,515,1,0,0,0,0,0,1756494,2,"Australia","South Australia",NA,"165128d0"
2020-11-25,230,13,127526,230,217,0,0,0,0,0,0,535500,2,"Australia","Tasmania",NA,"86525f8e"
2020-11-25,20345,822,3531242,20345,19526,0,0,0,0,0,0,6629870,2,"Australia","Victoria",NA,"6c5dccdb"
2020-11-25,810,9,541826,810,774,0,0,0,0,0,0,2630557,2,"Australia","Western Australia",NA,"1f999f12"
2020-11-26,115,3,118820,115,112,0,0,0,0,0,0,428060,2,"Australia","Australian Capital Territory",NA,"f42f23e3"
2020-11-26,4552,54,3429596,4552,2802,3,0,0,0,0,0,8117976,2,"Australia","New South Wales",NA,"5c4dd6e0"
2020-11-26,49,0,69754,49,41,6,0,0,0,0,0,245562,2,"Australia","Northern Territory",NA,"a079fdb2"
2020-11-26,1197,6,1341683,1197,1177,14,0,0,0,0,0,5115451,2,"Australia","Queensland",NA,"36068882"
2020-11-26,559,4,702210,559,519,1,0,0,0,0,0,1756494,2,"Australia","South Australia",NA,"165128d0"
2020-11-26,230,13,128011,230,217,0,0,0,0,0,0,535500,2,"Australia","Tasmania",NA,"86525f8e"
2020-11-26,20345,822,3544104,20345,19526,0,0,0,0,0,0,6629870,2,"Australia","Victoria",NA,"6c5dccdb"
2020-11-26,817,9,543961,817,776,0,0,0,0,0,0,2630557,2,"Australia","Western Australia",NA,"1f999f12"
2020-11-27,116,3,119271,116,112,0,0,0,0,0,0,428060,2,"Australia","Australian Capital Territory",NA,"f42f23e3"
2020-11-27,4556,54,3444354,4556,2802,2,0,0,0,0,0,8117976,2,"Australia","New South Wales",NA,"5c4dd6e0"
2020-11-27,52,0,70167,52,41,6,0,0,0,0,0,245562,2,"Australia","Northern Territory",NA,"a079fdb2"
2020-11-27,1198,6,1345299,1198,1178,13,0,0,0,0,0,5115451,2,"Australia","Queensland",NA,"36068882"
2020-11-27,560,4,714532,560,532,1,0,0,0,0,0,1756494,2,"Australia","South Australia",NA,"165128d0"
2020-11-27,230,13,128362,230,217,0,0,0,0,0,0,535500,2,"Australia","Tasmania",NA,"86525f8e"
2020-11-27,20345,822,3553932,20345,19526,0,0,0,0,0,0,6629870,2,"Australia","Victoria",NA,"6c5dccdb"
2020-11-27,817,9,546698,817,778,0,0,0,0,0,0,2630557,2,"Australia","Western Australia",NA,"1f999f12"
2020-11-28,117,3,119687,117,112,0,0,0,0,0,0,428060,2,"Australia","Australian Capital Territory",NA,"f42f23e3"
2020-11-28,4564,54,3456460,4564,2802,2,0,0,0,0,0,8117976,2,"Australia","New South Wales",NA,"5c4dd6e0"
2020-11-28,52,0,70505,52,41,6,0,0,0,0,0,245562,2,"Australia","Northern Territory",NA,"a079fdb2"
2020-11-28,1199,6,1348906,1199,1180,13,0,0,0,0,0,5115451,2,"Australia","Queensland",NA,"36068882"
2020-11-28,561,4,718372,561,538,1,0,0,0,0,0,1756494,2,"Australia","South Australia",NA,"165128d0"
2020-11-28,230,13,128695,230,217,0,0,0,0,0,0,535500,2,"Australia","Tasmania",NA,"86525f8e"
2020-11-28,20345,822,3563335,20345,19526,0,0,0,0,0,0,6629870,2,"Australia","Victoria",NA,"6c5dccdb"
2020-11-28,817,9,546698,817,784,0,0,0,0,0,0,2630557,2,"Australia","Western Australia",NA,"1f999f12"
2020-11-29,117,3,119919,117,112,0,0,0,0,0,0,428060,2,"Australia","Australian Capital Territory",NA,"f42f23e3"
2020-11-29,4568,54,3466716,4568,2802,2,0,0,0,0,0,8117976,2,"Australia","New South Wales",NA,"5c4dd6e0"
2020-11-29,52,0,70835,52,41,6,0,0,0,0,0,245562,2,"Australia","Northern Territory",NA,"a079fdb2"
2020-11-29,1201,6,1351572,1201,1181,13,0,0,0,0,0,5115451,2,"Australia","Queensland",NA,"36068882"
2020-11-29,561,4,721797,561,540,0,0,0,0,0,0,1756494,2,"Australia","South Australia",NA,"165128d0"
2020-11-29,230,13,128915,230,217,0,0,0,0,0,0,535500,2,"Australia","Tasmania",NA,"86525f8e"
2020-11-29,20345,822,3569240,20345,19526,0,0,0,0,0,0,6629870,2,"Australia","Victoria",NA,"6c5dccdb"
2020-11-29,818,9,546698,818,785,0,0,0,0,0,0,2630557,2,"Australia","Western Australia",NA,"1f999f12"
2020-11-30,117,3,120194,117,112,0,0,0,0,0,0,428060,2,"Australia","Australian Capital Territory",NA,"f42f23e3"
2020-11-30,4577,54,3472822,4577,2802,3,0,0,0,0,0,8117976,2,"Australia","New South Wales",NA,"5c4dd6e0"
2020-11-30,52,0,71012,52,41,6,0,0,0,0,0,245562,2,"Australia","Northern Territory",NA,"a079fdb2"
2020-11-30,1202,6,1353321,1202,1184,13,0,0,0,0,0,5115451,2,"Australia","Queensland",NA,"36068882"
2020-11-30,562,4,726031,562,544,0,0,0,0,0,0,1756494,2,"Australia","South Australia",NA,"165128d0"
2020-11-30,230,13,129060,230,217,0,0,0,0,0,0,535500,2,"Australia","Tasmania",NA,"86525f8e"
2020-11-30,20345,823,3574270,20345,19525,0,0,0,0,0,0,6629870,2,"Australia","Victoria",NA,"6c5dccdb"
2020-11-30,818,9,553509,818,788,0,0,0,0,0,0,2630557,2,"Australia","Western Australia",NA,"1f999f12"
2020-12-01,117,3,120701,117,112,0,0,0,0,0,0,428060,2,"Australia","Australian Capital Territory",NA,"f42f23e3"
2020-12-01,4582,54,3479457,4582,2802,3,0,0,0,0,0,8117976,2,"Australia","New South Wales",NA,"5c4dd6e0"
2020-12-01,53,0,71369,53,46,7,0,0,0,0,0,245562,2,"Australia","Northern Territory",NA,"a079fdb2"
2020-12-01,1202,6,1356999,1202,1184,11,0,0,0,0,0,5115451,2,"Australia","Queensland",NA,"36068882"
2020-12-01,562,4,732562,562,547,0,0,0,0,0,0,1756494,2,"Australia","South Australia",NA,"165128d0"
2020-12-01,230,13,129344,230,217,0,0,0,0,0,0,535500,2,"Australia","Tasmania",NA,"86525f8e"
2020-12-01,20345,823,3581144,20345,19525,0,0,0,0,0,0,6629870,2,"Australia","Victoria",NA,"6c5dccdb"
2020-12-01,821,9,555761,821,789,0,0,0,0,0,0,2630557,2,"Australia","Western Australia",NA,"1f999f12"
2020-12-02,117,3,121113,117,112,0,0,0,0,0,0,428060,2,"Australia","Australian Capital Territory",NA,"f42f23e3"
2020-12-02,4588,54,3492694,4588,2802,3,0,0,0,0,0,8117976,2,"Australia","New South Wales",NA,"5c4dd6e0"
2020-12-02,53,0,71955,53,46,7,0,0,0,0,0,245562,2,"Australia","Northern Territory",NA,"a079fdb2"
2020-12-02,1205,6,1361580,1205,1186,11,0,0,0,0,0,5115451,2,"Australia","Queensland",NA,"36068882"
2020-12-02,562,4,739299,562,548,0,0,0,0,0,0,1756494,2,"Australia","South Australia",NA,"165128d0"
2020-12-02,230,13,129920,230,217,0,0,0,0,0,0,535500,2,"Australia","Tasmania",NA,"86525f8e"
2020-12-02,20345,823,3593321,20345,19525,0,0,0,0,0,0,6629870,2,"Australia","Victoria",NA,"6c5dccdb"
2020-12-02,823,9,558561,823,795,0,0,0,0,0,0,2630557,2,"Australia","Western Australia",NA,"1f999f12"
2020-12-03,117,3,121534,117,112,0,0,0,0,0,0,428060,2,"Australia","Australian Capital Territory",NA,"f42f23e3"
2020-12-03,4598,54,3506000,4598,2802,4,0,0,0,0,0,8117976,2,"Australia","New South Wales",NA,"5c4dd6e0"
2020-12-03,59,0,72319,59,46,13,0,0,0,0,0,245562,2,"Australia","Northern Territory",NA,"a079fdb2"
2020-12-03,1206,6,1365358,1206,1187,9,0,0,0,0,0,5115451,2,"Australia","Queensland",NA,"36068882"
2020-12-03,562,4,743840,562,549,0,0,0,0,0,0,1756494,2,"Australia","South Australia",NA,"165128d0"
2020-12-03,230,13,130325,230,217,0,0,0,0,0,0,535500,2,"Australia","Tasmania",NA,"86525f8e"
2020-12-03,20345,823,3603415,20345,19525,0,0,0,0,0,0,6629870,2,"Australia","Victoria",NA,"6c5dccdb"
2020-12-03,823,9,561419,823,798,0,0,0,0,0,0,2630557,2,"Australia","Western Australia",NA,"1f999f12"
2020-12-04,117,3,122056,117,112,0,0,0,0,0,0,428060,2,"Australia","Australian Capital Territory",NA,"f42f23e3"
2020-12-04,4603,54,3517128,4603,2802,4,0,0,0,0,0,8117976,2,"Australia","New South Wales",NA,"5c4dd6e0"
2020-12-04,59,0,72780,59,46,13,0,0,0,0,0,245562,2,"Australia","Northern Territory",NA,"a079fdb2"
2020-12-04,1208,6,1368667,1208,1190,10,0,0,0,0,0,5115451,2,"Australia","Queensland",NA,"36068882"
2020-12-04,562,4,747388,562,551,0,0,0,0,0,0,1756494,2,"Australia","South Australia",NA,"165128d0"
2020-12-04,230,13,130693,230,217,0,0,0,0,0,0,535500,2,"Australia","Tasmania",NA,"86525f8e"
2020-12-04,20345,823,3612199,20345,19525,0,0,0,0,0,0,6629870,2,"Australia","Victoria",NA,"6c5dccdb"
2020-12-04,825,9,563757,825,802,0,0,0,0,0,0,2630557,2,"Australia","Western Australia",NA,"1f999f12"
2020-12-05,117,3,122390,117,113,0,0,0,0,0,0,428060,2,"Australia","Australian Capital Territory",NA,"f42f23e3"
2020-12-05,4605,54,3529081,4605,2802,5,0,0,0,0,0,8117976,2,"Australia","New South Wales",NA,"5c4dd6e0"
2020-12-05,59,0,73024,59,46,13,0,0,0,0,0,245562,2,"Australia","Northern Territory",NA,"a079fdb2"
2020-12-05,1210,6,1371644,1210,1191,10,0,0,0,0,0,5115451,2,"Australia","Queensland",NA,"36068882"
2020-12-05,562,4,750639,562,553,0,0,0,0,0,0,1756494,2,"Australia","South Australia",NA,"165128d0"
2020-12-05,230,13,131230,230,217,0,0,0,0,0,0,535500,2,"Australia","Tasmania",NA,"86525f8e"
2020-12-05,20345,823,3619869,20345,19525,0,0,0,0,0,0,6629870,2,"Australia","Victoria",NA,"6c5dccdb"
2020-12-05,828,9,563757,828,805,0,0,0,0,0,0,2630557,2,"Australia","Western Australia",NA,"1f999f12"
2020-12-06,117,3,122571,117,113,0,0,0,0,0,0,428060,2,"Australia","Australian Capital Territory",NA,"f42f23e3"
2020-12-06,4610,54,3538908,4610,2802,5,0,0,0,0,0,8117976,2,"Australia","New South Wales",NA,"5c4dd6e0"
2020-12-06,59,0,73321,59,46,13,0,0,0,0,0,245562,2,"Australia","Northern Territory",NA,"a079fdb2"
2020-12-06,1212,6,1373765,1212,1191,11,0,0,0,0,0,5115451,2,"Australia","Queensland",NA,"36068882"
2020-12-06,562,4,752756,562,553,0,0,0,0,0,0,1756494,2,"Australia","South Australia",NA,"165128d0"
2020-12-06,230,13,131396,230,217,0,0,0,0,0,0,535500,2,"Australia","Tasmania",NA,"86525f8e"
2020-12-06,20345,823,3628246,20345,19525,0,0,0,0,0,0,6629870,2,"Australia","Victoria",NA,"6c5dccdb"
2020-12-06,830,9,563757,830,808,0,0,0,0,0,0,2630557,2,"Australia","Western Australia",NA,"1f999f12"
2020-12-07,117,3,122769,117,113,0,0,0,0,0,0,428060,2,"Australia","Australian Capital Territory",NA,"f42f23e3"
2020-12-07,4614,54,3545134,4614,2802,4,0,0,0,0,0,8117976,2,"Australia","New South Wales",NA,"5c4dd6e0"
2020-12-07,59,0,73631,59,46,13,0,0,0,0,0,245562,2,"Australia","Northern Territory",NA,"a079fdb2"
2020-12-07,1215,6,1375090,1215,1191,16,0,0,0,0,0,5115451,2,"Australia","Queensland",NA,"36068882"
2020-12-07,562,4,754161,562,556,0,0,0,0,0,0,1756494,2,"Australia","South Australia",NA,"165128d0"
2020-12-07,230,13,131565,230,217,0,0,0,0,0,0,535500,2,"Australia","Tasmania",NA,"86525f8e"
2020-12-07,20345,823,3633158,20345,19525,0,0,0,0,0,0,6629870,2,"Australia","Victoria",NA,"6c5dccdb"
2020-12-07,830,9,571245,830,808,0,0,0,0,0,0,2630557,2,"Australia","Western Australia",NA,"1f999f12"
2020-12-08,117,3,123353,117,113,0,0,0,0,0,0,428060,2,"Australia","Australian Capital Territory",NA,"f42f23e3"
2020-12-08,4620,54,3551174,4620,2802,3,0,0,0,0,0,8117976,2,"Australia","New South Wales",NA,"5c4dd6e0"
2020-12-08,61,0,73911,61,47,13,0,0,0,0,0,245562,2,"Australia","Northern Territory",NA,"a079fdb2"
2020-12-08,1221,6,1378254,1221,1191,21,0,0,0,0,0,5115451,2,"Australia","Queensland",NA,"36068882"
2020-12-08,562,4,756603,562,558,0,0,0,0,0,0,1756494,2,"Australia","South Australia",NA,"165128d0"
2020-12-08,230,13,132049,230,217,0,0,0,0,0,0,535500,2,"Australia","Tasmania",NA,"86525f8e"
2020-12-08,20345,823,3640201,20345,19525,0,0,0,0,0,0,6629870,2,"Australia","Victoria",NA,"6c5dccdb"
2020-12-08,831,9,573766,831,810,0,0,0,0,0,0,2630557,2,"Australia","Western Australia",NA,"1f999f12"
2020-12-09,117,3,123932,117,114,0,0,0,0,0,0,428060,2,"Australia","Australian Capital Territory",NA,"f42f23e3"
2020-12-09,4622,54,3565144,4622,2802,3,0,0,0,0,0,8117976,2,"Australia","New South Wales",NA,"5c4dd6e0"
2020-12-09,61,0,74279,61,52,9,0,0,0,0,0,245562,2,"Australia","Northern Territory",NA,"a079fdb2"
2020-12-09,1221,6,1382152,1221,1191,20,0,0,0,0,0,5115451,2,"Australia","Queensland",NA,"36068882"
2020-12-09,562,4,759345,562,558,0,0,0,0,0,0,1756494,2,"Australia","South Australia",NA,"165128d0"
2020-12-09,233,13,132539,233,217,0,0,0,0,0,0,535500,2,"Australia","Tasmania",NA,"86525f8e"
2020-12-09,20345,823,3651779,20345,19525,0,0,0,0,0,0,6629870,2,"Australia","Victoria",NA,"6c5dccdb"
2020-12-09,832,9,576673,832,810,0,0,0,0,0,0,2630557,2,"Australia","Western Australia",NA,"1f999f12"
2020-12-10,117,3,124498,117,114,0,0,0,0,0,0,428060,2,"Australia","Australian Capital Territory",NA,"f42f23e3"
2020-12-10,4624,54,3579652,4624,2802,3,0,0,0,0,0,8117976,2,"Australia","New South Wales",NA,"5c4dd6e0"
2020-12-10,62,0,74604,62,52,10,0,0,0,0,0,245562,2,"Australia","Northern Territory",NA,"a079fdb2"
2020-12-10,1225,6,1385677,1225,1196,22,0,0,0,0,0,5115451,2,"Australia","Queensland",NA,"36068882"
2020-12-10,562,4,762582,562,558,0,0,0,0,0,0,1756494,2,"Australia","South Australia",NA,"165128d0"
2020-12-10,234,13,133315,234,217,3,0,0,0,0,0,535500,2,"Australia","Tasmania",NA,"86525f8e"
2020-12-10,20345,823,3663404,20345,19525,0,0,0,0,0,0,6629870,2,"Australia","Victoria",NA,"6c5dccdb"
2020-12-10,832,9,579372,832,811,0,0,0,0,0,0,2630557,2,"Australia","Western Australia",NA,"1f999f12"
2020-12-11,117,3,125004,117,114,0,0,0,0,0,0,428060,2,"Australia","Australian Capital Territory",NA,"f42f23e3"
2020-12-11,4633,54,3591274,4633,2802,3,0,0,0,0,0,8117976,2,"Australia","New South Wales",NA,"5c4dd6e0"
2020-12-11,62,0,75104,62,52,10,0,0,0,0,0,245562,2,"Australia","Northern Territory",NA,"a079fdb2"
2020-12-11,1225,6,1388985,1225,1197,22,0,0,0,0,0,5115451,2,"Australia","Queensland",NA,"36068882"
2020-12-11,562,4,765133,562,558,0,0,0,0,0,0,1756494,2,"Australia","South Australia",NA,"165128d0"
2020-12-11,234,13,133680,234,217,3,0,0,0,0,0,535500,2,"Australia","Tasmania",NA,"86525f8e"
2020-12-11,20345,823,3673164,20345,19525,0,0,0,0,0,0,6629870,2,"Australia","Victoria",NA,"6c5dccdb"
2020-12-11,834,9,581566,834,813,0,0,0,0,0,0,2630557,2,"Australia","Western Australia",NA,"1f999f12"
2020-12-12,117,3,125246,117,114,0,0,0,0,0,0,428060,2,"Australia","Australian Capital Territory",NA,"f42f23e3"
2020-12-12,4639,54,3601488,4639,2802,4,0,0,0,0,0,8117976,2,"Australia","New South Wales",NA,"5c4dd6e0"
2020-12-12,62,0,75401,62,52,10,0,0,0,0,0,245562,2,"Australia","Northern Territory",NA,"a079fdb2"
2020-12-12,1226,6,1392201,1226,1199,23,0,0,0,0,0,5115451,2,"Australia","Queensland",NA,"36068882"
2020-12-12,562,4,767293,562,558,0,0,0,0,0,0,1756494,2,"Australia","South Australia",NA,"165128d0"
2020-12-12,234,13,134205,234,217,3,0,0,0,0,0,535500,2,"Australia","Tasmania",NA,"86525f8e"
2020-12-12,20350,823,3681901,20350,19525,0,0,0,0,0,0,6629870,2,"Australia","Victoria",NA,"6c5dccdb"
2020-12-12,835,9,581566,835,815,0,0,0,0,0,0,2630557,2,"Australia","Western Australia",NA,"1f999f12"
2020-12-13,117,3,125469,117,114,0,0,0,0,0,0,428060,2,"Australia","Australian Capital Territory",NA,"f42f23e3"
2020-12-13,4642,54,3610621,4642,2802,2,0,0,0,0,0,8117976,2,"Australia","New South Wales",NA,"5c4dd6e0"
2020-12-13,62,0,75733,62,52,11,0,0,0,0,0,245562,2,"Australia","Northern Territory",NA,"a079fdb2"
2020-12-13,1226,6,1395047,1226,1202,21,0,0,0,0,0,5115451,2,"Australia","Queensland",NA,"36068882"
2020-12-13,562,4,768928,562,558,0,0,0,0,0,0,1756494,2,"Australia","South Australia",NA,"165128d0"
2020-12-13,234,13,134496,234,217,0,0,0,0,0,0,535500,2,"Australia","Tasmania",NA,"86525f8e"
2020-12-13,20351,823,3688134,20351,19525,0,0,0,0,0,0,6629870,2,"Australia","Victoria",NA,"6c5dccdb"
2020-12-13,836,9,581566,836,816,0,0,0,0,0,0,2630557,2,"Australia","Western Australia",NA,"1f999f12"
2020-12-14,117,3,125712,117,114,0,0,0,0,0,0,428060,2,"Australia","Australian Capital Territory",NA,"f42f23e3"
2020-12-14,4645,54,3616794,4645,2802,3,1,0,0,0,0,8117976,2,"Australia","New South Wales",NA,"5c4dd6e0"
2020-12-14,64,0,75967,64,58,6,0,0,0,0,0,245562,2,"Australia","Northern Territory",NA,"a079fdb2"
2020-12-14,1227,6,1396510,1227,1203,19,0,0,0,0,0,5115451,2,"Australia","Queensland",NA,"36068882"
2020-12-14,563,4,770161,563,558,0,0,0,0,0,0,1756494,2,"Australia","South Australia",NA,"165128d0"
2020-12-14,234,13,134781,234,217,0,0,0,0,0,0,535500,2,"Australia","Tasmania",NA,"86525f8e"
2020-12-14,20352,823,3693158,20352,19525,0,0,0,0,0,0,6629870,2,"Australia","Victoria",NA,"6c5dccdb"
2020-12-14,837,9,587540,837,818,0,0,0,0,0,0,2630557,2,"Australia","Western Australia",NA,"1f999f12"
2020-12-15,117,3,126359,117,114,0,0,0,0,0,0,428060,2,"Australia","Australian Capital Territory",NA,"f42f23e3"
2020-12-15,4650,54,3622127,4650,2802,4,1,0,0,0,0,8117976,2,"Australia","New South Wales",NA,"5c4dd6e0"
2020-12-15,66,0,76337,66,58,8,0,0,0,0,0,245562,2,"Australia","Northern Territory",NA,"a079fdb2"
2020-12-15,1228,6,1398254,1228,1204,19,0,0,0,0,0,5115451,2,"Australia","Queensland",NA,"36068882"
2020-12-15,563,4,771748,563,559,0,0,0,0,0,0,1756494,2,"Australia","South Australia",NA,"165128d0"
2020-12-15,234,13,135294,234,217,0,0,0,0,0,0,535500,2,"Australia","Tasmania",NA,"86525f8e"
2020-12-15,20351,823,3701454,20351,19524,0,0,0,0,0,0,6629870,2,"Australia","Victoria",NA,"6c5dccdb"
2020-12-15,838,9,589756,838,821,0,0,0,0,0,0,2630557,2,"Australia","Western Australia",NA,"1f999f12"
2020-12-16,117,3,126877,117,114,0,0,0,0,0,0,428060,2,"Australia","Australian Capital Territory",NA,"f42f23e3"
2020-12-16,4657,54,3634049,4657,2802,4,1,0,0,0,0,8117976,2,"Australia","New South Wales",NA,"5c4dd6e0"
2020-12-16,66,0,76863,66,58,7,0,0,0,0,0,245562,2,"Australia","Northern Territory",NA,"a079fdb2"
2020-12-16,1229,6,1401800,1229,1204,17,0,0,0,0,0,5115451,2,"Australia","Queensland",NA,"36068882"
2020-12-16,563,4,774529,563,559,0,0,0,0,0,0,1756494,2,"Australia","South Australia",NA,"165128d0"
2020-12-16,234,13,135808,234,217,0,0,0,0,0,0,535500,2,"Australia","Tasmania",NA,"86525f8e"
2020-12-16,20351,823,3711165,20351,19524,0,0,0,0,0,0,6629870,2,"Australia","Victoria",NA,"6c5dccdb"
2020-12-16,842,9,592209,842,821,0,0,0,0,0,0,2630557,2,"Australia","Western Australia",NA,"1f999f12"
2020-12-17,117,3,127208,117,114,0,0,0,0,0,0,428060,2,"Australia","Australian Capital Territory",NA,"f42f23e3"
2020-12-17,4666,54,3644632,4666,2802,5,1,0,0,0,0,8117976,2,"Australia","New South Wales",NA,"5c4dd6e0"
2020-12-17,68,0,77119,68,59,9,0,0,0,0,0,245562,2,"Australia","Northern Territory",NA,"a079fdb2"
2020-12-17,1230,6,1404793,1230,1209,15,0,0,0,0,0,5115451,2,"Australia","Queensland",NA,"36068882"
2020-12-17,563,4,776517,563,559,0,0,0,0,0,0,1756494,2,"Australia","South Australia",NA,"165128d0"
2020-12-17,234,13,136320,234,217,0,0,0,0,0,0,535500,2,"Australia","Tasmania",NA,"86525f8e"
2020-12-17,20351,823,3720642,20351,19524,0,0,0,0,0,0,6629870,2,"Australia","Victoria",NA,"6c5dccdb"
2020-12-17,843,9,594667,843,821,0,0,0,0,0,0,2630557,2,"Australia","Western Australia",NA,"1f999f12"
2020-12-18,117,3,127649,117,114,0,0,0,0,0,0,428060,2,"Australia","Australian Capital Territory",NA,"f42f23e3"
2020-12-18,4682,54,3652163,4682,2802,3,0,0,0,0,0,8117976,2,"Australia","New South Wales",NA,"5c4dd6e0"
2020-12-18,68,0,77560,68,59,10,0,0,0,0,0,245562,2,"Australia","Northern Territory",NA,"a079fdb2"
2020-12-18,1233,6,1408065,1233,1214,11,0,0,0,0,0,5115451,2,"Australia","Queensland",NA,"36068882"
2020-12-18,563,4,778385,563,559,0,0,0,0,0,0,1756494,2,"Australia","South Australia",NA,"165128d0"
2020-12-18,234,13,136504,234,217,0,0,0,0,0,0,535500,2,"Australia","Tasmania",NA,"86525f8e"
2020-12-18,20352,823,3728212,20352,19524,0,0,0,0,0,0,6629870,2,"Australia","Victoria",NA,"6c5dccdb"
2020-12-18,844,9,596371,844,821,0,0,0,0,0,0,2630557,2,"Australia","Western Australia",NA,"1f999f12"
2020-12-19,117,3,128416,117,114,0,0,0,0,0,0,428060,2,"Australia","Australian Capital Territory",NA,"f42f23e3"
2020-12-19,4712,54,3664537,4712,2802,3,0,0,0,0,0,8117976,2,"Australia","New South Wales",NA,"5c4dd6e0"
2020-12-19,71,0,77767,71,59,12,0,0,0,0,0,245562,2,"Australia","Northern Territory",NA,"a079fdb2"
2020-12-19,1232,6,1411993,1232,1214,10,0,0,0,0,0,5115451,2,"Australia","Queensland",NA,"36068882"
2020-12-19,563,4,780732,563,559,0,0,0,0,0,0,1756494,2,"Australia","South Australia",NA,"165128d0"
2020-12-19,234,13,136972,234,217,0,0,0,0,0,0,535500,2,"Australia","Tasmania",NA,"86525f8e"
2020-12-19,20354,823,3737992,20354,19524,0,0,0,0,0,0,6629870,2,"Australia","Victoria",NA,"6c5dccdb"
2020-12-19,845,9,598850,845,822,0,0,0,0,0,0,2630557,2,"Australia","Western Australia",NA,"1f999f12"
2020-12-20,118,3,129169,118,114,0,0,0,0,0,0,428060,2,"Australia","Australian Capital Territory",NA,"f42f23e3"
2020-12-20,4748,54,3692747,4748,2802,3,0,0,0,0,0,8117976,2,"Australia","New South Wales",NA,"5c4dd6e0"
2020-12-20,71,0,77941,71,59,12,0,0,0,0,0,245562,2,"Australia","Northern Territory",NA,"a079fdb2"
2020-12-20,1234,6,1417134,1234,1214,11,0,0,0,0,0,5115451,2,"Australia","Queensland",NA,"36068882"
2020-12-20,566,4,782636,566,559,0,0,0,0,0,0,1756494,2,"Australia","South Australia",NA,"165128d0"
2020-12-20,234,13,137394,234,221,0,0,0,0,0,0,535500,2,"Australia","Tasmania",NA,"86525f8e"
2020-12-20,20356,823,3747763,20356,19524,0,0,0,0,0,0,6629870,2,"Australia","Victoria",NA,"6c5dccdb"
2020-12-20,845,9,598850,845,825,0,0,0,0,0,0,2630557,2,"Australia","Western Australia",NA,"1f999f12"
2020-12-21,118,3,129886,118,114,0,0,0,0,0,0,428060,2,"Australia","Australian Capital Territory",NA,"f42f23e3"
2020-12-21,4771,54,3731325,4771,2802,4,0,0,0,0,0,8117976,2,"Australia","New South Wales",NA,"5c4dd6e0"
2020-12-21,71,0,78179,71,62,9,0,0,0,0,0,245562,2,"Australia","Northern Territory",NA,"a079fdb2"
2020-12-21,1235,6,1421147,1235,1214,10,0,0,0,0,0,5115451,2,"Australia","Queensland",NA,"36068882"
2020-12-21,566,4,784984,566,559,0,0,0,0,0,0,1756494,2,"Australia","South Australia",NA,"165128d0"
2020-12-21,234,13,138227,234,221,0,0,0,0,0,0,535500,2,"Australia","Tasmania",NA,"86525f8e"
2020-12-21,20357,823,3761458,20357,19524,0,0,0,0,0,0,6629870,2,"Australia","Victoria",NA,"6c5dccdb"
2020-12-21,846,9,606280,846,826,0,0,0,0,0,0,2630557,2,"Australia","Western Australia",NA,"1f999f12"
2020-12-22,118,3,130927,118,114,0,0,0,0,0,0,428060,2,"Australia","Australian Capital Territory",NA,"f42f23e3"
2020-12-22,4789,54,3775791,4789,2802,3,0,0,0,0,0,8117976,2,"Australia","New South Wales",NA,"5c4dd6e0"
2020-12-22,71,0,78621,71,62,9,0,0,0,0,0,245562,2,"Australia","Northern Territory",NA,"a079fdb2"
2020-12-22,1235,6,1429412,1235,1215,10,0,0,0,0,0,5115451,2,"Australia","Queensland",NA,"36068882"
2020-12-22,566,4,789038,566,559,0,0,0,0,0,0,1756494,2,"Australia","South Australia",NA,"165128d0"
2020-12-22,234,13,139134,234,221,0,0,0,0,0,0,535500,2,"Australia","Tasmania",NA,"86525f8e"
2020-12-22,20360,823,3776979,20360,19529,0,0,0,0,0,0,6629870,2,"Australia","Victoria",NA,"6c5dccdb"
2020-12-22,846,9,607678,846,827,0,0,0,0,0,0,2630557,2,"Australia","Western Australia",NA,"1f999f12"
2020-12-23,118,3,132535,118,114,0,0,0,0,0,0,428060,2,"Australia","Australian Capital Territory",NA,"f42f23e3"
2020-12-23,4805,54,3817656,4805,2802,2,0,0,0,0,0,8117976,2,"Australia","New South Wales",NA,"5c4dd6e0"
2020-12-23,71,0,79341,71,62,9,0,0,0,0,0,245562,2,"Australia","Northern Territory",NA,"a079fdb2"
2020-12-23,1236,6,1442575,1236,1215,9,0,0,0,0,0,5115451,2,"Australia","Queensland",NA,"36068882"
2020-12-23,566,4,795350,566,559,0,0,0,0,0,0,1756494,2,"Australia","South Australia",NA,"165128d0"
2020-12-23,234,13,139975,234,221,0,0,0,0,0,0,535500,2,"Australia","Tasmania",NA,"86525f8e"
2020-12-23,20361,823,3799935,20361,19531,0,0,0,0,0,0,6629870,2,"Australia","Victoria",NA,"6c5dccdb"
2020-12-23,846,9,609886,846,828,0,0,0,0,0,0,2630557,2,"Australia","Western Australia",NA,"1f999f12"
2020-12-24,118,3,133371,118,114,0,0,0,0,0,0,428060,2,"Australia","Australian Capital Territory",NA,"f42f23e3"
2020-12-24,4823,54,3877840,4823,2802,1,0,0,0,0,0,8117976,2,"Australia","New South Wales",NA,"5c4dd6e0"
2020-12-24,73,0,79985,73,62,11,0,0,0,0,0,245562,2,"Australia","Northern Territory",NA,"a079fdb2"
2020-12-24,1238,6,1453021,1238,1216,9,0,0,0,0,0,5115451,2,"Australia","Queensland",NA,"36068882"
2020-12-24,568,4,800357,568,560,0,0,0,0,0,0,1756494,2,"Australia","South Australia",NA,"165128d0"
2020-12-24,234,13,140640,234,221,0,0,0,0,0,0,535500,2,"Australia","Tasmania",NA,"86525f8e"
2020-12-24,20361,823,3819164,20361,19531,0,0,0,0,0,0,6629870,2,"Australia","Victoria",NA,"6c5dccdb"
2020-12-24,847,9,612889,847,830,0,0,0,0,0,0,2630557,2,"Australia","Western Australia",NA,"1f999f12"
2020-12-25,118,3,134156,118,114,0,0,0,0,0,0,428060,2,"Australia","Australian Capital Territory",NA,"f42f23e3"
2020-12-25,4832,54,3947649,4832,2802,1,0,0,0,0,0,8117976,2,"Australia","New South Wales",NA,"5c4dd6e0"
2020-12-25,73,0,79985,73,62,11,0,0,0,0,0,245562,2,"Australia","Northern Territory",NA,"a079fdb2"
2020-12-25,1240,6,1458226,1240,1217,12,0,0,0,0,0,5115451,2,"Australia","Queensland",NA,"36068882"
2020-12-25,570,4,805697,570,562,0,0,0,0,0,0,1756494,2,"Australia","South Australia",NA,"165128d0"
2020-12-25,234,13,141498,234,221,0,0,0,0,0,0,535500,2,"Australia","Tasmania",NA,"86525f8e"
2020-12-25,20361,823,3830531,20361,19531,0,0,0,0,0,0,6629870,2,"Australia","Victoria",NA,"6c5dccdb"
2020-12-25,848,9,612889,848,832,0,0,0,0,0,0,2630557,2,"Australia","Western Australia",NA,"1f999f12"
2020-12-26,118,3,134463,118,114,0,0,0,0,0,0,428060,2,"Australia","Australian Capital Territory",NA,"f42f23e3"
2020-12-26,4847,54,3986782,4847,2802,1,0,0,0,0,0,8117976,2,"Australia","New South Wales",NA,"5c4dd6e0"
2020-12-26,73,0,80727,73,62,11,0,0,0,0,0,245562,2,"Australia","Northern Territory",NA,"a079fdb2"
2020-12-26,1241,6,1460171,1241,1217,11,0,0,0,0,0,5115451,2,"Australia","Queensland",NA,"36068882"
2020-12-26,569,4,809532,569,561,0,0,0,0,0,0,1756494,2,"Australia","South Australia",NA,"165128d0"
2020-12-26,234,13,141498,234,221,0,0,0,0,0,0,535500,2,"Australia","Tasmania",NA,"86525f8e"
2020-12-26,20361,823,3835438,20361,19531,0,0,0,0,0,0,6629870,2,"Australia","Victoria",NA,"6c5dccdb"
2020-12-26,853,9,612889,853,832,0,0,0,0,0,0,2630557,2,"Australia","Western Australia",NA,"1f999f12"
2020-12-27,118,3,134815,118,114,0,0,0,0,0,0,428060,2,"Australia","Australian Capital Territory",NA,"f42f23e3"
2020-12-27,4858,54,4010715,4858,2802,1,0,0,0,0,0,8117976,2,"Australia","New South Wales",NA,"5c4dd6e0"
2020-12-27,73,0,80867,73,62,11,0,0,0,0,0,245562,2,"Australia","Northern Territory",NA,"a079fdb2"
2020-12-27,1241,6,1461787,1241,1217,11,0,0,0,0,0,5115451,2,"Australia","Queensland",NA,"36068882"
2020-12-27,571,4,812704,571,562,2,0,0,0,0,0,1756494,2,"Australia","South Australia",NA,"165128d0"
2020-12-27,234,13,141713,234,221,0,0,0,0,0,0,535500,2,"Australia","Tasmania",NA,"86525f8e"
2020-12-27,20362,823,3841286,20362,19532,0,0,0,0,0,0,6629870,2,"Australia","Victoria",NA,"6c5dccdb"
2020-12-27,855,9,612889,855,832,0,0,0,0,0,0,2630557,2,"Australia","Western Australia",NA,"1f999f12"
2020-12-28,118,3,135182,118,114,0,0,0,0,0,0,428060,2,"Australia","Australian Capital Territory",NA,"f42f23e3"
2020-12-28,4872,55,4026079,4872,2802,2,0,0,0,0,0,8117976,2,"Australia","New South Wales",NA,"5c4dd6e0"
2020-12-28,73,0,80987,73,67,6,0,0,0,0,0,245562,2,"Australia","Northern Territory",NA,"a079fdb2"
2020-12-28,1246,6,1464891,1246,1218,9,0,0,0,0,0,5115451,2,"Australia","Queensland",NA,"36068882"
2020-12-28,572,4,817061,572,563,2,0,0,0,0,0,1756494,2,"Australia","South Australia",NA,"165128d0"
2020-12-28,234,13,141947,234,221,0,0,0,0,0,0,535500,2,"Australia","Tasmania",NA,"86525f8e"
2020-12-28,20364,823,3847166,20364,19533,0,0,0,0,0,0,6629870,2,"Australia","Victoria",NA,"6c5dccdb"
2020-12-28,858,9,612889,858,834,0,0,0,0,0,0,2630557,2,"Australia","Western Australia",NA,"1f999f12"
2020-12-29,118,3,135661,118,114,0,0,0,0,0,0,428060,2,"Australia","Australian Capital Territory",NA,"f42f23e3"
2020-12-29,4881,55,4042408,4881,2802,4,0,0,0,0,0,8117976,2,"Australia","New South Wales",NA,"5c4dd6e0"
2020-12-29,74,0,81357,74,67,7,0,0,0,0,0,245562,2,"Australia","Northern Territory",NA,"a079fdb2"
2020-12-29,1248,6,1467304,1248,1218,11,0,0,0,0,0,5115451,2,"Australia","Queensland",NA,"36068882"
2020-12-29,572,4,821431,572,563,2,0,0,0,0,0,1756494,2,"Australia","South Australia",NA,"165128d0"
2020-12-29,234,13,142413,234,221,0,0,0,0,0,0,535500,2,"Australia","Tasmania",NA,"86525f8e"
2020-12-29,20364,823,3854065,20364,19537,0,0,0,0,0,0,6629870,2,"Australia","Victoria",NA,"6c5dccdb"
2020-12-29,859,9,620875,859,836,0,0,0,0,0,0,2630557,2,"Australia","Western Australia",NA,"1f999f12"
2020-12-30,118,3,136253,118,114,0,0,0,0,0,0,428060,2,"Australia","Australian Capital Territory",NA,"f42f23e3"
2020-12-30,4906,55,4059675,4906,2802,2,0,0,0,0,0,8117976,2,"Australia","New South Wales",NA,"5c4dd6e0"
2020-12-30,74,0,81826,74,70,4,0,0,0,0,0,245562,2,"Australia","Northern Territory",NA,"a079fdb2"
2020-12-30,1250,6,1472222,1250,1218,11,0,0,0,0,0,5115451,2,"Australia","Queensland",NA,"36068882"
2020-12-30,575,4,826360,575,563,2,0,0,0,0,0,1756494,2,"Australia","South Australia",NA,"165128d0"
2020-12-30,234,13,143010,234,221,0,0,0,0,0,0,535500,2,"Australia","Tasmania",NA,"86525f8e"
2020-12-30,20365,823,3862796,20365,19537,0,0,0,0,0,0,6629870,2,"Australia","Victoria",NA,"6c5dccdb"
2020-12-30,859,9,623685,859,838,0,0,0,0,0,0,2630557,2,"Australia","Western Australia",NA,"1f999f12"
2020-12-31,118,3,136942,118,114,0,0,0,0,0,0,428060,2,"Australia","Australian Capital Territory",NA,"f42f23e3"
2020-12-31,4923,55,4087569,4923,2802,3,0,0,0,0,0,8117976,2,"Australia","New South Wales",NA,"5c4dd6e0"
2020-12-31,74,0,82325,74,70,4,0,0,0,0,0,245562,2,"Australia","Northern Territory",NA,"a079fdb2"
2020-12-31,1253,6,1477108,1253,1218,14,0,0,0,0,0,5115451,2,"Australia","Queensland",NA,"36068882"
2020-12-31,576,4,830746,576,565,1,0,0,0,0,0,1756494,2,"Australia","South Australia",NA,"165128d0"
2020-12-31,234,13,143606,234,221,0,0,0,0,0,0,535500,2,"Australia","Tasmania",NA,"86525f8e"
2020-12-31,20368,823,3875893,20368,19538,0,0,0,0,0,0,6629870,2,"Australia","Victoria",NA,"6c5dccdb"
2020-12-31,861,9,626447,861,838,0,0,0,0,0,0,2630557,2,"Australia","Western Australia",NA,"1f999f12"
2021-01-01,118,3,137516,118,114,0,0,0,0,0,0,428060,2,"Australia","Australian Capital Territory",NA,"f42f23e3"
2021-01-01,4928,55,4119579,4928,2802,2.44,0,0,0,0,0,8117976,2,"Australia","New South Wales",NA,"5c4dd6e0"
2021-01-01,75,0,82714,75,71,4,0,0,0,0,0,245562,2,"Australia","Northern Territory",NA,"a079fdb2"
2021-01-01,1253,6,1482213,1253,1218,13,0,0,0,0,0,5115451,2,"Australia","Queensland",NA,"36068882"
2021-01-01,580,4,835279,580,565,1,0,0,0,0,0,1756494,2,"Australia","South Australia",NA,"165128d0"
2021-01-01,234,13,144233,234,221,0,0,0,0,0,0,535500,2,"Australia","Tasmania",NA,"86525f8e"
2021-01-01,20376,823,3889001,20376,19538,0,0,0,0,0,0,6629870,2,"Australia","Victoria",NA,"6c5dccdb"
2021-01-01,863,9,626447,863,838,0,0,0,0,0,0,2630557,2,"Australia","Western Australia",NA,"1f999f12"
2021-01-02,118,3,138054,118,114,0,0,0,0,0,0,428060,2,"Australia","Australian Capital Territory",NA,"f42f23e3"
2021-01-02,4947,55,4151443,4947,2802,1.24,0,0,0,0,0,8117976,2,"Australia","New South Wales",NA,"5c4dd6e0"
2021-01-02,82,0,83061,82,71,11,0,0,0,0,0,245562,2,"Australia","Northern Territory",NA,"a079fdb2"
2021-01-02,1255,6,1485573,1255,1224,13,0,0,0,0,0,5115451,2,"Australia","Queensland",NA,"36068882"
2021-01-02,580,4,841246,580,566,0,0,0,0,0,0,1756494,2,"Australia","South Australia",NA,"165128d0"
2021-01-02,234,13,144432,234,221,0,0,0,0,0,0,535500,2,"Australia","Tasmania",NA,"86525f8e"
2021-01-02,20388,823,3907338,20388,19539,0,0,0,0,0,0,6629870,2,"Australia","Victoria",NA,"6c5dccdb"
2021-01-02,866,9,626447,866,838,0,0,0,0,0,0,2630557,2,"Australia","Western Australia",NA,"1f999f12"
2021-01-03,118,3,138827,118,114,0,0,0,0,0,0,428060,2,"Australia","Australian Capital Territory",NA,"f42f23e3"
2021-01-03,4958,55,4170366,4958,2802,1.25,0,0,0,0,0,8117976,2,"Australia","New South Wales",NA,"5c4dd6e0"
2021-01-03,81,0,83251,81,69,11,0,0,0,0,0,245562,2,"Australia","Northern Territory",NA,"a079fdb2"
2021-01-03,1255,6,1488315,1255,1232,13,0,0,0,0,0,5115451,2,"Australia","Queensland",NA,"36068882"
2021-01-03,579,4,846789,579,566,0,0,0,0,0,0,1756494,2,"Australia","South Australia",NA,"165128d0"
2021-01-03,234,13,144920,234,221,0,0,0,0,0,0,535500,2,"Australia","Tasmania",NA,"86525f8e"
2021-01-03,20391,823,3929815,20391,19539,1,0,0,0,0,0,6629870,2,"Australia","Victoria",NA,"6c5dccdb"
2021-01-03,867,9,626447,867,839,0,0,0,0,0,0,2630557,2,"Australia","Western Australia",NA,"1f999f12"
2021-01-04,118,3,139607,118,114,0,0,0,0,0,0,428060,2,"Australia","Australian Capital Territory",NA,"f42f23e3"
2021-01-04,4965,55,4192641,4965,2802,1.15,0,0,0,0,0,8117976,2,"Australia","New South Wales",NA,"5c4dd6e0"
2021-01-04,82,0,83661,82,69,11,0,0,0,0,0,245562,2,"Australia","Northern Territory",NA,"a079fdb2"
2021-01-04,1260,6,1494611,1260,1232,13,0,0,0,0,0,5115451,2,"Australia","Queensland",NA,"36068882"
2021-01-04,583,4,851395,583,566,0,0,0,0,0,0,1756494,2,"Australia","South Australia",NA,"165128d0"
2021-01-04,234,13,145413,234,221,0,0,0,0,0,0,535500,2,"Australia","Tasmania",NA,"86525f8e"
2021-01-04,20395,823,3962283,20395,19539,1,0,0,0,0,0,6629870,2,"Australia","Victoria",NA,"6c5dccdb"
2021-01-04,868,9,636386,868,839,0,0,0,0,0,0,2630557,2,"Australia","Western Australia",NA,"1f999f12"
2021-01-05,118,3,140672,118,114,0,0,0,0,0,0,428060,2,"Australia","Australian Capital Territory",NA,"f42f23e3"
2021-01-05,4973,55,4219032,4973,2802,1.17,0,0,0,0,0,8117976,2,"Australia","New South Wales",NA,"5c4dd6e0"
2021-01-05,87,0,84307,87,69,13,0,0,0,0,0,245562,2,"Australia","Northern Territory",NA,"a079fdb2"
2021-01-05,1262,6,1508283,1262,1233,17,0,0,0,0,0,5115451,2,"Australia","Queensland",NA,"36068882"
2021-01-05,581,4,857272,581,567,0,0,0,0,0,0,1756494,2,"Australia","South Australia",NA,"165128d0"
2021-01-05,234,13,146074,234,221,0,0,0,0,0,0,535500,2,"Australia","Tasmania",NA,"86525f8e"
2021-01-05,20399,823,3994827,20399,19541,1,0,0,0,0,0,6629870,2,"Australia","Victoria",NA,"6c5dccdb"
2021-01-05,869,9,640205,869,845,0,0,0,0,0,0,2630557,2,"Australia","Western Australia",NA,"1f999f12"
2021-01-06,118,3,141666,118,114,0,0,0,0,0,0,428060,2,"Australia","Australian Capital Territory",NA,"f42f23e3"
2021-01-06,4978,55,4251699,4978,2802,1.12,0,0,0,0,0,8117976,2,"Australia","New South Wales",NA,"5c4dd6e0"
2021-01-06,87,0,84873,87,69,16,0,0,0,0,0,245562,2,"Australia","Northern Territory",NA,"a079fdb2"
2021-01-06,1263,6,1526667,1263,1233,18,0,0,0,0,0,5115451,2,"Australia","Queensland",NA,"36068882"
2021-01-06,582,4,863526,582,567,0,0,0,0,0,0,1756494,2,"Australia","South Australia",NA,"165128d0"
2021-01-06,234,13,146903,234,221,0,0,0,0,0,0,535500,2,"Australia","Tasmania",NA,"86525f8e"
2021-01-06,20402,823,4032336,20402,19541,1,0,0,0,0,0,6629870,2,"Australia","Victoria",NA,"6c5dccdb"
2021-01-06,872,9,644276,872,845,1,0,0,0,0,0,2630557,2,"Australia","Western Australia",NA,"1f999f12"
2021-01-07,118,3,142657,118,114,0,0,0,0,0,0,428060,2,"Australia","Australian Capital Territory",NA,"f42f23e3"
2021-01-07,4984,55,4279578,4984,2802,1.14,0,0,0,0,0,8117976,2,"Australia","New South Wales",NA,"5c4dd6e0"
2021-01-07,87,0,85462,87,69,17,0,0,0,0,0,245562,2,"Australia","Northern Territory",NA,"a079fdb2"
2021-01-07,1265,6,1542176,1265,1234,19,0,0,0,0,0,5115451,2,"Australia","Queensland",NA,"36068882"
2021-01-07,582,4,868956,582,568,0,0,0,0,0,0,1756494,2,"Australia","South Australia",NA,"165128d0"
2021-01-07,234,13,147692,234,221,0,0,0,0,0,0,535500,2,"Australia","Tasmania",NA,"86525f8e"
2021-01-07,20402,823,4065103,20402,19544,0,0,0,0,0,0,6629870,2,"Australia","Victoria",NA,"6c5dccdb"
2021-01-07,874,9,648211,874,847,1,0,0,0,0,0,2630557,2,"Australia","Western Australia",NA,"1f999f12"
2021-01-08,118,3,143567,118,114,0,0,0,0,0,0,428060,2,"Australia","Australian Capital Territory",NA,"f42f23e3"
2021-01-08,4995,55,4305690,4995,2802,1.15,0,0,0,0,0,8117976,2,"Australia","New South Wales",NA,"5c4dd6e0"
2021-01-08,88,0,86165,88,69,17,0,0,0,0,0,245562,2,"Australia","Northern Territory",NA,"a079fdb2"
2021-01-08,1274,6,1555273,1274,1239,22,0,0,0,0,0,5115451,2,"Australia","Queensland",NA,"36068882"
2021-01-08,585,4,874438,585,569,0,0,0,0,0,0,1756494,2,"Australia","South Australia",NA,"165128d0"
2021-01-08,234,13,148097,234,221,0,0,0,0,0,0,535500,2,"Australia","Tasmania",NA,"86525f8e"
2021-01-08,20403,823,4088211,20403,19544,0,0,0,0,0,0,6629870,2,"Australia","Victoria",NA,"6c5dccdb"
2021-01-08,874,9,650942,874,847,1,0,0,0,0,0,2630557,2,"Australia","Western Australia",NA,"1f999f12"
2021-01-09,118,3,144958,118,114,0,0,0,0,0,0,428060,2,"Australia","Australian Capital Territory",NA,"f42f23e3"
2021-01-09,5001,55,4331336,5001,2802,1.1,0,0,0,0,0,8117976,2,"Australia","New South Wales",NA,"5c4dd6e0"
2021-01-09,89,0,86753,89,69,17,0,0,0,0,0,245562,2,"Australia","Northern Territory",NA,"a079fdb2"
2021-01-09,1274,6,1570057,1274,1239,21,0,0,0,0,0,5115451,2,"Australia","Queensland",NA,"36068882"
2021-01-09,587,4,878711,587,568,0,0,0,0,0,0,1756494,2,"Australia","South Australia",NA,"165128d0"
2021-01-09,234,13,148887,234,221,0,0,0,0,0,0,535500,2,"Australia","Tasmania",NA,"86525f8e"
2021-01-09,20404,823,4116496,20404,19544,0,0,0,0,0,0,6629870,2,"Australia","Victoria",NA,"6c5dccdb"
2021-01-09,875,9,650942,875,849,1,0,0,0,0,0,2630557,2,"Australia","Western Australia",NA,"1f999f12"
2021-01-10,118,3,145725,118,114,0,0,0,0,0,0,428060,2,"Australia","Australian Capital Territory",NA,"f42f23e3"
2021-01-10,5007,55,4355099,5007,2802,1.09,0,0,0,0,0,8117976,2,"Australia","New South Wales",NA,"5c4dd6e0"
2021-01-10,90,0,87492,90,69,19,0,0,0,0,0,245562,2,"Australia","Northern Territory",NA,"a079fdb2"
2021-01-10,1274,6,1589209,1274,1241,20,0,0,0,0,0,5115451,2,"Australia","Queensland",NA,"36068882"
2021-01-10,587,4,883694,587,568,0,0,0,0,0,0,1756494,2,"Australia","South Australia",NA,"165128d0"
2021-01-10,234,13,149659,234,221,0,0,0,0,0,0,535500,2,"Australia","Tasmania",NA,"86525f8e"
2021-01-10,20410,823,4139908,20410,19545,0,0,0,0,0,0,6629870,2,"Australia","Victoria",NA,"6c5dccdb"
2021-01-10,875,9,653681,875,851,1,0,0,0,0,0,2630557,2,"Australia","Western Australia",NA,"1f999f12"
2021-01-11,118,3,147506,118,115,0,0,0,0,0,0,428060,2,"Australia","Australian Capital Territory",NA,"f42f23e3"
2021-01-11,5018,55,4373669,5018,2802,1.08,0,1,0,0,0,8117976,2,"Australia","New South Wales",NA,"5c4dd6e0"
2021-01-11,90,0,88324,90,71,19,0,0,0,0,0,245562,2,"Australia","Northern Territory",NA,"a079fdb2"
2021-01-11,1278,6,1608113,1278,1243,24,0,0,0,0,0,5115451,2,"Australia","Queensland",NA,"36068882"
2021-01-11,588,4,889156,588,569,0,0,0,0,0,0,1756494,2,"Australia","South Australia",NA,"165128d0"
2021-01-11,234,13,150329,234,221,0,0,0,0,0,0,535500,2,"Australia","Tasmania",NA,"86525f8e"
2021-01-11,20411,823,4158568,20411,19551,0,0,0,0,0,0,6629870,2,"Australia","Victoria",NA,"6c5dccdb"
2021-01-11,877,9,663760,877,851,1,0,0,0,0,0,2630557,2,"Australia","Western Australia",NA,"1f999f12"
2021-01-12,118,3,148660,118,115,0,0,0,0,0,0,428060,2,"Australia","Australian Capital Territory",NA,"f42f23e3"
2021-01-12,5034,55,4388407,5034,2802,2.36,0,1,0,0,0,8117976,2,"Australia","New South Wales",NA,"5c4dd6e0"
2021-01-12,90,0,89317,90,71,19,0,0,0,0,0,245562,2,"Australia","Northern Territory",NA,"a079fdb2"
2021-01-12,1281,6,1621595,1281,1243,25,0,0,0,0,0,5115451,2,"Australia","Queensland",NA,"36068882"
2021-01-12,588,4,893844,588,569,0,0,0,0,0,0,1756494,2,"Australia","South Australia",NA,"165128d0"
2021-01-12,234,13,150946,234,221,0,0,0,0,0,0,535500,2,"Australia","Tasmania",NA,"86525f8e"
2021-01-12,20411,823,4176707,20411,19553,0,0,0,0,0,0,6629870,2,"Australia","Victoria",NA,"6c5dccdb"
2021-01-12,878,9,670126,878,855,1,0,0,0,0,0,2630557,2,"Australia","Western Australia",NA,"1f999f12"
2021-01-13,118,3,149505,118,115,0,0,0,0,0,0,428060,2,"Australia","Australian Capital Territory",NA,"f42f23e3"
2021-01-13,5041,55,4409071,5041,2802,2.62,1,1,0,0,0,8117976,2,"Australia","New South Wales",NA,"5c4dd6e0"
2021-01-13,91,0,90442,91,74,17,0,0,0,0,0,245562,2,"Australia","Northern Territory",NA,"a079fdb2"
2021-01-13,1283,6,1642210,1283,1243,23,0,0,0,0,0,5115451,2,"Australia","Queensland",NA,"36068882"
2021-01-13,590,4,899056,590,574,0,0,0,0,0,0,1756494,2,"Australia","South Australia",NA,"165128d0"
2021-01-13,234,13,151539,234,221,0,0,0,0,0,0,535500,2,"Australia","Tasmania",NA,"86525f8e"
2021-01-13,20414,823,4194615,20414,19559,0,0,0,0,0,0,6629870,2,"Australia","Victoria",NA,"6c5dccdb"
2021-01-13,879,9,672939,879,855,1,0,0,0,0,0,2630557,2,"Australia","Western Australia",NA,"1f999f12"
2021-01-14,118,3,149539,118,115,0,0,0,0,0,0,428060,2,"Australia","Australian Capital Territory",NA,"f42f23e3"
2021-01-14,5043,55,4429508,5043,2802,2.38,1,1,0,0,0,8117976,2,"Australia","New South Wales",NA,"5c4dd6e0"
2021-01-14,93,0,91376,93,74,19,0,0,0,0,0,245562,2,"Australia","Northern Territory",NA,"a079fdb2"
2021-01-14,1287,6,1655271,1287,1245,25,0,0,0,0,0,5115451,2,"Australia","Queensland",NA,"36068882"
2021-01-14,590,4,904906,590,575,0,0,0,0,0,0,1756494,2,"Australia","South Australia",NA,"165128d0"
2021-01-14,234,13,152112,234,221,0,0,0,0,0,0,535500,2,"Australia","Tasmania",NA,"86525f8e"
2021-01-14,20412,823,4211148,20412,19563,0,0,0,0,0,0,6629870,2,"Australia","Victoria",NA,"6c5dccdb"
2021-01-14,881,9,678687,881,855,1,0,0,0,0,0,2630557,2,"Australia","Western Australia",NA,"1f999f12"
2021-01-15,118,3,150609,118,115,0,0,0,0,0,0,428060,2,"Australia","Australian Capital Territory",NA,"f42f23e3"
2021-01-15,5045,55,4445578,5045,2802,3.39,1,1,0,0,0,8117976,2,"Australia","New South Wales",NA,"5c4dd6e0"
2021-01-15,93,0,92060,93,74,19,0,0,0,0,0,245562,2,"Australia","Northern Territory",NA,"a079fdb2"
2021-01-15,1290,6,1666091,1290,1245,29,0,0,0,0,0,5115451,2,"Australia","Queensland",NA,"36068882"
2021-01-15,591,4,911391,591,577,0,0,0,0,0,0,1756494,2,"Australia","South Australia",NA,"165128d0"
2021-01-15,234,13,152544,234,221,0,0,0,0,0,0,535500,2,"Australia","Tasmania",NA,"86525f8e"
2021-01-15,20414,823,4226158,20414,19566,0,0,0,0,0,0,6629870,2,"Australia","Victoria",NA,"6c5dccdb"
2021-01-15,884,9,683322,884,857,0,0,0,0,0,0,2630557,2,"Australia","Western Australia",NA,"1f999f12"
2021-01-16,118,3,150700,118,115,0,0,0,0,0,0,428060,2,"Australia","Australian Capital Territory",NA,"f42f23e3"
2021-01-16,5057,55,4460152,5057,2802,3,1,0,0,0,0,8117976,2,"Australia","New South Wales",NA,"5c4dd6e0"
2021-01-16,93,0,92757,93,74,14,0,0,0,0,0,245562,2,"Australia","Northern Territory",NA,"a079fdb2"
2021-01-16,1291,6,1675612,1291,1248,29,1,0,0,0,0,5115451,2,"Australia","Queensland",NA,"36068882"
2021-01-16,593,4,915555,593,577,0,0,0,0,0,0,1756494,2,"Australia","South Australia",NA,"165128d0"
2021-01-16,234,13,153196,234,221,0,0,0,0,0,0,535500,2,"Australia","Tasmania",NA,"86525f8e"
2021-01-16,20417,823,4241115,20417,19571,1,0,0,0,0,0,6629870,2,"Australia","Victoria",NA,"6c5dccdb"
2021-01-16,886,9,683322,886,862,0,0,0,0,0,0,2630557,2,"Australia","Western Australia",NA,"1f999f12"
2021-01-17,118,3,151196,118,115,0,0,0,0,0,0,428060,2,"Australia","Australian Capital Territory",NA,"f42f23e3"
2021-01-17,5066,55,4472916,5066,2802,2,1,0,0,0,0,8117976,2,"Australia","New South Wales",NA,"5c4dd6e0"
2021-01-17,93,0,93274,93,74,9,0,0,0,0,0,245562,2,"Australia","Northern Territory",NA,"a079fdb2"
2021-01-17,1293,6,1681421,1293,1253,26,1,0,0,0,0,5115451,2,"Australia","Queensland",NA,"36068882"
2021-01-17,593,4,918249,593,578,0,0,0,0,0,0,1756494,2,"Australia","South Australia",NA,"165128d0"
2021-01-17,234,13,153438,234,221,0,0,0,0,0,0,535500,2,"Australia","Tasmania",NA,"86525f8e"
2021-01-17,20424,823,4252138,20424,19574,1,0,0,0,0,0,6629870,2,"Australia","Victoria",NA,"6c5dccdb"
2021-01-17,887,9,683322,887,864,0,0,0,0,0,0,2630557,2,"Australia","Western Australia",NA,"1f999f12"
2021-01-18,118,3,151612,118,115,0,0,0,0,0,0,428060,2,"Australia","Australian Capital Territory",NA,"f42f23e3"
2021-01-18,5074,55,4481689,5074,2802,1.94,1,0,0,0,0,8117976,2,"Australia","New South Wales",NA,"5c4dd6e0"
2021-01-18,93,0,93774,93,86,7,0,0,0,0,0,245562,2,"Australia","Northern Territory",NA,"a079fdb2"
2021-01-18,1294,6,1686594,1294,1255,24,1,0,0,0,0,5115451,2,"Australia","Queensland",NA,"36068882"
2021-01-18,593,4,921083,593,578,0,0,0,0,0,0,1756494,2,"Australia","South Australia",NA,"165128d0"
2021-01-18,234,13,153692,234,221,0,0,0,0,0,0,535500,2,"Australia","Tasmania",NA,"86525f8e"
2021-01-18,20428,823,4266111,20428,19575,1,0,0,0,0,0,6629870,2,"Australia","Victoria",NA,"6c5dccdb"
2021-01-18,887,9,693419,887,865,0,0,0,0,0,0,2630557,2,"Australia","Western Australia",NA,"1f999f12"
2021-01-19,118,3,152116,118,115,0,0,0,0,0,0,428060,2,"Australia","Australian Capital Territory",NA,"f42f23e3"
2021-01-19,5076,55,4492310,5076,2802,2.02,1,0,0,0,0,8117976,2,"Australia","New South Wales",NA,"5c4dd6e0"
2021-01-19,95,0,94394,95,86,7,0,0,0,0,0,245562,2,"Australia","Northern Territory",NA,"a079fdb2"
2021-01-19,1297,6,1693293,1297,1255,23,1,0,0,0,0,5115451,2,"Australia","Queensland",NA,"36068882"
2021-01-19,593,4,923925,593,578,0,0,0,0,0,0,1756494,2,"Australia","South Australia",NA,"165128d0"
2021-01-19,234,13,154208,234,221,0,0,0,0,0,0,535500,2,"Australia","Tasmania",NA,"86525f8e"
2021-01-19,20430,823,4281685,20430,19576,1,0,0,0,0,0,6629870,2,"Australia","Victoria",NA,"6c5dccdb"
2021-01-19,888,9,697023,888,865,0,0,0,0,0,0,2630557,2,"Australia","Western Australia",NA,"1f999f12"
2021-01-20,118,3,152596,118,115,0,0,0,0,0,0,428060,2,"Australia","Australian Capital Territory",NA,"f42f23e3"
2021-01-20,5079,55,4512269,5079,2802,1.98,0,0,0,0,0,8117976,2,"Australia","New South Wales",NA,"5c4dd6e0"
2021-01-20,96,0,95046,96,86,9,0,0,0,0,0,245562,2,"Australia","Northern Territory",NA,"a079fdb2"
2021-01-20,1299,6,1701283,1299,1258,25,1,0,0,0,0,5115451,2,"Australia","Queensland",NA,"36068882"
2021-01-20,594,4,927680,594,584,0,0,0,0,0,0,1756494,2,"Australia","South Australia",NA,"165128d0"
2021-01-20,234,13,154427,234,221,0,0,0,0,0,0,535500,2,"Australia","Tasmania",NA,"86525f8e"
2021-01-20,20432,823,4301495,20432,19578,0,0,0,0,0,0,6629870,2,"Australia","Victoria",NA,"6c5dccdb"
2021-01-20,888,9,701851,888,866,0,0,0,0,0,0,2630557,2,"Australia","Western Australia",NA,"1f999f12"
2021-01-21,118,3,153036,118,115,0,0,0,0,0,0,428060,2,"Australia","Australian Capital Territory",NA,"f42f23e3"
2021-01-21,5084,55,4524482,5084,2802,0.93,0,0,0,0,0,8117976,2,"Australia","New South Wales",NA,"5c4dd6e0"
2021-01-21,96,0,95738,96,86,8,0,0,0,0,0,245562,2,"Australia","Northern Territory",NA,"a079fdb2"
2021-01-21,1300,6,1708693,1300,1261,23,1,0,0,0,0,5115451,2,"Australia","Queensland",NA,"36068882"
2021-01-21,596,4,931274,596,587,0,0,0,0,0,0,1756494,2,"Australia","South Australia",NA,"165128d0"
2021-01-21,234,13,154963,234,221,0,0,0,0,0,0,535500,2,"Australia","Tasmania",NA,"86525f8e"
2021-01-21,20433,823,4321565,20433,19579,0,0,0,0,0,0,6629870,2,"Australia","Victoria",NA,"6c5dccdb"
2021-01-21,888,9,704968,888,868,0,0,0,0,0,0,2630557,2,"Australia","Western Australia",NA,"1f999f12"
2021-01-22,118,3,153455,118,115,0,0,0,0,0,0,428060,2,"Australia","Australian Capital Territory",NA,"f42f23e3"
2021-01-22,5083,55,4541913,5083,2802,2.64,0,0,0,0,0,8117976,2,"Australia","New South Wales",NA,"5c4dd6e0"
2021-01-22,98,0,96629,98,90,8,0,0,0,0,0,245562,2,"Australia","Northern Territory",NA,"a079fdb2"
2021-01-22,1303,6,1715747,1303,1261,23,1,0,0,0,0,5115451,2,"Australia","Queensland",NA,"36068882"
2021-01-22,596,4,935333,596,587,0,0,0,0,0,0,1756494,2,"Australia","South Australia",NA,"165128d0"
2021-01-22,234,13,156041,234,221,0,0,0,0,0,0,535500,2,"Australia","Tasmania",NA,"86525f8e"
2021-01-22,20433,823,4338030,20433,19582,0,0,0,0,0,0,6629870,2,"Australia","Victoria",NA,"6c5dccdb"
2021-01-22,890,9,707133,890,869,0,0,0,0,0,0,2630557,2,"Australia","Western Australia",NA,"1f999f12"
2021-01-23,118,3,153693,118,115,0,0,0,0,0,0,428060,2,"Australia","Australian Capital Territory",NA,"f42f23e3"
2021-01-23,5084,55,4553256,5084,2802,3.16,0,0,0,0,0,8117976,2,"Australia","New South Wales",NA,"5c4dd6e0"
2021-01-23,98,0,97178,98,90,8,0,0,0,0,0,245562,2,"Australia","Northern Territory",NA,"a079fdb2"
2021-01-23,1303,6,1720934,1303,1266,21,0,0,0,0,0,5115451,2,"Australia","Queensland",NA,"36068882"
2021-01-23,596,4,938907,596,590,0,0,0,0,0,0,1756494,2,"Australia","South Australia",NA,"165128d0"
2021-01-23,234,13,156508,234,221,0,0,0,0,0,0,535500,2,"Australia","Tasmania",NA,"86525f8e"
2021-01-23,20436,823,4353741,20436,19583,0,0,0,0,0,0,6629870,2,"Australia","Victoria",NA,"6c5dccdb"
2021-01-23,892,9,707133,892,872,0,0,0,0,0,0,2630557,2,"Australia","Western Australia",NA,"1f999f12"
2021-01-24,118,3,153838,118,115,0,0,0,0,0,0,428060,2,"Australia","Australian Capital Territory",NA,"f42f23e3"
2021-01-24,5087,55,4564600,5087,2802,3.12,0,0,0,0,0,8117976,2,"Australia","New South Wales",NA,"5c4dd6e0"
2021-01-24,98,0,97607,98,90,8,0,0,0,0,0,245562,2,"Australia","Northern Territory",NA,"a079fdb2"
2021-01-24,1303,6,1725570,1303,1272,15,0,0,0,0,0,5115451,2,"Australia","Queensland",NA,"36068882"
2021-01-24,596,4,942185,596,591,0,0,0,0,0,0,1756494,2,"Australia","South Australia",NA,"165128d0"
2021-01-24,234,13,156742,234,221,0,0,0,0,0,0,535500,2,"Australia","Tasmania",NA,"86525f8e"
2021-01-24,20436,823,4365642,20436,19586,0,0,0,0,0,0,6629870,2,"Australia","Victoria",NA,"6c5dccdb"
2021-01-24,894,9,707133,894,873,0,0,0,0,0,0,2630557,2,"Australia","Western Australia",NA,"1f999f12"
2021-01-25,118,3,154027,118,115,0,0,0,0,0,0,428060,2,"Australia","Australian Capital Territory",NA,"f42f23e3"
2021-01-25,5090,55,4573289,5090,2802,3,0,0,0,0,0,8117976,2,"Australia","New South Wales",NA,"5c4dd6e0"
2021-01-25,98,0,98056,98,91,7,0,0,0,0,0,245562,2,"Australia","Northern Territory",NA,"a079fdb2"
2021-01-25,1305,6,1729704,1305,1278,15,0,0,0,0,0,5115451,2,"Australia","Queensland",NA,"36068882"
2021-01-25,596,4,944370,596,591,0,0,0,0,0,0,1756494,2,"Australia","South Australia",NA,"165128d0"
2021-01-25,234,13,156949,234,221,0,0,0,0,0,0,535500,2,"Australia","Tasmania",NA,"86525f8e"
2021-01-25,20442,823,4377448,20442,19591,0,0,0,0,0,0,6629870,2,"Australia","Victoria",NA,"6c5dccdb"
2021-01-25,894,9,714494,894,873,0,0,0,0,0,0,2630557,2,"Australia","Western Australia",NA,"1f999f12"
2021-01-26,118,3,154284,118,115,0,0,0,0,0,0,428060,2,"Australia","Australian Capital Territory",NA,"f42f23e3"
2021-01-26,5091,55,4581108,5091,2802,4,0,0,0,0,0,8117976,2,"Australia","New South Wales",NA,"5c4dd6e0"
2021-01-26,98,0,98716,98,91,7,0,0,0,0,0,245562,2,"Australia","Northern Territory",NA,"a079fdb2"
2021-01-26,1305,6,1736013,1305,1278,17,0,0,0,0,0,5115451,2,"Australia","Queensland",NA,"36068882"
2021-01-26,596,4,947023,596,592,0,0,0,0,0,0,1756494,2,"Australia","South Australia",NA,"165128d0"
2021-01-26,234,13,157397,234,221,0,0,0,0,0,0,535500,2,"Australia","Tasmania",NA,"86525f8e"
2021-01-26,20443,823,4389104,20443,19592,0,0,0,0,0,0,6629870,2,"Australia","Victoria",NA,"6c5dccdb"
2021-01-26,895,9,714494,895,873,0,0,0,0,0,0,2630557,2,"Australia","Western Australia",NA,"1f999f12"
2021-01-27,118,3,154559,118,115,0,0,0,0,0,0,428060,2,"Australia","Australian Capital Territory",NA,"f42f23e3"
2021-01-27,5093,55,4590831,5093,2802,3,0,0,0,0,0,8117976,2,"Australia","New South Wales",NA,"5c4dd6e0"
2021-01-27,98,0,99321,98,93,5,0,0,0,0,0,245562,2,"Australia","Northern Territory",NA,"a079fdb2"
2021-01-27,1306,6,1740651,1306,1282,13,0,0,0,0,0,5115451,2,"Australia","Queensland",NA,"36068882"
2021-01-27,596,4,950101,596,592,0,0,0,0,0,0,1756494,2,"Australia","South Australia",NA,"165128d0"
2021-01-27,234,13,157749,234,221,0,0,0,0,0,0,535500,2,"Australia","Tasmania",NA,"86525f8e"
2021-01-27,20445,823,4402716,20445,19594,0,0,0,0,0,0,6629870,2,"Australia","Victoria",NA,"6c5dccdb"
2021-01-27,897,9,718421,897,873,0,0,0,0,0,0,2630557,2,"Australia","Western Australia",NA,"1f999f12"
2021-01-28,118,3,154835,118,115,0,0,0,0,0,0,428060,2,"Australia","Australian Capital Territory",NA,"f42f23e3"
2021-01-28,5096,55,4598640,5096,2802,2.72,0,0,0,0,0,8117976,2,"Australia","New South Wales",NA,"5c4dd6e0"
2021-01-28,98,0,99963,98,93,5,0,0,0,0,0,245562,2,"Australia","Northern Territory",NA,"a079fdb2"
2021-01-28,1307,6,1746857,1307,1286,13,0,0,0,0,0,5115451,2,"Australia","Queensland",NA,"36068882"
2021-01-28,596,4,952164,596,592,0,0,0,0,0,0,1756494,2,"Australia","South Australia",NA,"165128d0"
2021-01-28,234,13,158050,234,221,0,0,0,0,0,0,535500,2,"Australia","Tasmania",NA,"86525f8e"
2021-01-28,20447,823,4417210,20447,19600,0,0,0,0,0,0,6629870,2,"Australia","Victoria",NA,"6c5dccdb"
2021-01-28,898,9,720494,898,875,0,0,0,0,0,0,2630557,2,"Australia","Western Australia",NA,"1f999f12"
2021-01-29,118,3,155226,118,115,0,0,0,0,0,0,428060,2,"Australia","Australian Capital Territory",NA,"f42f23e3"
2021-01-29,5099,55,4610537,5099,2802,2,0,0,0,0,0,8117976,2,"Australia","New South Wales",NA,"5c4dd6e0"
2021-01-29,98,0,100749,98,93,5,0,0,0,0,0,245562,2,"Australia","Northern Territory",NA,"a079fdb2"
2021-01-29,1309,6,1753816,1309,1286,13,0,0,0,0,0,5115451,2,"Australia","Queensland",NA,"36068882"
2021-01-29,596,4,955471,596,592,0,0,0,0,0,0,1756494,2,"Australia","South Australia",NA,"165128d0"
2021-01-29,234,13,158410,234,221,0,0,0,0,0,0,535500,2,"Australia","Tasmania",NA,"86525f8e"
2021-01-29,20447,823,4432756,20447,19600,0,0,0,0,0,0,6629870,2,"Australia","Victoria",NA,"6c5dccdb"
2021-01-29,899,9,721959,899,876,0,0,0,0,0,0,2630557,2,"Australia","Western Australia",NA,"1f999f12"
2021-01-30,118,3,155482,118,115,0,0,0,0,0,0,428060,2,"Australia","Australian Capital Territory",NA,"f42f23e3"
2021-01-30,5101,55,4621041,5101,2802,2,0,0,0,0,0,8117976,2,"Australia","New South Wales",NA,"5c4dd6e0"
2021-01-30,98,0,101397,98,93,5,0,0,0,0,0,245562,2,"Australia","Northern Territory",NA,"a079fdb2"
2021-01-30,1309,6,1760009,1309,1286,7,0,0,0,0,0,5115451,2,"Australia","Queensland",NA,"36068882"
2021-01-30,596,4,958875,596,592,0,0,0,0,0,0,1756494,2,"Australia","South Australia",NA,"165128d0"
2021-01-30,234,13,159086,234,221,0,0,0,0,0,0,535500,2,"Australia","Tasmania",NA,"86525f8e"
2021-01-30,20448,823,4446458,20448,19605,0,0,0,0,0,0,6629870,2,"Australia","Victoria",NA,"6c5dccdb"
2021-01-30,902,9,721959,902,878,0,0,0,0,0,0,2630557,2,"Australia","Western Australia",NA,"1f999f12"
2021-01-31,118,3,155768,118,115,0,0,0,0,0,0,428060,2,"Australia","Australian Capital Territory",NA,"f42f23e3"
2021-01-31,5104,55,4629852,5104,2802,1.77,0,0,0,0,0,8117976,2,"Australia","New South Wales",NA,"5c4dd6e0"
2021-01-31,98,0,101772,98,93,5,0,0,0,0,0,245562,2,"Australia","Northern Territory",NA,"a079fdb2"
2021-01-31,1310,6,1764500,1310,1295,7,0,0,0,0,0,5115451,2,"Australia","Queensland",NA,"36068882"
2021-01-31,597,4,961700,597,592,0,0,0,0,0,0,1756494,2,"Australia","South Australia",NA,"165128d0"
2021-01-31,234,13,159086,234,221,0,0,0,0,0,0,535500,2,"Australia","Tasmania",NA,"86525f8e"
2021-01-31,20448,823,4457139,20448,19608,0,0,0,0,0,0,6629870,2,"Australia","Victoria",NA,"6c5dccdb"
2021-01-31,903,9,721959,903,881,0,0,0,0,0,0,2630557,2,"Australia","Western Australia",NA,"1f999f12"
2021-02-01,118,3,156201,118,115,0,0,0,0,0,0,428060,2,"Australia","Australian Capital Territory",NA,"f42f23e3"
2021-02-01,5110,55,4635875,5110,2802,1,0,0,0,0,0,8117976,2,"Australia","New South Wales",NA,"5c4dd6e0"
2021-02-01,98,0,102116,98,93,2,0,0,0,0,0,245562,2,"Australia","Northern Territory",NA,"a079fdb2"
2021-02-01,1310,6,1768259,1310,1295,7,0,0,0,0,0,5115451,2,"Australia","Queensland",NA,"36068882"
2021-02-01,596,4,963853,596,592,0,0,0,0,0,0,1756494,2,"Australia","South Australia",NA,"165128d0"
2021-02-01,234,13,159150,234,221,0,0,0,0,0,0,535500,2,"Australia","Tasmania",NA,"86525f8e"
2021-02-01,20449,823,4467743,20449,19608,0,0,0,0,0,0,6629870,2,"Australia","Victoria",NA,"6c5dccdb"
2021-02-01,903,9,728898,903,881,0,0,0,0,0,0,2630557,2,"Australia","Western Australia",NA,"1f999f12"
2021-02-02,118,3,157090,118,115,0,0,0,0,0,0,428060,2,"Australia","Australian Capital Territory",NA,"f42f23e3"
2021-02-02,5112,55,4642561,5112,2802,1,0,0,0,0,0,8117976,2,"Australia","New South Wales",NA,"5c4dd6e0"
2021-02-02,98,0,103000,98,97,1,0,0,0,0,0,245562,2,"Australia","Northern Territory",NA,"a079fdb2"
2021-02-02,1311,6,1774044,1311,1295,6,0,0,0,0,0,5115451,2,"Australia","Queensland",NA,"36068882"
2021-02-02,597,4,966963,597,592,0,0,0,0,0,0,1756494,2,"Australia","South Australia",NA,"165128d0"
2021-02-02,234,13,159620,234,221,0,0,0,0,0,0,535500,2,"Australia","Tasmania",NA,"86525f8e"
2021-02-02,20450,823,4476223,20450,19608,0,0,0,0,0,0,6629870,2,"Australia","Victoria",NA,"6c5dccdb"
2021-02-02,904,9,738946,904,886,1,0,0,0,0,0,2630557,2,"Australia","Western Australia",NA,"1f999f12"
2021-02-03,118,3,157813,118,115,0,0,0,0,0,0,428060,2,"Australia","Australian Capital Territory",NA,"f42f23e3"
2021-02-03,5114,55,4654377,5114,2802,1,0,0,0,0,0,8117976,2,"Australia","New South Wales",NA,"5c4dd6e0"
2021-02-03,98,0,104108,98,98,1,0,0,0,0,0,245562,2,"Australia","Northern Territory",NA,"a079fdb2"
2021-02-03,1311,6,1780934,1311,1295,6,0,0,0,0,0,5115451,2,"Australia","Queensland",NA,"36068882"
2021-02-03,601,4,971699,601,592,0,0,0,0,0,0,1756494,2,"Australia","South Australia",NA,"165128d0"
2021-02-03,234,13,160177,234,221,0,0,0,0,0,0,535500,2,"Australia","Tasmania",NA,"86525f8e"
2021-02-03,20449,823,4492365,20449,19608,0,0,0,0,0,0,6629870,2,"Australia","Victoria",NA,"6c5dccdb"
2021-02-03,904,9,756194,904,886,1,0,0,0,0,0,2630557,2,"Australia","Western Australia",NA,"1f999f12"
2021-02-04,118,3,158341,118,115,0,0,0,0,0,0,428060,2,"Australia","Australian Capital Territory",NA,"f42f23e3"
2021-02-04,5117,55,4664928,5117,2802,2,0,0,0,0,0,8117976,2,"Australia","New South Wales",NA,"5c4dd6e0"
2021-02-04,99,0,104976,99,98,1,0,0,0,0,0,245562,2,"Australia","Northern Territory",NA,"a079fdb2"
2021-02-04,1311,6,1789160,1311,1295,6,0,0,0,0,0,5115451,2,"Australia","Queensland",NA,"36068882"
2021-02-04,601,4,975113,601,595,0,0,0,0,0,0,1756494,2,"Australia","South Australia",NA,"165128d0"
2021-02-04,234,13,160664,234,221,0,0,0,0,0,0,535500,2,"Australia","Tasmania",NA,"86525f8e"
2021-02-04,20452,823,4506040,20452,19611,0,0,0,0,0,0,6629870,2,"Australia","Victoria",NA,"6c5dccdb"
2021-02-04,906,9,769625,906,887,1,0,0,0,0,0,2630557,2,"Australia","Western Australia",NA,"1f999f12"
2021-02-05,118,3,158802,118,115,0,0,0,0,0,0,428060,2,"Australia","Australian Capital Territory",NA,"f42f23e3"
2021-02-05,5117,55,4675041,5117,2802,2,0,0,0,0,0,8117976,2,"Australia","New South Wales",NA,"5c4dd6e0"
2021-02-05,99,0,105636,99,98,1,0,0,0,0,0,245562,2,"Australia","Northern Territory",NA,"a079fdb2"
2021-02-05,1309,6,1795994,1309,1293,6,0,0,0,0,0,5115451,2,"Australia","Queensland",NA,"36068882"
2021-02-05,602,4,978287,602,596,0,0,0,0,0,0,1756494,2,"Australia","South Australia",NA,"165128d0"
2021-02-05,234,13,160971,234,221,0,0,0,0,0,0,535500,2,"Australia","Tasmania",NA,"86525f8e"
2021-02-05,20456,823,4520652,20456,19612,0,0,0,0,0,0,6629870,2,"Australia","Victoria",NA,"6c5dccdb"
2021-02-05,907,9,779033,907,887,1,0,0,0,0,0,2630557,2,"Australia","Western Australia",NA,"1f999f12"
2021-02-06,118,3,159142,118,115,0,0,0,0,0,0,428060,2,"Australia","Australian Capital Territory",NA,"f42f23e3"
2021-02-06,5119,55,4687562,5119,2802,1,0,0,0,0,0,8117976,2,"Australia","New South Wales",NA,"5c4dd6e0"
2021-02-06,101,0,106257,101,98,3,0,0,0,0,0,245562,2,"Australia","Northern Territory",NA,"a079fdb2"
2021-02-06,1311,6,1803657,1311,1294,5,0,0,0,0,0,5115451,2,"Australia","Queensland",NA,"36068882"
2021-02-06,602,4,984710,602,596,0,0,0,0,0,0,1756494,2,"Australia","South Australia",NA,"165128d0"
2021-02-06,234,13,161722,234,221,0,0,0,0,0,0,535500,2,"Australia","Tasmania",NA,"86525f8e"
2021-02-06,20456,823,4543879,20456,19614,0,0,0,0,0,0,6629870,2,"Australia","Victoria",NA,"6c5dccdb"
2021-02-06,907,9,787510,907,887,0,0,0,0,0,0,2630557,2,"Australia","Western Australia",NA,"1f999f12"
2021-02-07,118,3,159341,118,115,0,0,0,0,0,0,428060,2,"Australia","Australian Capital Territory",NA,"f42f23e3"
2021-02-07,5120,55,4696810,5120,2802,1,0,0,0,0,0,8117976,2,"Australia","New South Wales",NA,"5c4dd6e0"
2021-02-07,102,0,106788,102,98,4,0,0,0,0,0,245562,2,"Australia","Northern Territory",NA,"a079fdb2"
2021-02-07,1312,6,1808282,1312,1294,6,0,0,0,0,0,5115451,2,"Australia","Queensland",NA,"36068882"
2021-02-07,602,4,990853,602,596,0,0,0,0,0,0,1756494,2,"Australia","South Australia",NA,"165128d0"
2021-02-07,234,13,162041,234,221,0,0,0,0,0,0,535500,2,"Australia","Tasmania",NA,"86525f8e"
2021-02-07,20455,823,4558741,20455,19614,0,0,0,0,0,0,6629870,2,"Australia","Victoria",NA,"6c5dccdb"
2021-02-07,907,9,792774,907,887,0,0,0,0,0,0,2630557,2,"Australia","Western Australia",NA,"1f999f12"
2021-02-08,118,3,159646,118,115,0,0,0,0,0,0,428060,2,"Australia","Australian Capital Territory",NA,"f42f23e3"
2021-02-08,5123,55,4708209,5123,2802,1,0,0,0,0,0,8117976,2,"Australia","New South Wales",NA,"5c4dd6e0"
2021-02-08,102,0,107177,102,98,4,0,0,0,0,0,245562,2,"Australia","Northern Territory",NA,"a079fdb2"
2021-02-08,1314,6,1812064,1314,1297,5,0,0,0,0,0,5115451,2,"Australia","Queensland",NA,"36068882"
2021-02-08,603,4,994479,603,596,0,0,0,0,0,0,1756494,2,"Australia","South Australia",NA,"165128d0"
2021-02-08,234,13,162317,234,221,0,0,0,0,0,0,535500,2,"Australia","Tasmania",NA,"86525f8e"
2021-02-08,20456,823,4570100,20456,19616,0,0,0,0,0,0,6629870,2,"Australia","Victoria",NA,"6c5dccdb"
2021-02-08,907,9,800100,907,888,0,0,0,0,0,0,2630557,2,"Australia","Western Australia",NA,"1f999f12"
2021-02-09,118,3,160213,118,115,0,0,0,0,0,0,428060,2,"Australia","Australian Capital Territory",NA,"f42f23e3"
2021-02-09,5125,55,4715524,5125,2802,1,0,0,0,0,0,8117976,2,"Australia","New South Wales",NA,"5c4dd6e0"
2021-02-09,102,0,107952,102,98,4,0,0,0,0,0,245562,2,"Australia","Northern Territory",NA,"a079fdb2"
2021-02-09,1315,6,1818493,1315,1297,5,0,0,0,0,0,5115451,2,"Australia","Queensland",NA,"36068882"
2021-02-09,603,4,998660,603,597,0,0,0,0,0,0,1756494,2,"Australia","South Australia",NA,"165128d0"
2021-02-09,234,13,162642,234,221,0,0,0,0,0,0,535500,2,"Australia","Tasmania",NA,"86525f8e"
2021-02-09,20456,823,4582916,20456,19621,1,1,0,0,0,0,6629870,2,"Australia","Victoria",NA,"6c5dccdb"
2021-02-09,907,9,807004,907,889,0,0,0,0,0,0,2630557,2,"Australia","Western Australia",NA,"1f999f12"
2021-02-10,118,3,161091,118,115,0,0,0,0,0,0,428060,2,"Australia","Australian Capital Territory",NA,"f42f23e3"
2021-02-10,5129,55,4734409,5129,2802,1.11,0,0,0,0,0,8117976,2,"Australia","New South Wales",NA,"5c4dd6e0"
2021-02-10,102,0,108695,102,98,4,0,0,0,0,0,245562,2,"Australia","Northern Territory",NA,"a079fdb2"
2021-02-10,1316,6,1826625,1316,1297,6,0,0,0,0,0,5115451,2,"Australia","Queensland",NA,"36068882"
2021-02-10,605,4,1004796,605,597,0,0,0,0,0,0,1756494,2,"Australia","South Australia",NA,"165128d0"
2021-02-10,234,13,163104,234,221,0,0,0,0,0,0,535500,2,"Australia","Tasmania",NA,"86525f8e"
2021-02-10,20458,823,4605765,20458,19622,1,1,0,0,0,0,6629870,2,"Australia","Victoria",NA,"6c5dccdb"
2021-02-10,909,9,813567,909,892,0,0,0,0,0,0,2630557,2,"Australia","Western Australia",NA,"1f999f12"
2021-02-11,118,3,161619,118,115,0,0,0,0,0,0,428060,2,"Australia","Australian Capital Territory",NA,"f42f23e3"
2021-02-11,5132,55,4750806,5132,2802,1.23,0,0,0,0,0,8117976,2,"Australia","New South Wales",NA,"5c4dd6e0"
2021-02-11,102,0,109433,102,98,4,0,0,0,0,0,245562,2,"Australia","Northern Territory",NA,"a079fdb2"
2021-02-11,1317,6,1834387,1317,1297,6,0,0,0,0,0,5115451,2,"Australia","Queensland",NA,"36068882"
2021-02-11,606,4,1011513,606,597,0,0,0,0,0,0,1756494,2,"Australia","South Australia",NA,"165128d0"
2021-02-11,234,13,163659,234,221,0,0,0,0,0,0,535500,2,"Australia","Tasmania",NA,"86525f8e"
2021-02-11,20460,823,4628336,20460,19623,1,1,0,0,0,0,6629870,2,"Australia","Victoria",NA,"6c5dccdb"
2021-02-11,910,9,818788,910,893,0,0,0,0,0,0,2630557,2,"Australia","Western Australia",NA,"1f999f12"
2021-02-12,118,3,162213,118,115,0,0,0,0,0,0,428060,2,"Australia","Australian Capital Territory",NA,"f42f23e3"
2021-02-12,5134,55,4765324,5134,2802,1.08,0,0,0,0,0,8117976,2,"Australia","New South Wales",NA,"5c4dd6e0"
2021-02-12,102,0,110195,102,98,4,0,0,0,0,0,245562,2,"Australia","Northern Territory",NA,"a079fdb2"
2021-02-12,1318,6,1841497,1318,1299,6,0,0,0,0,0,5115451,2,"Australia","Queensland",NA,"36068882"
2021-02-12,606,4,1018117,606,597,0,0,0,0,0,0,1756494,2,"Australia","South Australia",NA,"165128d0"
2021-02-12,234,13,164050,234,221,0,0,0,0,0,0,535500,2,"Australia","Tasmania",NA,"86525f8e"
2021-02-12,20465,823,4652545,20465,19626,1,1,0,0,0,0,6629870,2,"Australia","Victoria",NA,"6c5dccdb"
2021-02-12,910,9,822974,910,894,0,0,0,0,0,0,2630557,2,"Australia","Western Australia",NA,"1f999f12"
2021-02-13,118,3,162793,118,115,0,0,0,0,0,0,428060,2,"Australia","Australian Capital Territory",NA,"f42f23e3"
2021-02-13,5136,55,4778412,5136,2802,1.08,0,0,0,0,0,8117976,2,"Australia","New South Wales",NA,"5c4dd6e0"
2021-02-13,102,0,110900,102,98,4,0,0,0,0,0,245562,2,"Australia","Northern Territory",NA,"a079fdb2"
2021-02-13,1320,6,1849094,1320,1300,5,0,0,0,0,0,5115451,2,"Australia","Queensland",NA,"36068882"
2021-02-13,606,4,1025209,606,599,0,0,0,0,0,0,1756494,2,"Australia","South Australia",NA,"165128d0"
2021-02-13,234,13,164538,234,221,0,0,0,0,0,0,535500,2,"Australia","Tasmania",NA,"86525f8e"
2021-02-13,20466,823,4672661,20466,19626,1,1,0,0,0,0,6629870,2,"Australia","Victoria",NA,"6c5dccdb"
2021-02-13,910,9,822974,910,895,0,0,0,0,0,0,2630557,2,"Australia","Western Australia",NA,"1f999f12"
2021-02-14,118,3,163172,118,115,0,0,0,0,0,0,428060,2,"Australia","Australian Capital Territory",NA,"f42f23e3"
2021-02-14,5138,55,4794714,5138,2802,0.99,0,0,0,0,0,8117976,2,"Australia","New South Wales",NA,"5c4dd6e0"
2021-02-14,103,0,111590,103,98,5,0,0,0,0,0,245562,2,"Australia","Northern Territory",NA,"a079fdb2"
2021-02-14,1320,6,1855311,1320,1301,5,0,0,0,0,0,5115451,2,"Australia","Queensland",NA,"36068882"
2021-02-14,606,4,1031611,606,599,0,0,0,0,0,0,1756494,2,"Australia","South Australia",NA,"165128d0"
2021-02-14,234,13,165399,234,221,0,0,0,0,0,0,535500,2,"Australia","Tasmania",NA,"86525f8e"
2021-02-14,20469,823,4694136,20469,19627,1,0,0,0,0,0,6629870,2,"Australia","Victoria",NA,"6c5dccdb"
2021-02-14,910,9,822974,910,896,0,0,0,0,0,0,2630557,2,"Australia","Western Australia",NA,"1f999f12"
2021-02-15,118,3,163887,118,115,0,0,0,0,0,0,428060,2,"Australia","Australian Capital Territory",NA,"f42f23e3"
2021-02-15,5138,55,4810409,5138,2802,0.81,0,0,0,0,0,8117976,2,"Australia","New South Wales",NA,"5c4dd6e0"
2021-02-15,103,0,112552,103,98,5,0,0,0,0,0,245562,2,"Australia","Northern Territory",NA,"a079fdb2"
2021-02-15,1320,6,1860967,1320,1305,7,0,0,0,0,0,5115451,2,"Australia","Queensland",NA,"36068882"
2021-02-15,606,4,1036547,606,599,0,0,0,0,0,0,1756494,2,"Australia","South Australia",NA,"165128d0"
2021-02-15,234,13,165744,234,221,0,0,0,0,0,0,535500,2,"Australia","Tasmania",NA,"86525f8e"
2021-02-15,20471,823,4719280,20471,19630,1,0,0,0,0,0,6629870,2,"Australia","Victoria",NA,"6c5dccdb"
2021-02-15,910,9,833097,910,896,0,0,0,0,0,0,2630557,2,"Australia","Western Australia",NA,"1f999f12"
2021-02-16,118,3,164946,118,115,0,0,0,0,0,0,428060,2,"Australia","Australian Capital Territory",NA,"f42f23e3"
2021-02-16,5139,55,4822745,5139,2802,0.69,0,0,0,0,0,8117976,2,"Australia","New South Wales",NA,"5c4dd6e0"
2021-02-16,103,0,113907,103,99,4,0,0,0,0,0,245562,2,"Australia","Northern Territory",NA,"a079fdb2"
2021-02-16,1320,6,1868418,1320,1305,7,0,0,0,0,0,5115451,2,"Australia","Queensland",NA,"36068882"
2021-02-16,606,4,1041470,606,599,0,0,0,0,0,0,1756494,2,"Australia","South Australia",NA,"165128d0"
2021-02-16,234,13,166626,234,221,0,0,0,0,0,0,535500,2,"Australia","Tasmania",NA,"86525f8e"
2021-02-16,20475,823,4743230,20475,19630,1,0,0,0,0,0,6629870,2,"Australia","Victoria",NA,"6c5dccdb"
2021-02-16,910,9,836100,910,897,0,0,0,0,0,0,2630557,2,"Australia","Western Australia",NA,"1f999f12"
2021-02-17,118,3,165642,118,115,0,0,0,0,0,0,428060,2,"Australia","Australian Capital Territory",NA,"f42f23e3"
2021-02-17,5143,55,4846208,5143,2802,2.08,0,0,0,0,0,8117976,2,"Australia","New South Wales",NA,"5c4dd6e0"
2021-02-17,103,0,114733,103,99,4,0,0,0,0,0,245562,2,"Australia","Northern Territory",NA,"a079fdb2"
2021-02-17,1320,6,1878264,1320,1306,6,0,0,0,0,0,5115451,2,"Australia","Queensland",NA,"36068882"
2021-02-17,608,4,1047665,608,601,0,0,0,0,0,0,1756494,2,"Australia","South Australia",NA,"165128d0"
2021-02-17,234,13,167535,234,221,0,0,0,0,0,0,535500,2,"Australia","Tasmania",NA,"86525f8e"
2021-02-17,20475,823,4782488,20475,19630,0,0,0,0,0,0,6629870,2,"Australia","Victoria",NA,"6c5dccdb"
2021-02-17,910,9,839767,910,898,0,0,0,0,0,0,2630557,2,"Australia","Western Australia",NA,"1f999f12"
2021-02-18,118,3,166373,118,115,0,0,0,0,0,0,428060,2,"Australia","Australian Capital Territory",NA,"f42f23e3"
2021-02-18,5143,55,4867114,5143,2802,0.96,0,0,0,0,0,8117976,2,"Australia","New South Wales",NA,"5c4dd6e0"
2021-02-18,103,0,115763,103,99,4,0,0,0,0,0,245562,2,"Australia","Northern Territory",NA,"a079fdb2"
2021-02-18,1320,6,1887836,1320,1306,6,0,0,0,0,0,5115451,2,"Australia","Queensland",NA,"36068882"
2021-02-18,608,4,1054126,608,601,0,0,0,0,0,0,1756494,2,"Australia","South Australia",NA,"165128d0"
2021-02-18,234,13,168389,234,221,0,0,0,0,0,0,535500,2,"Australia","Tasmania",NA,"86525f8e"
2021-02-18,20476,823,4812749,20476,19631,0,0,0,0,0,0,6629870,2,"Australia","Victoria",NA,"6c5dccdb"
2021-02-18,910,9,843114,910,898,0,0,0,0,0,0,2630557,2,"Australia","Western Australia",NA,"1f999f12"
2021-02-19,118,3,167001,118,115,0,0,0,0,0,0,428060,2,"Australia","Australian Capital Territory",NA,"f42f23e3"
2021-02-19,5145,55,4884084,5145,2802,0.92,0,0,0,0,0,8117976,2,"Australia","New South Wales",NA,"5c4dd6e0"
2021-02-19,103,0,116700,103,101,2,0,0,0,0,0,245562,2,"Australia","Northern Territory",NA,"a079fdb2"
2021-02-19,1321,6,1897113,1321,1307,6,0,0,0,0,0,5115451,2,"Australia","Queensland",NA,"36068882"
2021-02-19,608,4,1059106,608,601,0,0,0,0,0,0,1756494,2,"Australia","South Australia",NA,"165128d0"
2021-02-19,234,13,169082,234,221,0,0,0,0,0,0,535500,2,"Australia","Tasmania",NA,"86525f8e"
2021-02-19,20479,823,4834041,20479,19632,1,1,0,0,0,0,6629870,2,"Australia","Victoria",NA,"6c5dccdb"
2021-02-19,910,9,845459,910,897,0,0,0,0,0,0,2630557,2,"Australia","Western Australia",NA,"1f999f12"
2021-02-20,118,3,167473,118,115,0,0,0,0,0,0,428060,2,"Australia","Australian Capital Territory",NA,"f42f23e3"
2021-02-20,5146,55,4900506,5146,2802,1.1,0,0,0,0,0,8117976,2,"Australia","New South Wales",NA,"5c4dd6e0"
2021-02-20,104,0,117514,104,101,3,0,0,0,0,0,245562,2,"Australia","Northern Territory",NA,"a079fdb2"
2021-02-20,1321,6,1903452,1321,1309,5,0,0,0,0,0,5115451,2,"Australia","Queensland",NA,"36068882"
2021-02-20,608,4,1063172,608,602,0,0,0,0,0,0,1756494,2,"Australia","South Australia",NA,"165128d0"
2021-02-20,234,13,169688,234,221,0,0,0,0,0,0,535500,2,"Australia","Tasmania",NA,"86525f8e"
2021-02-20,20479,823,4851742,20479,19634,1,1,0,0,0,0,6629870,2,"Australia","Victoria",NA,"6c5dccdb"
2021-02-20,910,9,845459,910,898,0,0,0,0,0,0,2630557,2,"Australia","Western Australia",NA,"1f999f12"
2021-02-21,118,3,167735,118,115,0,0,0,0,0,0,428060,2,"Australia","Australian Capital Territory",NA,"f42f23e3"
2021-02-21,5149,55,4914092,5149,2802,0.95,0,0,20,20,0,8117976,2,"Australia","New South Wales",NA,"5c4dd6e0"
2021-02-21,104,0,118279,104,101,3,0,0,0,0,0,245562,2,"Australia","Northern Territory",NA,"a079fdb2"
2021-02-21,1321,6,1908537,1321,1309,5,0,0,0,0,0,5115451,2,"Australia","Queensland",NA,"36068882"
2021-02-21,610,4,1067502,610,603,0,0,0,0,0,0,1756494,2,"Australia","South Australia",NA,"165128d0"
2021-02-21,234,13,170121,234,221,0,0,0,0,0,0,535500,2,"Australia","Tasmania",NA,"86525f8e"
2021-02-21,20479,823,4862081,20479,19634,1,1,0,0,0,0,6629870,2,"Australia","Victoria",NA,"6c5dccdb"
2021-02-21,911,9,845459,911,899,0,0,0,0,0,0,2630557,2,"Australia","Western Australia",NA,"1f999f12"
2021-02-22,118,3,167735,118,115,0,0,0,50,50,0,428060,2,"Australia","Australian Capital Territory",NA,"f42f23e3"
2021-02-22,5150,55,4926267,5150,2802,0.95,0,0,1320,1320,0,8117976,2,"Australia","New South Wales",NA,"5c4dd6e0"
2021-02-22,104,0,118981,104,101,3,0,0,88,88,0,245562,2,"Australia","Northern Territory",NA,"a079fdb2"
2021-02-22,1323,6,1912189,1323,1309,6,0,0,0,0,0,5115451,2,"Australia","Queensland",NA,"36068882"
2021-02-22,610,4,1069938,610,603,0,0,0,0,0,0,1756494,2,"Australia","South Australia",NA,"165128d0"
2021-02-22,234,13,170421,234,221,0,0,0,0,0,0,535500,2,"Australia","Tasmania",NA,"86525f8e"
2021-02-22,20479,823,4870358,20479,19634,1,1,0,0,0,0,6629870,2,"Australia","Victoria",NA,"6c5dccdb"
2021-02-22,912,9,853710,912,899,0,0,0,378,378,0,2630557,2,"Australia","Western Australia",NA,"1f999f12"
2021-02-23,118,3,169171,118,115,0,0,0,50,50,0,428060,2,"Australia","Australian Capital Territory",NA,"f42f23e3"
2021-02-23,5154,55,4936444,5154,2802,0.95,0,0,1320,1320,0,8117976,2,"Australia","New South Wales",NA,"5c4dd6e0"
2021-02-23,104,0,120081,104,101,3,0,0,88,88,0,245562,2,"Australia","Northern Territory",NA,"a079fdb2"
2021-02-23,1323,6,1918365,1323,1309,7,0,0,203,203,0,5115451,2,"Australia","Queensland",NA,"36068882"
2021-02-23,612,4,1073938,612,604,0,0,0,168,168,0,1756494,2,"Australia","South Australia",NA,"165128d0"
2021-02-23,234,13,171032,234,221,0,0,0,0,0,0,535500,2,"Australia","Tasmania",NA,"86525f8e"
2021-02-23,20479,823,4887628,20479,19634,1,0,0,580,580,0,6629870,2,"Australia","Victoria",NA,"6c5dccdb"
2021-02-23,913,9,857169,913,901,0,0,0,378,378,0,2630557,2,"Australia","Western Australia",NA,"1f999f12"
2021-02-24,118,3,169413,118,115,0,0,0,250,250,0,428060,2,"Australia","Australian Capital Territory",NA,"f42f23e3"
2021-02-24,5155,55,4954361,5155,2802,2,0,0,3220,3220,0,8117976,2,"Australia","New South Wales",NA,"5c4dd6e0"
2021-02-24,104,0,121089,104,101,2,0,0,88,88,0,245562,2,"Australia","Northern Territory",NA,"a079fdb2"
2021-02-24,1323,6,1926820,1323,1309,7,0,0,527,527,0,5115451,2,"Australia","Queensland",NA,"36068882"
2021-02-24,613,4,1078780,613,605,0,0,0,403,403,0,1756494,2,"Australia","South Australia",NA,"165128d0"
2021-02-24,234,13,171528,234,221,0,0,0,383,383,0,535500,2,"Australia","Tasmania",NA,"86525f8e"
2021-02-24,20479,823,4907829,20479,19639,1,0,0,1255,1255,0,6629870,2,"Australia","Victoria",NA,"6c5dccdb"
2021-02-24,913,9,860784,913,901,0,0,0,800,800,0,2630557,2,"Australia","Western Australia",NA,"1f999f12"
2021-02-25,118,3,170428,118,115,0,0,0,524,524,0,428060,2,"Australia","Australian Capital Territory",NA,"f42f23e3"
2021-02-25,5162,55,4972280,5162,2802,2.08,0,0,5500,5500,0,8117976,2,"Australia","New South Wales",NA,"5c4dd6e0"
2021-02-25,104,0,122255,104,101,1,0,0,88,88,0,245562,2,"Australia","Northern Territory",NA,"a079fdb2"
2021-02-25,1324,6,1934583,1324,1309,8,0,0,942,942,0,5115451,2,"Australia","Queensland",NA,"36068882"
2021-02-25,613,4,1081883,613,606,0,0,0,743,743,0,1756494,2,"Australia","South Australia",NA,"165128d0"
2021-02-25,234,13,172220,234,221,0,0,0,807,807,0,535500,2,"Australia","Tasmania",NA,"86525f8e"
2021-02-25,20479,823,4926111,20479,19643,2,0,0,2063,2063,0,6629870,2,"Australia","Victoria",NA,"6c5dccdb"
2021-02-25,913,9,860784,913,901,0,0,0,1240,1240,0,2630557,2,"Australia","Western Australia",NA,"1f999f12"
2021-02-26,118,3,171059,118,115,0,0,0,777,777,0,428060,2,"Australia","Australian Capital Territory",NA,"f42f23e3"
2021-02-26,5166,55,4987778,5166,2802,2.88,0,0,7500,7500,0,8117976,2,"Australia","New South Wales",NA,"5c4dd6e0"
2021-02-26,105,0,123059,105,101,2,0,0,581,581,0,245562,2,"Australia","Northern Territory",NA,"a079fdb2"
2021-02-26,1328,6,1942186,1328,1310,10,0,0,1377,1377,0,5115451,2,"Australia","Queensland",NA,"36068882"
2021-02-26,613,4,1085993,613,606,0,0,0,1053,1053,0,1756494,2,"Australia","South Australia",NA,"165128d0"
2021-02-26,234,13,172896,234,221,0,0,0,1153,1153,0,535500,2,"Australia","Tasmania",NA,"86525f8e"
2021-02-26,20481,823,4942695,20481,19644,2,0,0,2894,2894,0,6629870,2,"Australia","Victoria",NA,"6c5dccdb"
2021-02-26,913,9,862767,913,901,0,0,0,1654,1654,0,2630557,2,"Australia","Western Australia",NA,"1f999f12"
2021-02-27,118,3,171401,118,115,0,0,0,980,980,0,428060,2,"Australia","Australian Capital Territory",NA,"f42f23e3"
2021-02-27,5172,55,5000449,5172,2802,4.03,0,0,7500,7500,0,8117976,2,"Australia","New South Wales",NA,"5c4dd6e0"
2021-02-27,105,0,123896,105,103,2,0,0,581,581,0,245562,2,"Australia","Northern Territory",NA,"a079fdb2"
2021-02-27,1329,6,1948040,1329,1310,12,0,0,2030,2030,0,5115451,2,"Australia","Queensland",NA,"36068882"
2021-02-27,613,4,1088868,613,606,0,0,0,1371,1371,0,1756494,2,"Australia","South Australia",NA,"165128d0"
2021-02-27,234,13,173442,234,221,0,0,0,1153,1153,0,535500,2,"Australia","Tasmania",NA,"86525f8e"
2021-02-27,20481,823,4953002,20481,19646,3,1,0,3613,3613,0,6629870,2,"Australia","Victoria",NA,"6c5dccdb"
2021-02-27,913,9,862767,913,901,0,0,0,2299,2299,0,2630557,2,"Australia","Western Australia",NA,"1f999f12"
2021-02-28,118,3,171667,118,115,0,0,0,980,980,0,428060,2,"Australia","Australian Capital Territory",NA,"f42f23e3"
2021-02-28,5177,55,5011674,5177,2802,3.96,0,0,7500,7500,0,8117976,2,"Australia","New South Wales",NA,"5c4dd6e0"
2021-02-28,105,0,124444,105,103,2,0,0,581,581,0,245562,2,"Australia","Northern Territory",NA,"a079fdb2"
2021-02-28,1329,6,1953278,1329,1311,11,0,0,2030,2030,0,5115451,2,"Australia","Queensland",NA,"36068882"
2021-02-28,613,4,1091410,613,606,0,0,0,1481,1481,0,1756494,2,"Australia","South Australia",NA,"165128d0"
2021-02-28,234,13,173783,234,221,0,0,0,1153,1153,0,535500,2,"Australia","Tasmania",NA,"86525f8e"
2021-02-28,20481,823,4960442,20481,19646,2,1,0,3762,3762,0,6629870,2,"Australia","Victoria",NA,"6c5dccdb"
2021-02-28,913,9,862767,913,901,0,0,0,2584,2584,0,2630557,2,"Australia","Western Australia",NA,"1f999f12"
2021-03-01,118,3,172083,118,115,0,0,0,978,978,0,428060,2,"Australia","Australian Capital Territory",NA,"f42f23e3"
2021-03-01,5180,55,5022326,5180,2802,3.96,1,0,10339,10339,0,8117976,2,"Australia","New South Wales",NA,"5c4dd6e0"
2021-03-01,105,0,124854,105,103,2,0,0,748,748,0,245562,2,"Australia","Northern Territory",NA,"a079fdb2"
2021-03-01,1331,6,1957026,1331,1313,9,0,0,2030,2030,0,5115451,2,"Australia","Queensland",NA,"36068882"
2021-03-01,616,4,1093218,616,606,0,0,0,1630,1630,0,1756494,2,"Australia","South Australia",NA,"165128d0"
2021-03-01,234,13,174003,234,221,0,0,0,1165,1165,0,535500,2,"Australia","Tasmania",NA,"86525f8e"
2021-03-01,20481,823,4967414,20481,19650,2,0,0,3862,3862,0,6629870,2,"Australia","Victoria",NA,"6c5dccdb"
2021-03-01,913,9,862767,913,901,0,0,0,2879,2879,0,2630557,2,"Australia","Western Australia",NA,"1f999f12"
2021-03-02,118,3,172917,118,115,0,0,0,1173,1173,0,428060,2,"Australia","Australian Capital Territory",NA,"f42f23e3"
2021-03-02,5183,55,5029902,5183,2802,5.85,1,0,12424,12424,0,8117976,2,"Australia","New South Wales",NA,"5c4dd6e0"
2021-03-02,105,0,125987,105,103,2,0,0,1000,1000,0,245562,2,"Australia","Northern Territory",NA,"a079fdb2"
2021-03-02,1335,6,1962878,1335,1313,14,0,0,3010,3010,0,5115451,2,"Australia","Queensland",NA,"36068882"
2021-03-02,617,4,1095599,617,610,0,0,0,1920,1920,0,1756494,2,"Australia","South Australia",NA,"165128d0"
2021-03-02,234,13,174698,234,221,0,0,0,1165,1165,0,535500,2,"Australia","Tasmania",NA,"86525f8e"
2021-03-02,20481,823,4980939,20481,19651,2,0,0,5020,5020,0,6629870,2,"Australia","Victoria",NA,"6c5dccdb"
2021-03-02,913,9,870745,913,901,0,0,0,2862,2862,0,2630557,2,"Australia","Western Australia",NA,"1f999f12"
2021-03-03,120,3,173692,120,115,0,0,0,1319,1319,0,428060,2,"Australia","Australian Capital Territory",NA,"f42f23e3"
2021-03-03,5189,55,5046949,5189,2802,3,1,0,15000,15000,0,8117976,2,"Australia","New South Wales",NA,"5c4dd6e0"
2021-03-03,105,0,127131,105,104,1,0,0,1000,1000,0,245562,2,"Australia","Northern Territory",NA,"a079fdb2"
2021-03-03,1335,6,1970686,1335,1314,14,0,0,4212,4212,0,5115451,2,"Australia","Queensland",NA,"36068882"
2021-03-03,618,4,1098890,618,610,0,0,0,2326,2326,0,1756494,2,"Australia","South Australia",NA,"165128d0"
2021-03-03,234,13,175389,234,221,0,0,0,1165,1165,0,535500,2,"Australia","Tasmania",NA,"86525f8e"
2021-03-03,20481,823,4999764,20481,19653,2,0,0,6676,6676,0,6629870,2,"Australia","Victoria",NA,"6c5dccdb"
2021-03-03,914,9,874087,914,901,0,0,0,3519,3519,0,2630557,2,"Australia","Western Australia",NA,"1f999f12"
2021-03-04,120,3,174387,120,115,0,0,0,1563,1563,0,428060,2,"Australia","Australian Capital Territory",NA,"f42f23e3"
2021-03-04,5193,55,5061804,5193,2802,3.22,1,0,16805,16805,0,8117976,2,"Australia","New South Wales",NA,"5c4dd6e0"
2021-03-04,105,0,128049,105,104,1,0,0,1588,1588,0,245562,2,"Australia","Northern Territory",NA,"a079fdb2"
2021-03-04,1342,6,1977870,1342,1314,20,0,0,5409,5409,0,5115451,2,"Australia","Queensland",NA,"36068882"
2021-03-04,618,4,1101682,618,610,0,0,0,2682,2682,0,1756494,2,"Australia","South Australia",NA,"165128d0"
2021-03-04,234,13,176124,234,221,0,0,0,1970,1970,0,535500,2,"Australia","Tasmania",NA,"86525f8e"
2021-03-04,20481,823,5018897,20481,19654,2,0,0,8645,8645,0,6629870,2,"Australia","Victoria",NA,"6c5dccdb"
2021-03-04,914,9,876822,914,902,0,0,0,4346,4346,0,2630557,2,"Australia","Western Australia",NA,"1f999f12"
2021-03-05,120,3,174877,120,115,0,0,0,1757,1757,0,428060,2,"Australia","Australian Capital Territory",NA,"f42f23e3"
2021-03-05,5204,55,5075193,5204,2802,2,1,0,19027,19027,0,8117976,2,"Australia","New South Wales",NA,"5c4dd6e0"
2021-03-05,105,0,129006,105,105,1,0,0,1840,1840,0,245562,2,"Australia","Northern Territory",NA,"a079fdb2"
2021-03-05,1344,6,1985408,1344,1316,21,0,0,6534,6534,0,5115451,2,"Australia","Queensland",NA,"36068882"
2021-03-05,618,4,1103980,618,610,0,0,0,3062,3062,0,1756494,2,"Australia","South Australia",NA,"165128d0"
2021-03-05,234,13,176830,234,221,0,0,0,2327,2327,0,535500,2,"Australia","Tasmania",NA,"86525f8e"
2021-03-05,20481,823,5038743,20481,19656,1,0,0,10907,10907,0,6629870,2,"Australia","Victoria",NA,"6c5dccdb"
2021-03-05,914,9,879233,914,902,0,0,0,5546,5546,0,2630557,2,"Australia","Western Australia",NA,"1f999f12"
2021-03-06,120,3,175363,120,115,0,0,0,1949,1949,0,428060,2,"Australia","Australian Capital Territory",NA,"f42f23e3"
2021-03-06,5207,55,5086787,5207,2802,3,1,0,19027,19027,0,8117976,2,"Australia","New South Wales",NA,"5c4dd6e0"
2021-03-06,105,0,129873,105,105,1,0,0,1840,1840,0,245562,2,"Australia","Northern Territory",NA,"a079fdb2"
2021-03-06,1348,6,1991846,1348,1316,24,0,0,8008,8008,0,5115451,2,"Australia","Queensland",NA,"36068882"
2021-03-06,618,4,1106374,618,611,0,0,0,3455,3455,0,1756494,2,"Australia","South Australia",NA,"165128d0"
2021-03-06,234,13,177409,234,221,0,0,0,2327,2327,0,535500,2,"Australia","Tasmania",NA,"86525f8e"
2021-03-06,20482,823,5053557,20482,19656,1,0,0,12851,12851,0,6629870,2,"Australia","Victoria",NA,"6c5dccdb"
2021-03-06,916,9,879233,916,903,0,0,0,6616,6616,0,2630557,2,"Australia","Western Australia",NA,"1f999f12"
2021-03-07,122,3,175733,122,115,0,0,0,1949,1949,0,428060,2,"Australia","Australian Capital Territory",NA,"f42f23e3"
2021-03-07,5209,55,5096514,5209,2802,3.78,1,0,19027,19027,0,8117976,2,"Australia","New South Wales",NA,"5c4dd6e0"
2021-03-07,105,0,130350,105,105,0,0,0,1840,1840,0,245562,2,"Australia","Northern Territory",NA,"a079fdb2"
2021-03-07,1351,6,1995956,1351,1316,25,0,0,8300,8300,0,5115451,2,"Australia","Queensland",NA,"36068882"
2021-03-07,618,4,1108652,618,611,0,0,0,3585,3585,0,1756494,2,"Australia","South Australia",NA,"165128d0"
2021-03-07,234,13,177808,234,221,0,0,0,2327,2327,0,535500,2,"Australia","Tasmania",NA,"86525f8e"
2021-03-07,20481,823,5064581,20481,19656,0,0,0,13578,13578,0,6629870,2,"Australia","Victoria",NA,"6c5dccdb"
2021-03-07,917,9,879233,917,903,0,0,0,6872,6872,0,2630557,2,"Australia","Western Australia",NA,"1f999f12"
2021-03-08,122,3,176086,122,115,0,0,0,1951,1951,0,428060,2,"Australia","Australian Capital Territory",NA,"f42f23e3"
2021-03-08,5210,55,5106606,5210,2802,3.85,1,0,21763,21763,0,8117976,2,"Australia","New South Wales",NA,"5c4dd6e0"
2021-03-08,105,0,131169,105,105,0,0,0,2066,2066,0,245562,2,"Australia","Northern Territory",NA,"a079fdb2"
2021-03-08,1356,6,1999788,1356,1316,25,0,0,8300,8300,0,5115451,2,"Australia","Queensland",NA,"36068882"
2021-03-08,618,4,1110553,618,611,0,0,0,3705,3705,0,1756494,2,"Australia","South Australia",NA,"165128d0"
2021-03-08,234,13,178006,234,221,0,0,0,2327,2327,0,535500,2,"Australia","Tasmania",NA,"86525f8e"
2021-03-08,20482,823,5074574,20482,19657,0,0,0,14422,14422,0,6629870,2,"Australia","Victoria",NA,"6c5dccdb"
2021-03-08,919,9,887191,919,903,0,0,0,7840,7840,0,2630557,2,"Australia","Western Australia",NA,"1f999f12"
2021-03-09,122,3,176507,122,115,0,0,0,2157,2157,0,428060,2,"Australia","Australian Capital Territory",NA,"f42f23e3"
2021-03-09,5215,55,5113431,5215,2802,3.78,1,1,23923,23923,0,8117976,2,"Australia","New South Wales",NA,"5c4dd6e0"
2021-03-09,105,0,131897,105,105,0,0,0,2349,2349,0,245562,2,"Australia","Northern Territory",NA,"a079fdb2"
2021-03-09,1362,6,2004943,1362,1318,33,0,0,10092,10092,0,5115451,2,"Australia","Queensland",NA,"36068882"
2021-03-09,620,4,1113208,620,611,0,0,0,3824,3824,0,1756494,2,"Australia","South Australia",NA,"165128d0"
2021-03-09,234,13,178379,234,221,0,0,0,2327,2327,0,535500,2,"Australia","Tasmania",NA,"86525f8e"
2021-03-09,20483,823,5083425,20483,19657,0,0,0,15494,15494,0,6629870,2,"Australia","Victoria",NA,"6c5dccdb"
2021-03-09,920,9,889786,920,903,0,0,0,9289,9289,0,2630557,2,"Australia","Western Australia",NA,"1f999f12"
2021-03-10,123,3,177248,123,115,0,0,0,2382,2382,0,428060,2,"Australia","Australian Capital Territory",NA,"f42f23e3"
2021-03-10,5220,55,5128965,5220,2802,4.72,1,1,27000,27000,0,8117976,2,"Australia","New South Wales",NA,"5c4dd6e0"
2021-03-10,105,0,132691,105,105,0,0,0,2684,2684,0,245562,2,"Australia","Northern Territory",NA,"a079fdb2"
2021-03-10,1368,6,2012660,1368,1321,37,0,0,11996,11996,0,5115451,2,"Australia","Queensland",NA,"36068882"
2021-03-10,621,4,1115399,621,613,0,0,0,4274,4274,0,1756494,2,"Australia","South Australia",NA,"165128d0"
2021-03-10,234,13,179006,234,221,0,0,0,2713,2713,0,535500,2,"Australia","Tasmania",NA,"86525f8e"
2021-03-10,20483,823,5100039,20483,19657,0,0,0,18325,18325,0,6629870,2,"Australia","Victoria",NA,"6c5dccdb"
2021-03-10,921,9,892877,921,903,0,0,0,11373,11373,0,2630557,2,"Australia","Western Australia",NA,"1f999f12"
2021-03-11,123,3,177910,123,115,0,0,0,2687,2687,0,428060,2,"Australia","Australian Capital Territory",NA,"f42f23e3"
2021-03-11,5226,55,5143100,5226,2802,5.04,1,0,31313,31313,0,8117976,2,"Australia","New South Wales",NA,"5c4dd6e0"
2021-03-11,105,0,133607,105,105,0,0,0,3070,3070,0,245562,2,"Australia","Northern Territory",NA,"a079fdb2"
2021-03-11,1373,6,2020693,1373,1321,41,0,0,13989,13989,0,5115451,2,"Australia","Queensland",NA,"36068882"
2021-03-11,624,4,1119221,624,617,0,0,0,4871,4871,0,1756494,2,"Australia","South Australia",NA,"165128d0"
2021-03-11,234,13,179832,234,221,0,0,0,3255,3255,0,535500,2,"Australia","Tasmania",NA,"86525f8e"
2021-03-11,20483,823,5120078,20483,19660,0,0,0,22317,22317,0,6629870,2,"Australia","Victoria",NA,"6c5dccdb"
2021-03-11,922,9,895455,922,905,0,0,0,13498,13498,0,2630557,2,"Australia","Western Australia",NA,"1f999f12"
2021-03-12,123,3,178346,123,115,0,0,0,3025,3025,0,428060,2,"Australia","Australian Capital Territory",NA,"f42f23e3"
2021-03-12,5234,55,5154150,5234,2802,5.83,1,0,31313,31313,0,8117976,2,"Australia","New South Wales",NA,"5c4dd6e0"
2021-03-12,105,0,134277,105,105,0,0,0,3262,3262,0,245562,2,"Australia","Northern Territory",NA,"a079fdb2"
2021-03-12,1375,6,2027655,1375,1324,38,0,0,16120,16120,0,5115451,2,"Australia","Queensland",NA,"36068882"
2021-03-12,626,4,1122985,626,618,0,0,0,5822,5822,0,1756494,2,"Australia","South Australia",NA,"165128d0"
2021-03-12,234,13,180617,234,221,0,0,0,3667,3667,0,535500,2,"Australia","Tasmania",NA,"86525f8e"
2021-03-12,20483,823,5138905,20483,19660,0,0,0,25948,25948,0,6629870,2,"Australia","Victoria",NA,"6c5dccdb"
2021-03-12,922,9,897976,922,905,0,0,0,15952,15952,0,2630557,2,"Australia","Western Australia",NA,"1f999f12"
2021-03-13,123,3,178877,123,115,0,0,0,3667,3667,0,428060,2,"Australia","Australian Capital Territory",NA,"f42f23e3"
2021-03-13,5234,55,5164144,5234,2802,5.88,0,0,36820,36820,0,8117976,2,"Australia","New South Wales",NA,"5c4dd6e0"
2021-03-13,105,0,135033,105,105,0,0,0,3519,3519,0,245562,2,"Australia","Northern Territory",NA,"a079fdb2"
2021-03-13,1379,6,2033312,1379,1325,42,0,0,18411,18411,0,5115451,2,"Australia","Queensland",NA,"36068882"
2021-03-13,631,4,1125960,631,620,0,0,0,6878,6878,0,1756494,2,"Australia","South Australia",NA,"165128d0"
2021-03-13,234,13,181081,234,221,0,0,0,3667,3667,0,535500,2,"Australia","Tasmania",NA,"86525f8e"
2021-03-13,20483,823,5155517,20483,19660,0,0,0,30298,30298,0,6629870,2,"Australia","Victoria",NA,"6c5dccdb"
2021-03-13,923,9,897976,923,905,0,0,0,17748,17748,0,2630557,2,"Australia","Western Australia",NA,"1f999f12"
2021-03-14,123,3,179155,123,115,0,0,0,3363,3363,0,428060,2,"Australia","Australian Capital Territory",NA,"f42f23e3"
2021-03-14,5237,55,5173413,5237,2802,5.1,0,0,36820,36820,0,8117976,2,"Australia","New South Wales",NA,"5c4dd6e0"
2021-03-14,105,0,135564,105,105,0,0,0,3519,3519,0,245562,2,"Australia","Northern Territory",NA,"a079fdb2"
2021-03-14,1380,6,2038338,1380,1325,36,0,0,18705,18705,0,5115451,2,"Australia","Queensland",NA,"36068882"
2021-03-14,631,4,1128527,631,620,0,0,0,7124,7124,0,1756494,2,"Australia","South Australia",NA,"165128d0"
2021-03-14,234,13,181420,234,221,0,0,0,3667,3667,0,535500,2,"Australia","Tasmania",NA,"86525f8e"
2021-03-14,20483,823,5166899,20483,19661,0,0,0,31202,31202,0,6629870,2,"Australia","Victoria",NA,"6c5dccdb"
2021-03-14,924,9,897976,924,906,0,0,0,18391,18391,0,2630557,2,"Australia","Western Australia",NA,"1f999f12"
2021-03-15,123,3,179555,123,115,0,0,0,3363,3363,0,428060,2,"Australia","Australian Capital Territory",NA,"f42f23e3"
2021-03-15,5240,55,5181612,5240,2802,5.17,0,0,37553,37553,0,8117976,2,"Australia","New South Wales",NA,"5c4dd6e0"
2021-03-15,105,0,136368,105,105,0,0,0,3519,3519,0,245562,2,"Australia","Northern Territory",NA,"a079fdb2"
2021-03-15,1386,6,2042714,1386,1328,32,0,0,18705,18705,0,5115451,2,"Australia","Queensland",NA,"36068882"
2021-03-15,634,4,1130470,634,620,0,0,0,7272,7272,0,1756494,2,"Australia","South Australia",NA,"165128d0"
2021-03-15,234,13,181680,234,221,0,0,0,3853,3853,0,535500,2,"Australia","Tasmania",NA,"86525f8e"
2021-03-15,20483,823,5176595,20483,19661,0,0,0,31808,31808,0,6629870,2,"Australia","Victoria",NA,"6c5dccdb"
2021-03-15,925,9,904610,925,906,0,0,0,18948,18948,0,2630557,2,"Australia","Western Australia",NA,"1f999f12"
2021-03-16,123,3,180278,123,115,0,0,0,3869,3869,0,428060,2,"Australia","Australian Capital Territory",NA,"f42f23e3"
2021-03-16,5242,55,5187869,5242,2802,4.9,0,0,37553,37553,0,8117976,2,"Australia","New South Wales",NA,"5c4dd6e0"
2021-03-16,105,0,137546,105,105,0,0,0,3715,3715,0,245562,2,"Australia","Northern Territory",NA,"a079fdb2"
2021-03-16,1388,6,2049862,1388,1328,38,0,0,21861,21861,0,5115451,2,"Australia","Queensland",NA,"36068882"
2021-03-16,636,4,1132925,636,620,0,0,0,8300,8300,0,1756494,2,"Australia","South Australia",NA,"165128d0"
2021-03-16,234,13,182369,234,221,0,0,0,4616,4616,0,535500,2,"Australia","Tasmania",NA,"86525f8e"
2021-03-16,20483,823,5189233,20483,19661,0,0,0,35282,35282,0,6629870,2,"Australia","Victoria",NA,"6c5dccdb"
2021-03-16,926,9,907365,926,907,0,0,0,20550,20550,0,2630557,2,"Australia","Western Australia",NA,"1f999f12"
2021-03-17,123,3,180800,123,115,0,0,0,4373,4373,0,428060,2,"Australia","Australian Capital Territory",NA,"f42f23e3"
2021-03-17,5248,55,5202124,5248,2802,5.1,1,0,46820,46820,0,8117976,2,"Australia","New South Wales",NA,"5c4dd6e0"
2021-03-17,106,0,138459,106,105,1,0,0,4096,4096,0,245562,2,"Australia","Northern Territory",NA,"a079fdb2"
2021-03-17,1394,6,2060035,1394,1330,41,0,0,25173,25173,0,5115451,2,"Australia","Queensland",NA,"36068882"
2021-03-17,638,4,1136338,638,620,0,0,0,9831,9831,0,1756494,2,"Australia","South Australia",NA,"165128d0"
2021-03-17,234,13,182995,234,221,0,0,0,5765,5765,0,535500,2,"Australia","Tasmania",NA,"86525f8e"
2021-03-17,20483,823,5210697,20483,19661,0,0,0,38948,38948,0,6629870,2,"Australia","Victoria",NA,"6c5dccdb"
2021-03-17,927,9,910259,927,907,0,0,0,22944,22944,0,2630557,2,"Australia","Western Australia",NA,"1f999f12"
2021-03-18,123,3,181296,123,115,0,0,0,4875,4875,0,428060,2,"Australia","Australian Capital Territory",NA,"f42f23e3"
2021-03-18,5251,55,5216173,5251,2802,4.8,1,0,51607,51607,0,8117976,2,"Australia","New South Wales",NA,"5c4dd6e0"
2021-03-18,106,0,139289,106,105,1,0,0,4473,4267,206,245562,2,"Australia","Northern Territory",NA,"a079fdb2"
2021-03-18,1402,6,2067609,1402,1330,40,0,0,28533,28533,0,5115451,2,"Australia","Queensland",NA,"36068882"
2021-03-18,640,4,1139341,640,621,0,0,0,11362,11362,0,1756494,2,"Australia","South Australia",NA,"165128d0"
2021-03-18,234,13,183774,234,221,0,0,0,6715,6715,0,535500,2,"Australia","Tasmania",NA,"86525f8e"
2021-03-18,20483,823,5231987,20483,19661,0,0,0,42989,42989,0,6629870,2,"Australia","Victoria",NA,"6c5dccdb"
2021-03-18,927,9,912734,927,908,0,0,0,25503,25503,0,2630557,2,"Australia","Western Australia",NA,"1f999f12"
2021-03-19,123,3,181792,123,116,0,0,0,5379,5379,0,428060,2,"Australia","Australian Capital Territory",NA,"f42f23e3"
2021-03-19,5256,55,5228045,5256,2802,4.86,0,0,51607,51607,0,8117976,2,"Australia","New South Wales",NA,"5c4dd6e0"
2021-03-19,106,0,140150,106,105,1,0,0,4784,4444,340,245562,2,"Australia","Northern Territory",NA,"a079fdb2"
2021-03-19,1411,6,2075843,1411,1330,57,1,0,32527,32527,0,5115451,2,"Australia","Queensland",NA,"36068882"
2021-03-19,641,4,1142127,641,622,0,0,0,12961,12961,0,1756494,2,"Australia","South Australia",NA,"165128d0"
2021-03-19,234,13,184378,234,221,0,0,0,7631,7631,0,535500,2,"Australia","Tasmania",NA,"86525f8e"
2021-03-19,20483,823,5248413,20483,19661,0,0,0,47731,47731,0,6629870,2,"Australia","Victoria",NA,"6c5dccdb"
2021-03-19,929,9,915537,929,908,0,0,0,28134,28134,0,2630557,2,"Australia","Western Australia",NA,"1f999f12"
2021-03-20,123,3,182114,123,116,0,0,0,5901,5901,0,428060,2,"Australia","Australian Capital Territory",NA,"f42f23e3"
2021-03-20,5259,55,5238420,5259,2802,5.1,0,0,51607,51607,0,8117976,2,"Australia","New South Wales",NA,"5c4dd6e0"
2021-03-20,106,0,140924,106,105,1,0,0,5083,4616,467,245562,2,"Australia","Northern Territory",NA,"a079fdb2"
2021-03-20,1415,6,2083255,1415,1331,58,3,0,36704,36704,0,5115451,2,"Australia","Queensland",NA,"36068882"
2021-03-20,642,4,1144441,642,622,0,0,0,14051,14051,0,1756494,2,"Australia","South Australia",NA,"165128d0"
2021-03-20,234,13,185111,234,221,0,0,0,7631,7631,0,535500,2,"Australia","Tasmania",NA,"86525f8e"
2021-03-20,20483,823,5262520,20483,19661,0,0,0,52283,52283,0,6629870,2,"Australia","Victoria",NA,"6c5dccdb"
2021-03-20,930,9,915537,930,908,0,0,0,30571,30571,0,2630557,2,"Australia","Western Australia",NA,"1f999f12"
2021-03-21,123,3,182300,123,116,0,0,0,5901,5901,0,428060,2,"Australia","Australian Capital Territory",NA,"f42f23e3"
2021-03-21,5261,55,5254203,5261,2802,4.95,0,0,51607,51607,0,8117976,2,"Australia","New South Wales",NA,"5c4dd6e0"
2021-03-21,106,0,141418,106,105,1,0,0,5083,4616,467,245562,2,"Australia","Northern Territory",NA,"a079fdb2"
2021-03-21,1417,6,2087537,1417,1331,54,2,0,37002,37002,0,5115451,2,"Australia","Queensland",NA,"36068882"
2021-03-21,642,4,1146471,642,624,0,0,0,14365,14365,0,1756494,2,"Australia","South Australia",NA,"165128d0"
2021-03-21,234,13,185358,234,221,0,0,0,7631,7631,0,535500,2,"Australia","Tasmania",NA,"86525f8e"
2021-03-21,20483,823,5274908,20483,19662,0,0,0,53681,53681,0,6629870,2,"Australia","Victoria",NA,"6c5dccdb"
2021-03-21,930,9,915537,930,909,0,0,0,31512,31512,0,2630557,2,"Australia","Western Australia",NA,"1f999f12"
2021-03-22,123,3,182510,123,116,0,0,0,6536,6536,0,428060,2,"Australia","Australian Capital Territory",NA,"f42f23e3"
2021-03-22,5266,55,5262540,5266,2802,4.95,0,0,64650,64650,0,8117976,2,"Australia","New South Wales",NA,"5c4dd6e0"
2021-03-22,106,0,142076,106,105,1,0,0,5083,4616,467,245562,2,"Australia","Northern Territory",NA,"a079fdb2"
2021-03-22,1421,6,2091350,1421,1334,58,1,0,37002,37002,0,5115451,2,"Australia","Queensland",NA,"36068882"
2021-03-22,642,4,1148372,642,624,0,0,0,14916,14916,0,1756494,2,"Australia","South Australia",NA,"165128d0"
2021-03-22,234,13,185904,234,221,0,0,0,8267,8267,0,535500,2,"Australia","Tasmania",NA,"86525f8e"
2021-03-22,20483,823,5284301,20483,19662,0,0,0,55023,55023,0,6629870,2,"Australia","Victoria",NA,"6c5dccdb"
2021-03-22,931,9,921227,931,911,0,0,0,32115,32115,0,2630557,2,"Australia","Western Australia",NA,"1f999f12"
2021-03-23,123,3,183001,123,116,0,0,0,7251,7251,0,428060,2,"Australia","Australian Capital Territory",NA,"f42f23e3"
2021-03-23,5270,55,5267667,5270,2802,5.31,0,0,72943,72943,0,8117976,2,"Australia","New South Wales",NA,"5c4dd6e0"
2021-03-23,106,0,142990,106,105,1,0,0,5371,4765,606,245562,2,"Australia","Northern Territory",NA,"a079fdb2"
2021-03-23,1422,6,2095838,1422,1335,60,1,0,40870,40870,0,5115451,2,"Australia","Queensland",NA,"36068882"
2021-03-23,642,4,1150820,642,624,0,0,0,16949,16949,0,1756494,2,"Australia","South Australia",NA,"165128d0"
2021-03-23,234,13,186238,234,221,0,0,0,8843,8843,0,535500,2,"Australia","Tasmania",NA,"86525f8e"
2021-03-23,20483,823,5297850,20483,19663,0,0,0,59509,59509,0,6629870,2,"Australia","Victoria",NA,"6c5dccdb"
2021-03-23,931,9,923448,931,912,0,0,0,34877,34877,0,2630557,2,"Australia","Western Australia",NA,"1f999f12"
2021-03-24,123,3,183465,123,117,0,0,0,7513,7513,0,428060,2,"Australia","Australian Capital Territory",NA,"f42f23e3"
2021-03-24,5272,55,5279989,5272,2802,4.88,0,0,72943,72943,0,8117976,2,"Australia","New South Wales",NA,"5c4dd6e0"
2021-03-24,106,0,143810,106,105,1,0,0,5679,4872,807,245562,2,"Australia","Northern Territory",NA,"a079fdb2"
2021-03-24,1426,6,2103710,1426,1337,66,1,0,45068,45068,0,5115451,2,"Australia","Queensland",NA,"36068882"
2021-03-24,644,4,1154157,644,625,0,0,0,17751,17751,0,1756494,2,"Australia","South Australia",NA,"165128d0"
2021-03-24,234,13,187048,234,221,0,0,0,9854,9854,0,535500,2,"Australia","Tasmania",NA,"86525f8e"
2021-03-24,20483,823,5317581,20483,19663,0,0,0,63894,63894,0,6629870,2,"Australia","Victoria",NA,"6c5dccdb"
2021-03-24,932,9,925818,932,913,0,0,0,36690,36690,0,2630557,2,"Australia","Western Australia",NA,"1f999f12"
2021-03-25,123,3,183840,123,117,0,0,0,8035,8035,0,428060,2,"Australia","Australian Capital Territory",NA,"f42f23e3"
2021-03-25,5275,55,5290147,5275,2802,4.88,0,0,72943,72943,0,8117976,2,"Australia","New South Wales",NA,"5c4dd6e0"
2021-03-25,106,0,144652,106,105,1,0,0,6186,5167,1019,245562,2,"Australia","Northern Territory",NA,"a079fdb2"
2021-03-25,1429,6,2110222,1429,1338,65,1,0,49462,49462,0,5115451,2,"Australia","Queensland",NA,"36068882"
2021-03-25,644,4,1156493,644,628,0,0,0,19255,19255,0,1756494,2,"Australia","South Australia",NA,"165128d0"
2021-03-25,234,13,187925,234,221,0,0,0,11007,11007,0,535500,2,"Australia","Tasmania",NA,"86525f8e"
2021-03-25,20483,823,5333027,20483,19663,0,0,0,69592,69592,0,6629870,2,"Australia","Victoria",NA,"6c5dccdb"
2021-03-25,934,9,928277,934,915,0,0,0,39259,36624,2635,2630557,2,"Australia","Western Australia",NA,"1f999f12"
2021-03-26,123,3,184203,123,119,0,0,0,8563,8563,0,428060,2,"Australia","Australian Capital Territory",NA,"f42f23e3"
2021-03-26,5278,55,5300051,5278,2802,4,0,0,89196,89196,0,8117976,2,"Australia","New South Wales",NA,"5c4dd6e0"
2021-03-26,106,0,145704,106,105,1,0,0,6578,5324,1254,245562,2,"Australia","Northern Territory",NA,"a079fdb2"
2021-03-26,1437,6,2117806,1437,1338,69,1,0,53893,53893,0,5115451,2,"Australia","Queensland",NA,"36068882"
2021-03-26,645,4,1159015,645,630,0,0,0,20832,20832,0,1756494,2,"Australia","South Australia",NA,"165128d0"
2021-03-26,234,13,188620,234,221,0,0,0,11728,11728,0,535500,2,"Australia","Tasmania",NA,"86525f8e"
2021-03-26,20483,823,5346827,20483,19663,0,0,0,75626,75626,0,6629870,2,"Australia","Victoria",NA,"6c5dccdb"
2021-03-26,934,9,931175,934,915,0,0,0,41665,38221,3444,2630557,2,"Australia","Western Australia",NA,"1f999f12"
2021-03-27,123,3,184456,123,119,0,0,0,9096,9096,0,428060,2,"Australia","Australian Capital Territory",NA,"f42f23e3"
2021-03-27,5281,55,5308307,5281,2802,4.2,0,0,89196,89196,0,8117976,2,"Australia","New South Wales",NA,"5c4dd6e0"
2021-03-27,107,0,146727,107,105,0,0,0,6578,5324,1254,245562,2,"Australia","Northern Territory",NA,"a079fdb2"
2021-03-27,1443,6,2124687,1443,1339,71,2,0,58439,58439,0,5115451,2,"Australia","Queensland",NA,"36068882"
2021-03-27,648,4,1161382,648,630,0,0,0,22272,22272,0,1756494,2,"Australia","South Australia",NA,"165128d0"
2021-03-27,234,13,189231,234,221,0,0,0,11728,11728,0,535500,2,"Australia","Tasmania",NA,"86525f8e"
2021-03-27,20483,823,5357113,20483,19663,0,0,0,80698,80698,0,6629870,2,"Australia","Victoria",NA,"6c5dccdb"
2021-03-27,934,9,931175,934,915,0,0,0,44047,40022,4025,2630557,2,"Australia","Western Australia",NA,"1f999f12"
2021-03-28,123,3,184842,123,120,0,0,0,9429,9429,0,428060,2,"Australia","Australian Capital Territory",NA,"f42f23e3"
2021-03-28,5281,55,5316511,5281,2802,4,0,0,89196,89196,0,8117976,2,"Australia","New South Wales",NA,"5c4dd6e0"
2021-03-28,108,0,147417,108,106,2,0,0,6578,5324,1254,245562,2,"Australia","Northern Territory",NA,"a079fdb2"
2021-03-28,1446,6,2136035,1446,1339,71,2,0,58930,58930,0,5115451,2,"Australia","Queensland",NA,"36068882"
2021-03-28,650,4,1164046,650,631,0,0,0,22497,22497,0,1756494,2,"Australia","South Australia",NA,"165128d0"
2021-03-28,234,13,189622,234,221,0,0,0,11728,11728,0,535500,2,"Australia","Tasmania",NA,"86525f8e"
2021-03-28,20483,823,5368821,20483,19663,0,0,0,84210,84210,0,6629870,2,"Australia","Victoria",NA,"6c5dccdb"
2021-03-28,935,9,931175,935,915,0,0,0,44542,40441,4101,2630557,2,"Australia","Western Australia",NA,"1f999f12"
2021-03-29,123,3,185578,123,120,0,0,0,9746,9746,0,428060,2,"Australia","Australian Capital Territory",NA,"f42f23e3"
2021-03-29,5283,55,5324548,5283,2802,3.06,0,0,96273,96273,0,8117976,2,"Australia","New South Wales",NA,"5c4dd6e0"
2021-03-29,108,0,148419,108,106,2,0,0,7027,5598,1429,245562,2,"Australia","Northern Territory",NA,"a079fdb2"
2021-03-29,1456,6,2147661,1456,1343,73,2,0,59126,59126,0,5115451,2,"Australia","Queensland",NA,"36068882"
2021-03-29,652,4,1166599,652,632,0,0,0,22787,22787,0,1756494,2,"Australia","South Australia",NA,"165128d0"
2021-03-29,234,13,189955,234,221,0,0,0,13091,13091,0,535500,2,"Australia","Tasmania",NA,"86525f8e"
2021-03-29,20484,823,5382784,20484,19663,0,0,0,86282,86282,0,6629870,2,"Australia","Victoria",NA,"6c5dccdb"
2021-03-29,938,9,938011,938,916,0,0,0,45091,40822,4269,2630557,2,"Australia","Western Australia",NA,"1f999f12"
2021-03-30,123,3,187061,123,120,0,0,0,10281,10281,0,428060,2,"Australia","Australian Capital Territory",NA,"f42f23e3"
2021-03-30,5288,55,5331851,5288,2802,2.8,0,0,96273,96273,0,8117976,2,"Australia","New South Wales",NA,"5c4dd6e0"
2021-03-30,108,0,149662,108,106,2,0,0,7364,5714,1650,245562,2,"Australia","Northern Territory",NA,"a079fdb2"
2021-03-30,1466,6,2162250,1466,1343,78,2,0,65129,65129,0,5115451,2,"Australia","Queensland",NA,"36068882"
2021-03-30,655,4,1169973,655,633,0,0,0,24145,24145,0,1756494,2,"Australia","South Australia",NA,"165128d0"
2021-03-30,234,13,190612,234,221,0,0,0,13750,13750,0,535500,2,"Australia","Tasmania",NA,"86525f8e"
2021-03-30,20484,823,5395676,20484,19663,0,0,0,92765,92765,0,6629870,2,"Australia","Victoria",NA,"6c5dccdb"
2021-03-30,938,9,941359,938,918,0,0,0,47701,42635,5066,2630557,2,"Australia","Western Australia",NA,"1f999f12"
2021-03-31,123,3,188408,123,120,0,0,0,10819,10819,0,428060,2,"Australia","Australian Capital Territory",NA,"f42f23e3"
2021-03-31,5292,55,5349244,5292,2802,3.24,0,0,1e+05,1e+05,0,8117976,2,"Australia","New South Wales",NA,"5c4dd6e0"
2021-03-31,108,0,151038,108,106,2,0,0,7789,5906,1883,245562,2,"Australia","Northern Territory",NA,"a079fdb2"
2021-03-31,1467,6,2195658,1467,1343,71,1,0,71942,71942,0,5115451,2,"Australia","Queensland",NA,"36068882"
2021-03-31,655,4,1175046,655,640,0,0,0,25535,25535,0,1756494,2,"Australia","South Australia",NA,"165128d0"
2021-03-31,234,13,191816,234,221,0,0,0,13750,13750,0,535500,2,"Australia","Tasmania",NA,"86525f8e"
2021-03-31,20484,823,5417745,20484,19663,0,0,0,99065,99065,0,6629870,2,"Australia","Victoria",NA,"6c5dccdb"
2021-03-31,942,9,944265,942,918,0,0,0,50731,44461,6270,2630557,2,"Australia","Western Australia",NA,"1f999f12"
2021-04-01,123,3,189605,123,120,0,0,0,11361,11361,0,428060,2,"Australia","Australian Capital Territory",NA,"f42f23e3"
2021-04-01,5296,55,5369703,5296,2802,3.24,0,0,117389,117389,0,8117976,2,"Australia","New South Wales",NA,"5c4dd6e0"
2021-04-01,109,0,152262,109,106,2,0,0,8277,6185,2092,245562,2,"Australia","Northern Territory",NA,"a079fdb2"
2021-04-01,1477,6,2230369,1477,1343,82,1,0,79534,79534,0,5115451,2,"Australia","Queensland",NA,"36068882"
2021-04-01,656,4,1178994,656,640,0,0,0,27023,27023,0,1756494,2,"Australia","South Australia",NA,"165128d0"
2021-04-01,234,13,193694,234,221,0,0,0,15077,15077,0,535500,2,"Australia","Tasmania",NA,"86525f8e"
2021-04-01,20484,823,5437175,20484,19663,0,0,0,107522,107522,0,6629870,2,"Australia","Victoria",NA,"6c5dccdb"
2021-04-01,944,9,947084,944,918,0,0,0,53482,46305,7177,2630557,2,"Australia","Western Australia",NA,"1f999f12"
2021-04-02,123,3,190165,123,120,0,0,0,11361,11361,0,428060,2,"Australia","Australian Capital Territory",NA,"f42f23e3"
2021-04-02,5296,55,5389764,5296,2802,2.1,0,0,124345,124345,0,8117976,2,"Australia","New South Wales",NA,"5c4dd6e0"
2021-04-02,111,0,153200,111,106,2,0,0,8277,6185,2092,245562,2,"Australia","Northern Territory",NA,"a079fdb2"
2021-04-02,1485,6,2265726,1485,1343,82,1,0,87220,87220,0,5115451,2,"Australia","Queensland",NA,"36068882"
2021-04-02,658,4,1182622,658,641,0,0,0,28337,28337,0,1756494,2,"Australia","South Australia",NA,"165128d0"
2021-04-02,234,13,195401,234,221,0,0,0,15077,15077,0,535500,2,"Australia","Tasmania",NA,"86525f8e"
2021-04-02,20484,823,5453004,20484,19663,0,0,0,115077,115077,0,6629870,2,"Australia","Victoria",NA,"6c5dccdb"
2021-04-02,944,9,947084,944,919,0,0,0,56337,48120,8217,2630557,2,"Australia","Western Australia",NA,"1f999f12"
2021-04-03,123,3,190392,123,120,0,0,0,12430,12430,0,428060,2,"Australia","Australian Capital Territory",NA,"f42f23e3"
2021-04-03,5299,55,5403224,5299,2802,1.95,0,0,125195,125195,0,8117976,2,"Australia","New South Wales",NA,"5c4dd6e0"
2021-04-03,111,0,153909,111,106,2,0,0,8277,6185,2092,245562,2,"Australia","Northern Territory",NA,"a079fdb2"
2021-04-03,1488,6,2291563,1488,1353,74,2,0,88248,88248,0,5115451,2,"Australia","Queensland",NA,"36068882"
2021-04-03,658,4,1185770,658,642,0,0,0,28614,28614,0,1756494,2,"Australia","South Australia",NA,"165128d0"
2021-04-03,234,13,196019,234,221,0,0,0,15077,15077,0,535500,2,"Australia","Tasmania",NA,"86525f8e"
2021-04-03,20484,823,5465083,20484,19663,0,0,0,115987,115987,0,6629870,2,"Australia","Victoria",NA,"6c5dccdb"
2021-04-03,944,9,947084,944,921,0,0,0,56649,48256,8393,2630557,2,"Australia","Western Australia",NA,"1f999f12"
2021-04-04,123,3,190613,123,120,0,0,0,12778,12778,0,428060,2,"Australia","Australian Capital Territory",NA,"f42f23e3"
2021-04-04,5300,55,5409473,5300,2802,1.9,0,0,126494,126494,0,8117976,2,"Australia","New South Wales",NA,"5c4dd6e0"
2021-04-04,112,0,154493,112,106,6,0,0,8647,6555,2092,245562,2,"Australia","Northern Territory",NA,"a079fdb2"
2021-04-04,1489,6,2305574,1489,1353,72,2,0,88282,88282,0,5115451,2,"Australia","Queensland",NA,"36068882"
2021-04-04,659,4,1187106,659,643,1,1,0,28759,28759,0,1756494,2,"Australia","South Australia",NA,"165128d0"
2021-04-04,234,13,196397,234,221,0,0,0,17511,17511,0,535500,2,"Australia","Tasmania",NA,"86525f8e"
2021-04-04,20484,823,5474659,20484,19663,0,0,0,116234,116234,0,6629870,2,"Australia","Victoria",NA,"6c5dccdb"
2021-04-04,947,9,947084,947,922,0,0,0,56872,48352,8520,2630557,2,"Australia","Western Australia",NA,"1f999f12"
2021-04-05,123,3,190805,123,120,0,0,0,13110,13110,0,428060,2,"Australia","Australian Capital Territory",NA,"f42f23e3"
2021-04-05,5303,55,5417446,5303,2802,1.95,0,0,126526,126526,0,8117976,2,"Australia","New South Wales",NA,"5c4dd6e0"
2021-04-05,112,0,154933,112,106,6,0,0,8717,6625,2092,245562,2,"Australia","Northern Territory",NA,"a079fdb2"
2021-04-05,1492,6,2313088,1492,1353,75,2,0,88282,88282,0,5115451,2,"Australia","Queensland",NA,"36068882"
2021-04-05,661,4,1190605,661,644,1,1,0,28933,28933,0,1756494,2,"Australia","South Australia",NA,"165128d0"
2021-04-05,234,13,196779,234,221,0,0,0,17511,17511,0,535500,2,"Australia","Tasmania",NA,"86525f8e"
2021-04-05,20484,823,5481736,20484,19663,0,0,0,116677,116677,0,6629870,2,"Australia","Victoria",NA,"6c5dccdb"
2021-04-05,948,9,947084,948,922,0,0,0,57018,48371,8647,2630557,2,"Australia","Western Australia",NA,"1f999f12"
2021-04-06,123,3,191107,123,120,0,0,0,13774,13774,0,428060,2,"Australia","Australian Capital Territory",NA,"f42f23e3"
2021-04-06,5310,55,5422265,5310,2802,2,0,0,127339,127339,0,8117976,2,"Australia","New South Wales",NA,"5c4dd6e0"
2021-04-06,112,0,155455,112,106,6,0,0,9028,6936,2092,245562,2,"Australia","Northern Territory",NA,"a079fdb2"
2021-04-06,1491,6,2318436,1491,1357,70,1,0,89350,89350,0,5115451,2,"Australia","Queensland",NA,"36068882"
2021-04-06,661,4,1192514,661,649,1,1,0,29355,29355,0,1756494,2,"Australia","South Australia",NA,"165128d0"
2021-04-06,234,13,197119,234,221,0,0,0,17511,17511,0,535500,2,"Australia","Tasmania",NA,"86525f8e"
2021-04-06,20484,823,5489089,20484,19663,0,0,0,117700,117700,0,6629870,2,"Australia","Victoria",NA,"6c5dccdb"
2021-04-06,950,9,955072,950,923,0,0,0,57464,48780,8684,2630557,2,"Australia","Western Australia",NA,"1f999f12"
2021-04-07,123,3,191765,123,120,0,0,0,14445,14445,0,428060,2,"Australia","Australian Capital Territory",NA,"f42f23e3"
2021-04-07,5316,55,5427141,5316,2802,1.8,0,0,134323,134323,0,8117976,2,"Australia","New South Wales",NA,"5c4dd6e0"
2021-04-07,112,0,157018,112,106,6,0,0,9600,7508,2092,245562,2,"Australia","Northern Territory",NA,"a079fdb2"
2021-04-07,1497,6,2326788,1497,1366,73,1,0,94762,94762,0,5115451,2,"Australia","Queensland",NA,"36068882"
2021-04-07,662,4,1195026,662,649,1,1,0,30735,30735,0,1756494,2,"Australia","South Australia",NA,"165128d0"
2021-04-07,234,13,197555,234,221,0,0,0,17511,17511,0,535500,2,"Australia","Tasmania",NA,"86525f8e"
2021-04-07,20484,823,5500835,20484,19663,0,0,0,123759,123759,0,6629870,2,"Australia","Victoria",NA,"6c5dccdb"
2021-04-07,951,9,957490,951,924,0,0,0,59765,50211,9554,2630557,2,"Australia","Western Australia",NA,"1f999f12"
2021-04-08,123,3,192280,123,120,0,0,0,15134,15134,0,428060,2,"Australia","Australian Capital Territory",NA,"f42f23e3"
2021-04-08,5318,55,5438835,5318,2802,2.1,0,0,140551,140551,0,8117976,2,"Australia","New South Wales",NA,"5c4dd6e0"
2021-04-08,112,0,157866,112,107,5,0,0,9600,6679,2921,245562,2,"Australia","Northern Territory",NA,"a079fdb2"
2021-04-08,1500,6,2336802,1500,1366,68,1,0,100298,100298,0,5115451,2,"Australia","Queensland",NA,"36068882"
2021-04-08,663,4,1199129,663,651,1,1,0,32635,32635,0,1756494,2,"Australia","South Australia",NA,"165128d0"
2021-04-08,234,13,198428,234,221,0,0,0,19903,19903,0,535500,2,"Australia","Tasmania",NA,"86525f8e"
2021-04-08,20484,823,5514126,20484,19664,0,0,0,129537,129537,0,6629870,2,"Australia","Victoria",NA,"6c5dccdb"
2021-04-08,951,9,960701,951,928,0,0,0,62297,51963,10334,2630557,2,"Australia","Western Australia",NA,"1f999f12"
2021-04-09,123,3,192641,123,120,0,0,0,29049,29049,0,428060,2,"Australia","Australian Capital Territory",NA,"f42f23e3"
2021-04-09,5320,55,5452913,5320,2802,2,0,0,316187,316187,0,8117976,2,"Australia","New South Wales",NA,"5c4dd6e0"
2021-04-09,112,0,159043,112,107,5,0,0,14117,11196,2921,245562,2,"Australia","Northern Territory",NA,"a079fdb2"
2021-04-09,1501,6,2346536,1501,1376,68,1,0,222884,222884,0,5115451,2,"Australia","Queensland",NA,"36068882"
2021-04-09,665,4,1203079,665,651,1,1,0,80497,80497,0,1756494,2,"Australia","South Australia",NA,"165128d0"
2021-04-09,234,13,199231,234,221,0,0,0,40196,40196,0,535500,2,"Australia","Tasmania",NA,"86525f8e"
2021-04-09,20484,823,5532589,20484,19664,0,0,0,261050,261050,0,6629870,2,"Australia","Victoria",NA,"6c5dccdb"
2021-04-09,951,9,963123,951,932,0,0,0,113531,102317,11214,2630557,2,"Australia","Western Australia",NA,"1f999f12"
2021-04-10,123,3,192984,123,120,0,0,0,30349,30349,0,428060,2,"Australia","Australian Capital Territory",NA,"f42f23e3"
2021-04-10,5324,55,5461599,5324,2802,0.82,0,0,335270,335270,0,8117976,2,"Australia","New South Wales",NA,"5c4dd6e0"
2021-04-10,112,0,159802,112,107,5,0,0,14966,12045,2921,245562,2,"Australia","Northern Territory",NA,"a079fdb2"
2021-04-10,1502,6,2353961,1502,1381,62,1,0,235734,235734,0,5115451,2,"Australia","Queensland",NA,"36068882"
2021-04-10,665,4,1206196,665,654,1,1,0,86580,86580,0,1756494,2,"Australia","South Australia",NA,"165128d0"
2021-04-10,234,13,199971,234,221,0,0,0,42988,42988,0,535500,2,"Australia","Tasmania",NA,"86525f8e"
2021-04-10,20485,823,5545688,20485,19664,0,0,0,274306,274306,0,6629870,2,"Australia","Victoria",NA,"6c5dccdb"
2021-04-10,951,9,963123,951,933,0,0,0,118673,106755,11918,2630557,2,"Australia","Western Australia",NA,"1f999f12"
2021-04-11,123,3,193180,123,120,0,0,0,31351,31351,0,428060,2,"Australia","Australian Capital Territory",NA,"f42f23e3"
2021-04-11,5330,55,5469526,5330,2802,1.84,0,0,342315,342315,0,8117976,2,"Australia","New South Wales",NA,"5c4dd6e0"
2021-04-11,112,0,160350,112,107,5,0,0,15000,12079,2921,245562,2,"Australia","Northern Territory",NA,"a079fdb2"
2021-04-11,1502,6,2359671,1502,1381,57,0,0,240995,240995,0,5115451,2,"Australia","Queensland",NA,"36068882"
2021-04-11,666,4,1209621,666,657,1,1,0,88589,88589,0,1756494,2,"Australia","South Australia",NA,"165128d0"
2021-04-11,234,13,200390,234,221,0,0,0,44886,44886,0,535500,2,"Australia","Tasmania",NA,"86525f8e"
2021-04-11,20485,823,5557708,20485,19664,0,0,0,281714,281714,0,6629870,2,"Australia","Victoria",NA,"6c5dccdb"
2021-04-11,953,9,963123,953,933,0,0,0,121718,109630,12088,2630557,2,"Australia","Western Australia",NA,"1f999f12"
2021-04-12,123,3,193491,123,120,0,0,0,32373,32373,0,428060,2,"Australia","Australian Capital Territory",NA,"f42f23e3"
2021-04-12,5339,55,5476724,5339,2802,2.12,0,0,344318,344318,0,8117976,2,"Australia","New South Wales",NA,"5c4dd6e0"
2021-04-12,112,0,160990,112,108,4,0,0,15026,11243,3783,245562,2,"Australia","Northern Territory",NA,"a079fdb2"
2021-04-12,1504,6,2363449,1504,1381,55,0,0,243254,243254,0,5115451,2,"Australia","Queensland",NA,"36068882"
2021-04-12,666,4,1212292,666,657,1,1,0,89762,89762,0,1756494,2,"Australia","South Australia",NA,"165128d0"
2021-04-12,234,13,200745,234,221,0,0,0,45555,45555,0,535500,2,"Australia","Tasmania",NA,"86525f8e"
2021-04-12,20487,823,5567211,20487,19664,0,0,0,285242,285242,0,6629870,2,"Australia","Victoria",NA,"6c5dccdb"
2021-04-12,954,9,970984,954,935,0,0,0,122772,110600,12172,2630557,2,"Australia","Western Australia",NA,"1f999f12"
2021-04-13,123,3,193948,123,120,0,0,0,32974,32974,0,428060,2,"Australia","Australian Capital Territory",NA,"f42f23e3"
2021-04-13,5344,55,5482234,5344,2802,3,1,0,348677,348677,0,8117976,2,"Australia","New South Wales",NA,"5c4dd6e0"
2021-04-13,112,0,161813,112,108,4,0,0,15026,11243,3783,245562,2,"Australia","Northern Territory",NA,"a079fdb2"
2021-04-13,1506,7,2368757,1506,1381,54,0,0,246359,246359,0,5115451,2,"Australia","Queensland",NA,"36068882"
2021-04-13,674,4,1214869,674,657,1,1,0,91312,91312,0,1756494,2,"Australia","South Australia",NA,"165128d0"
2021-04-13,234,13,201286,234,221,0,0,0,46442,46442,0,535500,2,"Australia","Tasmania",NA,"86525f8e"
2021-04-13,20487,823,5577549,20487,19664,0,0,0,288720,288720,0,6629870,2,"Australia","Victoria",NA,"6c5dccdb"
2021-04-13,957,9,973942,957,937,1,0,0,124521,111558,12963,2630557,2,"Australia","Western Australia",NA,"1f999f12"
2021-04-14,123,3,194398,123,120,0,0,0,34968,34968,0,428060,2,"Australia","Australian Capital Territory",NA,"f42f23e3"
2021-04-14,5347,55,5494494,5347,2802,2.2,1,0,382687,382687,0,8117976,2,"Australia","New South Wales",NA,"5c4dd6e0"
2021-04-14,112,0,162722,112,108,5,0,0,16478,12695,3783,245562,2,"Australia","Northern Territory",NA,"a079fdb2"
2021-04-14,1508,7,2377003,1508,1397,50,0,0,266103,266103,0,5115451,2,"Australia","Queensland",NA,"36068882"
2021-04-14,675,4,1218552,675,657,1,1,0,99037,99037,0,1756494,2,"Australia","South Australia",NA,"165128d0"
2021-04-14,234,13,202037,234,221,0,0,0,49681,49681,0,535500,2,"Australia","Tasmania",NA,"86525f8e"
2021-04-14,20487,823,5593551,20487,19664,0,0,0,312718,312718,0,6629870,2,"Australia","Victoria",NA,"6c5dccdb"
2021-04-14,964,9,977434,964,938,1,0,0,134000,120173,13827,2630557,2,"Australia","Western Australia",NA,"1f999f12"
2021-04-15,123,3,194795,123,120,0,0,0,36295,36295,0,428060,2,"Australia","Australian Capital Territory",NA,"f42f23e3"
2021-04-15,5356,55,5505042,5356,2802,1,1,0,403138,403138,0,8117976,2,"Australia","New South Wales",NA,"5c4dd6e0"
2021-04-15,113,0,163927,113,108,5,0,0,17197,13414,3783,245562,2,"Australia","Northern Territory",NA,"a079fdb2"
2021-04-15,1509,7,2385131,1509,1397,42,0,0,279116,279116,0,5115451,2,"Australia","Queensland",NA,"36068882"
2021-04-15,677,4,1222220,677,661,1,1,0,105120,105120,0,1756494,2,"Australia","South Australia",NA,"165128d0"
2021-04-15,234,13,202811,234,221,0,0,0,51454,51454,0,535500,2,"Australia","Tasmania",NA,"86525f8e"
2021-04-15,20492,823,5610591,20492,19664,0,0,0,327299,327299,0,6629870,2,"Australia","Victoria",NA,"6c5dccdb"
2021-04-15,965,9,980080,965,938,1,0,0,139686,125019,14667,2630557,2,"Australia","Western Australia",NA,"1f999f12"
2021-04-16,123,3,195169,123,120,0,0,0,37438,37438,0,428060,2,"Australia","Australian Capital Territory",NA,"f42f23e3"
2021-04-16,5363,55,5515457,5363,2802,3,1,0,422480,422480,0,8117976,2,"Australia","New South Wales",NA,"5c4dd6e0"
2021-04-16,113,0,164669,113,108,5,0,0,17812,14029,3783,245562,2,"Australia","Northern Territory",NA,"a079fdb2"
2021-04-16,1515,7,2392153,1515,1397,36,0,0,291966,291966,0,5115451,2,"Australia","Queensland",NA,"36068882"
2021-04-16,678,4,1224963,678,665,1,1,0,110105,110105,0,1756494,2,"Australia","South Australia",NA,"165128d0"
2021-04-16,234,13,203559,234,221,0,0,0,54085,54085,0,535500,2,"Australia","Tasmania",NA,"86525f8e"
2021-04-16,20492,823,5625299,20492,19664,0,0,0,341481,341481,0,6629870,2,"Australia","Victoria",NA,"6c5dccdb"
2021-04-16,966,9,982480,966,940,1,0,0,145210,129838,15372,2630557,2,"Australia","Western Australia",NA,"1f999f12"
2021-04-17,123,3,195423,123,120,0,0,0,38486,38486,0,428060,2,"Australia","Australian Capital Territory",NA,"f42f23e3"
2021-04-17,5370,55,5524220,5370,2802,4,1,0,440396,440396,0,8117976,2,"Australia","New South Wales",NA,"5c4dd6e0"
2021-04-17,119,0,165464,119,108,11,0,0,18560,14777,3783,245562,2,"Australia","Northern Territory",NA,"a079fdb2"
2021-04-17,1516,7,2396981,1516,1429,27,0,0,302123,302123,0,5115451,2,"Australia","Queensland",NA,"36068882"
2021-04-17,682,4,1227672,682,665,1,1,0,114532,114532,0,1756494,2,"Australia","South Australia",NA,"165128d0"
2021-04-17,234,13,204059,234,221,0,0,0,55655,55655,0,535500,2,"Australia","Tasmania",NA,"86525f8e"
2021-04-17,20494,823,5637128,20494,19664,0,0,0,354490,354490,0,6629870,2,"Australia","Victoria",NA,"6c5dccdb"
2021-04-17,967,9,982480,967,941,1,0,0,150295,134923,15372,2630557,2,"Australia","Western Australia",NA,"1f999f12"
2021-04-18,123,3,195604,123,120,0,0,0,39615,39615,0,428060,2,"Australia","Australian Capital Territory",NA,"f42f23e3"
2021-04-18,5376,55,5532308,5376,2802,4,1,0,447239,447239,0,8117976,2,"Australia","New South Wales",NA,"5c4dd6e0"
2021-04-18,119,0,166081,119,108,11,0,0,18607,14824,3783,245562,2,"Australia","Northern Territory",NA,"a079fdb2"
2021-04-18,1518,7,2400577,1518,1440,27,0,0,305403,305403,0,5115451,2,"Australia","Queensland",NA,"36068882"
2021-04-18,682,4,1230126,682,665,1,1,0,116268,116268,0,1756494,2,"Australia","South Australia",NA,"165128d0"
2021-04-18,234,13,204493,234,221,0,0,0,56765,56765,0,535500,2,"Australia","Tasmania",NA,"86525f8e"
2021-04-18,20494,823,5645786,20494,19664,0,0,0,359773,359773,0,6629870,2,"Australia","Victoria",NA,"6c5dccdb"
2021-04-18,973,9,982480,973,941,1,1,0,152938,137566,15372,2630557,2,"Australia","Western Australia",NA,"1f999f12"
2021-04-19,123,3,195806,123,120,0,0,0,39983,39983,0,428060,2,"Australia","Australian Capital Territory",NA,"f42f23e3"
2021-04-19,5384,55,5539974,5384,2802,4.9,1,0,468824,468824,0,8117976,2,"Australia","New South Wales",NA,"5c4dd6e0"
2021-04-19,123,0,167076,123,111,12,0,0,18744,14961,3783,245562,2,"Australia","Northern Territory",NA,"a079fdb2"
2021-04-19,1518,7,2403776,1518,1442,25,0,0,340250,340250,0,5115451,2,"Australia","Queensland",NA,"36068882"
2021-04-19,688,4,1232250,688,665,1,1,0,119102,119102,0,1756494,2,"Australia","South Australia",NA,"165128d0"
2021-04-19,234,13,204827,234,221,0,0,0,56800,56800,0,535500,2,"Australia","Tasmania",NA,"86525f8e"
2021-04-19,20498,823,5653701,20498,19664,0,0,0,378550,378550,0,6629870,2,"Australia","Victoria",NA,"6c5dccdb"
2021-04-19,975,9,988693,975,941,1,1,0,163999,147738,16261,2630557,2,"Australia","Western Australia",NA,"1f999f12"
2021-04-20,123,3,196306,123,120,0,0,0,41716,41716,0,428060,2,"Australia","Australian Capital Territory",NA,"f42f23e3"
2021-04-20,5387,55,5545759,5387,2802,5.68,1,0,488757,488757,0,8117976,2,"Australia","New South Wales",NA,"5c4dd6e0"
2021-04-20,129,0,167959,129,111,18,0,0,19324,15541,3783,245562,2,"Australia","Northern Territory",NA,"a079fdb2"
2021-04-20,1518,7,2408709,1518,1449,20,0,0,353927,353927,0,5115451,2,"Australia","Queensland",NA,"36068882"
2021-04-20,691,4,1234866,691,669,3,1,0,124380,124380,0,1756494,2,"Australia","South Australia",NA,"165128d0"
2021-04-20,234,13,205085,234,221,0,0,0,58706,58706,0,535500,2,"Australia","Tasmania",NA,"86525f8e"
2021-04-20,20499,823,5663743,20499,19665,0,0,0,395255,395255,0,6629870,2,"Australia","Victoria",NA,"6c5dccdb"
2021-04-20,978,9,991554,978,942,1,1,0,171221,153890,17331,2630557,2,"Australia","Western Australia",NA,"1f999f12"
2021-04-21,123,3,196780,123,120,0,0,0,43179,43179,0,428060,2,"Australia","Australian Capital Territory",NA,"f42f23e3"
2021-04-21,5395,55,5557702,5395,2802,6,1,1,509499,509499,0,8117976,2,"Australia","New South Wales",NA,"5c4dd6e0"
2021-04-21,132,0,168994,132,111,21,0,0,19978,15176,4802,245562,2,"Australia","Northern Territory",NA,"a079fdb2"
2021-04-21,1519,7,2414142,1519,1448,17,0,0,367092,367092,0,5115451,2,"Australia","Queensland",NA,"36068882"
2021-04-21,693,4,1237969,693,668,2,0,0,129219,129219,0,1756494,2,"Australia","South Australia",NA,"165128d0"
2021-04-21,234,13,205903,234,221,0,0,0,60820,60820,0,535500,2,"Australia","Tasmania",NA,"86525f8e"
2021-04-21,20502,823,5676349,20502,19665,0,0,0,410329,410329,0,6629870,2,"Australia","Victoria",NA,"6c5dccdb"
2021-04-21,980,9,993891,980,943,1,1,0,177991,159569,18422,2630557,2,"Australia","Western Australia",NA,"1f999f12"
2021-04-22,123,3,197020,123,120,0,0,0,44394,44394,0,428060,2,"Australia","Australian Capital Territory",NA,"f42f23e3"
2021-04-22,5400,55,5567966,5400,2802,4,1,1,530891,530891,0,8117976,2,"Australia","New South Wales",NA,"5c4dd6e0"
2021-04-22,137,0,169911,137,111,26,0,0,20827,16025,4802,245562,2,"Australia","Northern Territory",NA,"a079fdb2"
2021-04-22,1520,7,2419307,1520,1451,14,0,0,380702,380702,0,5115451,2,"Australia","Queensland",NA,"36068882"
2021-04-22,702,4,1241248,702,668,2,0,0,134182,134182,0,1756494,2,"Australia","South Australia",NA,"165128d0"
2021-04-22,234,13,206612,234,221,0,0,0,63004,63004,0,535500,2,"Australia","Tasmania",NA,"86525f8e"
2021-04-22,20504,823,5690300,20504,19665,0,0,0,427266,427266,0,6629870,2,"Australia","Victoria",NA,"6c5dccdb"
2021-04-22,982,9,996552,982,944,1,0,0,184432,165071,19361,2630557,2,"Australia","Western Australia",NA,"1f999f12"
2021-04-23,123,3,197464,123,120,0,0,0,45442,45442,0,428060,2,"Australia","Australian Capital Territory",NA,"f42f23e3"
2021-04-23,5418,55,5577952,5418,2802,1.8,1,1,550342,550342,0,8117976,2,"Australia","New South Wales",NA,"5c4dd6e0"
2021-04-23,149,0,170749,149,111,38,0,0,21741,16939,4802,245562,2,"Australia","Northern Territory",NA,"a079fdb2"
2021-04-23,1524,7,2422128,1524,1453,18,0,0,396676,396676,0,5115451,2,"Australia","Queensland",NA,"36068882"
2021-04-23,703,4,1244195,703,675,2,0,0,139034,139034,0,1756494,2,"Australia","South Australia",NA,"165128d0"
2021-04-23,234,13,207242,234,221,0,0,0,65305,65305,0,535500,2,"Australia","Tasmania",NA,"86525f8e"
2021-04-23,20507,823,5703533,20507,19665,0,0,0,446451,446451,0,6629870,2,"Australia","Victoria",NA,"6c5dccdb"
2021-04-23,982,9,999110,982,944,1,0,0,190610,170451,20159,2630557,2,"Australia","Western Australia",NA,"1f999f12"
2021-04-24,123,3,197683,123,120,0,0,0,46787,46787,0,428060,2,"Australia","Australian Capital Territory",NA,"f42f23e3"
2021-04-24,5419,55,5586520,5419,2802,1.82,1,1,568181,568181,0,8117976,2,"Australia","New South Wales",NA,"5c4dd6e0"
2021-04-24,159,0,171612,159,111,48,0,0,22391,17589,4802,245562,2,"Australia","Northern Territory",NA,"a079fdb2"
2021-04-24,1527,7,2430383,1527,1454,16,0,0,409564,409564,0,5115451,2,"Australia","Queensland",NA,"36068882"
2021-04-24,704,4,1246634,704,675,1,0,0,143378,143378,0,1756494,2,"Australia","South Australia",NA,"165128d0"
2021-04-24,234,13,207890,234,221,0,0,0,66721,66721,0,535500,2,"Australia","Tasmania",NA,"86525f8e"
2021-04-24,20508,823,5716612,20508,19665,0,0,0,459846,459846,0,6629870,2,"Australia","Victoria",NA,"6c5dccdb"
2021-04-24,984,9,1003187,984,946,1,0,0,197179,177020,20159,2630557,2,"Australia","Western Australia",NA,"1f999f12"
2021-04-25,123,3,197942,123,120,0,0,0,47701,47701,0,428060,2,"Australia","Australian Capital Territory",NA,"f42f23e3"
2021-04-25,5420,55,5594226,5420,2802,1.74,1,1,573892,573892,0,8117976,2,"Australia","New South Wales",NA,"5c4dd6e0"
2021-04-25,160,0,172789,160,111,49,0,0,22398,17596,4802,245562,2,"Australia","Northern Territory",NA,"a079fdb2"
2021-04-25,1529,7,2434416,1529,1455,16,0,0,412925,412925,0,5115451,2,"Australia","Queensland",NA,"36068882"
2021-04-25,705,4,1250221,705,678,1,0,0,144254,144254,0,1756494,2,"Australia","South Australia",NA,"165128d0"
2021-04-25,234,13,208322,234,221,0,0,0,67462,67462,0,535500,2,"Australia","Tasmania",NA,"86525f8e"
2021-04-25,20509,823,5730553,20509,19666,0,0,0,466222,466222,0,6629870,2,"Australia","Victoria",NA,"6c5dccdb"
2021-04-25,986,9,1015046,986,946,0,0,0,199233,178265,20968,2630557,2,"Australia","Western Australia",NA,"1f999f12"
2021-04-26,123,3,198154,123,120,0,0,0,48204,48204,0,428060,2,"Australia","Australian Capital Territory",NA,"f42f23e3"
2021-04-26,5428,55,5601641,5428,2802,1.74,1,1,574417,574417,0,8117976,2,"Australia","New South Wales",NA,"5c4dd6e0"
2021-04-26,164,0,173511,164,111,53,0,0,22398,17596,4802,245562,2,"Australia","Northern Territory",NA,"a079fdb2"
2021-04-26,1532,7,2437183,1532,1467,16,0,0,413242,413242,0,5115451,2,"Australia","Queensland",NA,"36068882"
2021-04-26,719,4,1253595,719,683,1,0,0,144539,144539,0,1756494,2,"Australia","South Australia",NA,"165128d0"
2021-04-26,234,13,208752,234,221,0,0,0,67613,67613,0,535500,2,"Australia","Tasmania",NA,"86525f8e"
2021-04-26,20509,823,5743233,20509,19666,0,0,0,467331,467331,0,6629870,2,"Australia","Victoria",NA,"6c5dccdb"
2021-04-26,986,9,1028075,986,948,1,0,0,199741,178773,20968,2630557,2,"Australia","Western Australia",NA,"1f999f12"
2021-04-27,123,3,198381,123,120,0,0,0,48855,48855,0,428060,2,"Australia","Australian Capital Territory",NA,"f42f23e3"
2021-04-27,5440,55,5606431,5440,2802,1.9,1,1,588050,588050,0,8117976,2,"Australia","New South Wales",NA,"5c4dd6e0"
2021-04-27,164,0,174220,164,112,52,0,0,22424,17622,4802,245562,2,"Australia","Northern Territory",NA,"a079fdb2"
2021-04-27,1541,7,2440105,1541,1502,14,0,0,414776,414776,0,5115451,2,"Australia","Queensland",NA,"36068882"
2021-04-27,720,4,1256344,720,683,2,0,0,145483,145483,0,1756494,2,"Australia","South Australia",NA,"165128d0"
2021-04-27,234,13,209305,234,221,0,0,0,69186,69186,0,535500,2,"Australia","Tasmania",NA,"86525f8e"
2021-04-27,20513,823,5760108,20513,19666,0,0,0,479185,479185,0,6629870,2,"Australia","Victoria",NA,"6c5dccdb"
2021-04-27,990,9,1041740,990,953,1,0,0,201378,180219,21159,2630557,2,"Australia","Western Australia",NA,"1f999f12"
2021-04-28,124,3,198921,124,120,0,0,0,50158,50158,0,428060,2,"Australia","Australian Capital Territory",NA,"f42f23e3"
2021-04-28,5449,55,5623066,5449,2802,4.16,1,1,604810,604810,0,8117976,2,"Australia","New South Wales",NA,"5c4dd6e0"
2021-04-28,165,0,175528,165,113,52,0,0,22928,18126,4802,245562,2,"Australia","Northern Territory",NA,"a079fdb2"
2021-04-28,1550,7,2446266,1550,1502,16,0,0,427172,427172,0,5115451,2,"Australia","Queensland",NA,"36068882"
2021-04-28,719,4,1259490,719,684,2,0,0,149640,149640,0,1756494,2,"Australia","South Australia",NA,"165128d0"
2021-04-28,234,13,210249,234,221,0,0,0,71040,71040,0,535500,2,"Australia","Tasmania",NA,"86525f8e"
2021-04-28,20515,823,5777123,20515,19672,0,0,0,496380,496380,0,6629870,2,"Australia","Victoria",NA,"6c5dccdb"
2021-04-28,994,9,1055453,994,958,1,1,0,207416,185686,21730,2630557,2,"Australia","Western Australia",NA,"1f999f12"
2021-04-29,124,3,199369,124,120,0,0,0,52062,52062,0,428060,2,"Australia","Australian Capital Territory",NA,"f42f23e3"
2021-04-29,5464,55,5635960,5464,2802,2.28,1,1,630218,630218,0,8117976,2,"Australia","New South Wales",NA,"5c4dd6e0"
2021-04-29,165,0,176521,165,116,49,0,0,23612,18810,4802,245562,2,"Australia","Northern Territory",NA,"a079fdb2"
2021-04-29,1556,7,2452628,1556,1502,16,0,0,444065,444065,0,5115451,2,"Australia","Queensland",NA,"36068882"
2021-04-29,722,4,1263615,722,686,1,0,0,155478,155478,0,1756494,2,"Australia","South Australia",NA,"165128d0"
2021-04-29,234,13,210813,234,221,0,0,0,73597,73597,0,535500,2,"Australia","Tasmania",NA,"86525f8e"
2021-04-29,20516,823,5794014,20516,19673,0,0,0,516869,516869,0,6629870,2,"Australia","Victoria",NA,"6c5dccdb"
2021-04-29,998,9,1063598,998,961,1,1,0,216384,194081,22303,2630557,2,"Australia","Western Australia",NA,"1f999f12"
2021-04-30,124,3,199705,124,120,0,0,0,53253,53253,0,428060,2,"Australia","Australian Capital Territory",NA,"f42f23e3"
2021-04-30,5477,55,5647330,5477,2802,2.24,1,1,649898,649898,0,8117976,2,"Australia","New South Wales",NA,"5c4dd6e0"
2021-04-30,166,0,177322,166,117,49,0,0,24324,19522,4802,245562,2,"Australia","Northern Territory",NA,"a079fdb2"
2021-04-30,1559,7,2458965,1559,1507,18,0,0,458425,458425,0,5115451,2,"Australia","Queensland",NA,"36068882"
2021-04-30,724,4,1268333,724,687,2,0,0,160798,160798,0,1756494,2,"Australia","South Australia",NA,"165128d0"
2021-04-30,234,13,211464,234,221,0,0,0,75483,75483,0,535500,2,"Australia","Tasmania",NA,"86525f8e"
2021-04-30,20518,823,5809670,20518,19674,0,0,0,533674,533674,0,6629870,2,"Australia","Victoria",NA,"6c5dccdb"
2021-04-30,999,9,1067992,999,962,1,1,0,223689,200810,22879,2630557,2,"Australia","Western Australia",NA,"1f999f12"
2021-05-01,124,3,199935,124,120,0,0,0,54389,54389,0,428060,2,"Australia","Australian Capital Territory",NA,"f42f23e3"
2021-05-01,5481,55,5657557,5481,2802,4.4,1,1,667243,667243,0,8117976,2,"Australia","New South Wales",NA,"5c4dd6e0"
2021-05-01,166,0,178241,166,117,49,0,0,25081,20279,4802,245562,2,"Australia","Northern Territory",NA,"a079fdb2"
2021-05-01,1561,7,2464657,1561,1507,17,0,0,469400,469400,0,5115451,2,"Australia","Queensland",NA,"36068882"
2021-05-01,725,4,1271818,725,690,2,0,0,165372,165372,0,1756494,2,"Australia","South Australia",NA,"165128d0"
2021-05-01,234,13,212114,234,221,0,0,0,76953,76953,0,535500,2,"Australia","Tasmania",NA,"86525f8e"
2021-05-01,20521,823,5824918,20521,19678,0,0,0,546177,546177,0,6629870,2,"Australia","Victoria",NA,"6c5dccdb"
2021-05-01,1000,9,1067992,1000,968,1,1,0,230229,206737,23492,2630557,2,"Australia","Western Australia",NA,"1f999f12"
2021-05-02,124,3,200196,124,120,0,0,0,55099,55099,0,428060,2,"Australia","Australian Capital Territory",NA,"f42f23e3"
2021-05-02,5484,55,5666557,5484,2802,2.06,1,1,672362,672362,0,8117976,2,"Australia","New South Wales",NA,"5c4dd6e0"
2021-05-02,166,0,178859,166,125,41,0,0,25101,20299,4802,245562,2,"Australia","Northern Territory",NA,"a079fdb2"
2021-05-02,1564,7,2468776,1564,1511,17,0,0,472629,472629,0,5115451,2,"Australia","Queensland",NA,"36068882"
2021-05-02,727,4,1275190,727,690,1,0,0,166950,166950,0,1756494,2,"Australia","South Australia",NA,"165128d0"
2021-05-02,234,13,212503,234,221,0,0,0,77752,77752,0,535500,2,"Australia","Tasmania",NA,"86525f8e"
2021-05-02,20522,823,5837202,20522,19679,0,0,0,551141,551141,0,6629870,2,"Australia","Victoria",NA,"6c5dccdb"
2021-05-02,1005,9,1071290,1005,970,2,1,0,233040,209548,23492,2630557,2,"Australia","Western Australia",NA,"1f999f12"
2021-05-03,124,3,200291,124,120,0,0,0,55483,55483,0,428060,2,"Australia","Australian Capital Territory",NA,"f42f23e3"
2021-05-03,5489,55,5674477,5489,2802,2.02,1,1,673278,673278,0,8117976,2,"Australia","New South Wales",NA,"5c4dd6e0"
2021-05-03,166,0,179319,166,131,35,0,0,25151,20349,4802,245562,2,"Australia","Northern Territory",NA,"a079fdb2"
2021-05-03,1567,7,2471894,1567,1511,18,0,0,473522,473522,0,5115451,2,"Australia","Queensland",NA,"36068882"
2021-05-03,730,4,1277209,730,691,1,0,0,167476,167476,0,1756494,2,"Australia","South Australia",NA,"165128d0"
2021-05-03,234,13,212760,234,221,0,0,0,77971,77971,0,535500,2,"Australia","Tasmania",NA,"86525f8e"
2021-05-03,20523,823,5848862,20523,19682,0,0,0,553422,553422,0,6629870,2,"Australia","Victoria",NA,"6c5dccdb"
2021-05-03,1008,9,1081404,1008,972,3,1,0,234312,210809,23503,2630557,2,"Australia","Western Australia",NA,"1f999f12"
2021-05-04,124,3,200796,124,120,0,0,0,57235,57235,0,428060,2,"Australia","Australian Capital Territory",NA,"f42f23e3"
2021-05-04,5496,55,5680078,5496,2802,2.1,1,1,691136,691136,0,8117976,2,"Australia","New South Wales",NA,"5c4dd6e0"
2021-05-04,166,0,180462,166,131,35,0,0,24877,20075,4802,245562,2,"Australia","Northern Territory",NA,"a079fdb2"
2021-05-04,1568,7,2474437,1568,1511,18,0,0,475570,475570,0,5115451,2,"Australia","Queensland",NA,"36068882"
2021-05-04,732,4,1279990,732,694,2,0,0,172408,172408,0,1756494,2,"Australia","South Australia",NA,"165128d0"
2021-05-04,234,13,213282,234,221,0,0,0,80652,80652,0,535500,2,"Australia","Tasmania",NA,"86525f8e"
2021-05-04,20524,823,5863187,20524,19683,0,0,0,572577,572577,0,6629870,2,"Australia","Victoria",NA,"6c5dccdb"
2021-05-04,1008,9,1084717,1008,973,3,0,0,242514,218466,24048,2630557,2,"Australia","Western Australia",NA,"1f999f12"
2021-05-05,124,3,201265,124,120,0,0,0,58833,58833,0,428060,2,"Australia","Australian Capital Territory",NA,"f42f23e3"
2021-05-05,5507,55,5693622,5507,2802,3.24,1,1,713270,713270,0,8117976,2,"Australia","New South Wales",NA,"5c4dd6e0"
2021-05-05,166,0,181296,166,137,29,0,0,25636,19812,5824,245562,2,"Australia","Northern Territory",NA,"a079fdb2"
2021-05-05,1568,7,2479284,1568,1524,17,0,0,490527,490527,0,5115451,2,"Australia","Queensland",NA,"36068882"
2021-05-05,733,4,1283004,733,699,2,0,0,177984,177984,0,1756494,2,"Australia","South Australia",NA,"165128d0"
2021-05-05,234,13,213920,234,221,0,0,0,82905,82905,0,535500,2,"Australia","Tasmania",NA,"86525f8e"
2021-05-05,20524,823,5882589,20524,19684,0,0,0,596444,596444,0,6629870,2,"Australia","Victoria",NA,"6c5dccdb"
2021-05-05,1010,9,1095206,1010,975,3,0,0,250715,226112,24603,2630557,2,"Australia","Western Australia",NA,"1f999f12"
2021-05-06,124,3,201747,124,121,0,0,0,60247,60247,0,428060,2,"Australia","Australian Capital Territory",NA,"f42f23e3"
2021-05-06,5516,55,5705201,5516,2802,3.36,1,1,735153,735153,0,8117976,2,"Australia","New South Wales",NA,"5c4dd6e0"
2021-05-06,167,0,182186,167,146,21,0,0,26597,20773,5824,245562,2,"Australia","Northern Territory",NA,"a079fdb2"
2021-05-06,1571,7,2485240,1571,1524,20,0,0,505559,505559,0,5115451,2,"Australia","Queensland",NA,"36068882"
2021-05-06,735,4,1286392,735,702,1,0,0,183785,183785,0,1756494,2,"Australia","South Australia",NA,"165128d0"
2021-05-06,234,13,214553,234,221,0,0,0,84272,84272,0,535500,2,"Australia","Tasmania",NA,"86525f8e"
2021-05-06,20526,823,5898989,20526,19687,0,0,0,618981,618981,0,6629870,2,"Australia","Victoria",NA,"6c5dccdb"
2021-05-06,1013,9,1106513,1013,976,1,0,0,258935,233864,25071,2630557,2,"Australia","Western Australia",NA,"1f999f12"
2021-05-07,124,3,202223,124,121,0,0,0,61710,61710,0,428060,2,"Australia","Australian Capital Territory",NA,"f42f23e3"
2021-05-07,5521,55,5718540,5521,2802,3.42,1,1,757224,757224,0,8117976,2,"Australia","New South Wales",NA,"5c4dd6e0"
2021-05-07,167,0,183174,167,154,13,0,0,27705,21881,5824,245562,2,"Australia","Northern Territory",NA,"a079fdb2"
2021-05-07,1574,7,2492639,1574,1538,21,0,0,521357,521357,0,5115451,2,"Australia","Queensland",NA,"36068882"
2021-05-07,738,4,1289733,738,703,1,0,0,189465,189465,0,1756494,2,"Australia","South Australia",NA,"165128d0"
2021-05-07,234,13,215215,234,221,0,0,0,86116,86116,0,535500,2,"Australia","Tasmania",NA,"86525f8e"
2021-05-07,20526,823,5915124,20526,19689,0,0,0,643545,643545,0,6629870,2,"Australia","Victoria",NA,"6c5dccdb"
2021-05-07,1013,9,1108979,1013,979,1,0,0,267409,241741,25668,2630557,2,"Australia","Western Australia",NA,"1f999f12"
2021-05-08,124,3,202662,124,121,0,0,0,63346,63346,0,428060,2,"Australia","Australian Capital Territory",NA,"f42f23e3"
2021-05-08,5527,55,5740693,5527,2802,3.39,1,1,778812,778812,0,8117976,2,"Australia","New South Wales",NA,"5c4dd6e0"
2021-05-08,167,0,183758,167,155,12,0,0,28534,22710,5824,245562,2,"Australia","Northern Territory",NA,"a079fdb2"
2021-05-08,1576,7,2499215,1576,1538,21,0,0,536187,536187,0,5115451,2,"Australia","Queensland",NA,"36068882"
2021-05-08,738,4,1292604,738,708,1,0,0,195350,195350,0,1756494,2,"Australia","South Australia",NA,"165128d0"
2021-05-08,234,13,215888,234,221,0,0,0,88403,88403,0,535500,2,"Australia","Tasmania",NA,"86525f8e"
2021-05-08,20527,823,5933641,20527,19691,0,0,0,662073,662073,0,6629870,2,"Australia","Victoria",NA,"6c5dccdb"
2021-05-08,1013,9,1112253,1013,982,1,0,0,275020,248687,26333,2630557,2,"Australia","Western Australia",NA,"1f999f12"
2021-05-09,124,3,202924,124,121,0,0,0,64467,64467,0,428060,2,"Australia","Australian Capital Territory",NA,"f42f23e3"
2021-05-09,5532,55,5758717,5532,2802,3.33,1,1,786154,786154,0,8117976,2,"Australia","New South Wales",NA,"5c4dd6e0"
2021-05-09,167,0,184534,167,156,11,0,0,28640,22816,5824,245562,2,"Australia","Northern Territory",NA,"a079fdb2"
2021-05-09,1580,7,2503479,1580,1551,19,0,0,539468,539468,0,5115451,2,"Australia","Queensland",NA,"36068882"
2021-05-09,740,4,1296060,740,710,1,0,0,197191,197191,0,1756494,2,"Australia","South Australia",NA,"165128d0"
2021-05-09,234,13,216271,234,221,0,0,0,89699,89699,0,535500,2,"Australia","Tasmania",NA,"86525f8e"
2021-05-09,20533,823,5946871,20533,19691,0,0,0,670029,670029,0,6629870,2,"Australia","Victoria",NA,"6c5dccdb"
2021-05-09,1013,9,1113328,1013,984,1,1,0,278690,252357,26333,2630557,2,"Australia","Western Australia",NA,"1f999f12"
2021-05-10,124,3,203174,124,121,0,0,0,65043,65043,0,428060,2,"Australia","Australian Capital Territory",NA,"f42f23e3"
2021-05-10,5538,55,5772485,5538,2802,3.36,1,1,787274,787274,0,8117976,2,"Australia","New South Wales",NA,"5c4dd6e0"
2021-05-10,167,0,185058,167,160,11,0,0,28676,22852,5824,245562,2,"Australia","Northern Territory",NA,"a079fdb2"
2021-05-10,1580,7,2507379,1580,1552,19,0,0,541260,541260,0,5115451,2,"Australia","Queensland",NA,"36068882"
2021-05-10,740,4,1298190,740,717,1,0,0,197811,197811,0,1756494,2,"Australia","South Australia",NA,"165128d0"
2021-05-10,234,13,216678,234,221,0,0,0,89806,89806,0,535500,2,"Australia","Tasmania",NA,"86525f8e"
2021-05-10,20535,823,5957417,20535,19692,0,0,0,673242,673242,0,6629870,2,"Australia","Victoria",NA,"6c5dccdb"
2021-05-10,1013,9,1119467,1013,986,1,1,0,280109,253776,26333,2630557,2,"Australia","Western Australia",NA,"1f999f12"
2021-05-11,124,3,203921,124,121,0,0,0,66950,66950,0,428060,2,"Australia","Australian Capital Territory",NA,"f42f23e3"
2021-05-11,5542,55,5780209,5542,2802,2.22,1,1,808251,808251,0,8117976,2,"Australia","New South Wales",NA,"5c4dd6e0"
2021-05-11,167,0,185879,167,161,11,0,0,29675,23851,5824,245562,2,"Australia","Northern Territory",NA,"a079fdb2"
2021-05-11,1581,7,2512713,1581,1555,17,0,0,553579,553579,0,5115451,2,"Australia","Queensland",NA,"36068882"
2021-05-11,740,4,1300332,740,717,1,0,0,202578,202578,0,1756494,2,"Australia","South Australia",NA,"165128d0"
2021-05-11,234,13,217213,234,221,0,0,0,91764,91764,0,535500,2,"Australia","Tasmania",NA,"86525f8e"
2021-05-11,20537,823,5970335,20537,19696,0,0,0,695286,695286,0,6629870,2,"Australia","Victoria",NA,"6c5dccdb"
2021-05-11,1015,9,1124437,1015,991,1,1,0,288024,261009,27015,2630557,2,"Australia","Western Australia",NA,"1f999f12"
2021-05-12,124,3,204403,124,121,0,0,0,68229,68229,0,428060,2,"Australia","Australian Capital Territory",NA,"f42f23e3"
2021-05-12,5546,55,5803433,5546,2802,4,1,1,833095,833095,0,8117976,2,"Australia","New South Wales",NA,"5c4dd6e0"
2021-05-12,167,0,187105,167,162,5,0,0,30690,24866,5824,245562,2,"Australia","Northern Territory",NA,"a079fdb2"
2021-05-12,1583,7,2519779,1583,1555,18,0,0,567934,567934,0,5115451,2,"Australia","Queensland",NA,"36068882"
2021-05-12,741,4,1303897,741,717,2,1,0,207827,207827,0,1756494,2,"Australia","South Australia",NA,"165128d0"
2021-05-12,234,13,217948,234,221,0,0,0,93872,93872,0,535500,2,"Australia","Tasmania",NA,"86525f8e"
2021-05-12,20537,823,5991796,20537,19699,0,0,0,715055,715055,0,6629870,2,"Australia","Victoria",NA,"6c5dccdb"
2021-05-12,1015,9,1128153,1015,993,2,1,0,295784,268103,27681,2630557,2,"Australia","Western Australia",NA,"1f999f12"
2021-05-13,124,3,204902,124,121,0,0,0,69661,69661,0,428060,2,"Australia","Australian Capital Territory",NA,"f42f23e3"
2021-05-13,5551,55,5821239,5551,2802,3.72,1,1,859246,859246,0,8117976,2,"Australia","New South Wales",NA,"5c4dd6e0"
2021-05-13,167,0,187993,167,163,4,0,0,31681,25857,5824,245562,2,"Australia","Northern Territory",NA,"a079fdb2"
2021-05-13,1585,7,2526085,1585,1560,15,0,0,582377,582377,0,5115451,2,"Australia","Queensland",NA,"36068882"
2021-05-13,741,4,1307717,741,722,2,1,0,214310,214310,0,1756494,2,"Australia","South Australia",NA,"165128d0"
2021-05-13,234,13,218570,234,221,0,0,0,95763,95763,0,535500,2,"Australia","Tasmania",NA,"86525f8e"
2021-05-13,20538,823,6013780,20538,19699,0,0,0,738448,738448,0,6629870,2,"Australia","Victoria",NA,"6c5dccdb"
2021-05-13,1015,9,1131460,1015,993,2,1,0,303284,274946,28338,2630557,2,"Australia","Western Australia",NA,"1f999f12"
2021-05-14,124,3,205384,124,121,0,0,0,71176,71176,0,428060,2,"Australia","Australian Capital Territory",NA,"f42f23e3"
2021-05-14,5552,55,5837049,5552,2802,4.3,1,1,889531,889531,0,8117976,2,"Australia","New South Wales",NA,"5c4dd6e0"
2021-05-14,167,0,189038,167,163,4,0,0,33454,27630,5824,245562,2,"Australia","Northern Territory",NA,"a079fdb2"
2021-05-14,1585,7,2533332,1585,1561,13,0,0,596208,596208,0,5115451,2,"Australia","Queensland",NA,"36068882"
2021-05-14,741,4,1311185,741,723,2,1,0,220148,220148,0,1756494,2,"Australia","South Australia",NA,"165128d0"
2021-05-14,234,13,219531,234,221,0,0,0,98132,98132,0,535500,2,"Australia","Tasmania",NA,"86525f8e"
2021-05-14,20539,823,6035711,20539,19701,0,0,0,760343,760343,0,6629870,2,"Australia","Victoria",NA,"6c5dccdb"
2021-05-14,1015,9,1134609,1015,995,1,1,0,311652,282620,29032,2630557,2,"Australia","Western Australia",NA,"1f999f12"
2021-05-15,124,3,205675,124,121,0,0,0,72695,72695,0,428060,2,"Australia","Australian Capital Territory",NA,"f42f23e3"
2021-05-15,5555,55,5851712,5555,2802,1.68,1,1,913632,913632,0,8117976,2,"Australia","New South Wales",NA,"5c4dd6e0"
2021-05-15,169,0,189836,169,163,6,0,0,34608,28784,5824,245562,2,"Australia","Northern Territory",NA,"a079fdb2"
2021-05-15,1588,7,2540184,1588,1562,13,0,0,609461,609461,0,5115451,2,"Australia","Queensland",NA,"36068882"
2021-05-15,742,4,1314732,742,723,2,1,0,226302,226302,0,1756494,2,"Australia","South Australia",NA,"165128d0"
2021-05-15,234,13,220139,234,221,0,0,0,100366,100366,0,535500,2,"Australia","Tasmania",NA,"86525f8e"
2021-05-15,20540,823,6050953,20540,19702,0,0,0,780297,780297,0,6629870,2,"Australia","Victoria",NA,"6c5dccdb"
2021-05-15,1015,9,1134609,1015,998,1,1,0,319436,289789,29647,2630557,2,"Australia","Western Australia",NA,"1f999f12"
2021-05-16,124,3,205869,124,121,0,0,0,73980,73980,0,428060,2,"Australia","Australian Capital Territory",NA,"f42f23e3"
2021-05-16,5558,55,5863915,5558,2802,2.25,1,1,926242,926242,0,8117976,2,"Australia","New South Wales",NA,"5c4dd6e0"
2021-05-16,169,0,190442,169,164,5,0,0,34868,29044,5824,245562,2,"Australia","Northern Territory",NA,"a079fdb2"
2021-05-16,1589,7,2543760,1589,1563,13,0,0,612540,612540,0,5115451,2,"Australia","Queensland",NA,"36068882"
2021-05-16,742,4,1317981,742,724,2,1,0,228435,228435,0,1756494,2,"Australia","South Australia",NA,"165128d0"
2021-05-16,234,13,220577,234,221,0,0,0,101590,101590,0,535500,2,"Australia","Tasmania",NA,"86525f8e"
2021-05-16,20544,823,6065223,20544,19702,0,0,0,787964,787964,0,6629870,2,"Australia","Victoria",NA,"6c5dccdb"
2021-05-16,1015,9,1134609,1015,999,1,1,0,323565,293908,29657,2630557,2,"Australia","Western Australia",NA,"1f999f12"
2021-05-17,124,3,206122,124,121,0,0,0,74630,74630,0,428060,2,"Australia","Australian Capital Territory",NA,"f42f23e3"
2021-05-17,5560,55,5874705,5560,2802,2.1,1,1,927464,927464,0,8117976,2,"Australia","New South Wales",NA,"5c4dd6e0"
2021-05-17,169,0,191187,169,164,5,0,0,34970,29146,5824,245562,2,"Australia","Northern Territory",NA,"a079fdb2"
2021-05-17,1589,7,2547312,1589,1564,13,0,0,613831,613831,0,5115451,2,"Australia","Queensland",NA,"36068882"
2021-05-17,742,4,1320384,742,724,2,1,0,229134,229134,0,1756494,2,"Australia","South Australia",NA,"165128d0"
2021-05-17,234,13,220906,234,221,0,0,0,102041,102041,0,535500,2,"Australia","Tasmania",NA,"86525f8e"
2021-05-17,20545,823,6078808,20545,19702,0,0,0,792334,792334,0,6629870,2,"Australia","Victoria",NA,"6c5dccdb"
2021-05-17,1015,9,1141617,1015,999,1,1,0,325733,296054,29679,2630557,2,"Australia","Western Australia",NA,"1f999f12"
2021-05-18,124,3,206790,124,121,0,0,0,76288,59632,16656,428060,2,"Australia","Australian Capital Territory",NA,"f42f23e3"
2021-05-18,5563,55,5883606,5563,2802,2.07,1,1,955808,829998.000000001,125809.999999999,8117976,2,"Australia","New South Wales",NA,"5c4dd6e0"
2021-05-18,170,0,192011,170,164,6,0,0,35934,30110,5824,245562,2,"Australia","Northern Territory",NA,"a079fdb2"
2021-05-18,1591,7,2553217,1591,1564,14,0,0,626402,547504,78897.9999999999,5115451,2,"Australia","Queensland",NA,"36068882"
2021-05-18,746,4,1322736,746,733,2,1,0,233985,200756,33229,1756494,2,"Australia","South Australia",NA,"165128d0"
2021-05-18,234,13,221573,234,221,0,0,0,104542,86576,17966,535500,2,"Australia","Tasmania",NA,"86525f8e"
2021-05-18,20545,823,6096849,20545,19704,0,0,0,816551,729518,87032.9999999999,6629870,2,"Australia","Victoria",NA,"6c5dccdb"
2021-05-18,1015,9,1143613,1015,1000,1,1,0,333814,303311,30503,2630557,2,"Australia","Western Australia",NA,"1f999f12"
2021-05-19,124,3,207314,124,121,0,0,0,78050,61394,16656,428060,2,"Australia","Australian Capital Territory",NA,"f42f23e3"
2021-05-19,5565,55,5902887,5565,2802,1.95,1,1,986706,860896.000000001,125809.999999999,8117976,2,"Australia","New South Wales",NA,"5c4dd6e0"
2021-05-19,170,0,193041,170,165,5,0,0,37349,31525,5824,245562,2,"Australia","Northern Territory",NA,"a079fdb2"
2021-05-19,1591,7,2561025,1591,1567,12,0,0,640931,562033,78897.9999999999,5115451,2,"Australia","Queensland",NA,"36068882"
2021-05-19,746,4,1327068,746,733,2,1,0,242975,209746,33229,1756494,2,"Australia","South Australia",NA,"165128d0"
2021-05-19,234,13,222327,234,221,0,0,0,108658,90692,17966,535500,2,"Australia","Tasmania",NA,"86525f8e"
2021-05-19,20546,823,6117417,20546,19706,0,0,0,841713,754680,87032.9999999999,6629870,2,"Australia","Victoria",NA,"6c5dccdb"
2021-05-19,1015,9,1147930,1015,1000,1,1,0,342472,311017,31455,2630557,2,"Australia","Western Australia",NA,"1f999f12"
2021-05-20,124,3,207708,124,121,0,0,0,79948,63292,16656,428060,2,"Australia","Australian Capital Territory",NA,"f42f23e3"
2021-05-20,5567,55,5919065,5567,2802,1.95,1,1,1018478,892668.000000001,125809.999999999,8117976,2,"Australia","New South Wales",NA,"5c4dd6e0"
2021-05-20,170,0,194261,170,165,5,0,0,38827,33003,5824,245562,2,"Australia","Northern Territory",NA,"a079fdb2"
2021-05-20,1593,7,2569260,1593,1571,12,0,0,656156,577258,78897.9999999999,5115451,2,"Australia","Queensland",NA,"36068882"
2021-05-20,747,4,1330943,747,736,2,0,0,250026,216797,33229,1756494,2,"Australia","South Australia",NA,"165128d0"
2021-05-20,234,13,223269,234,221,0,0,0,110162,92196,17966,535500,2,"Australia","Tasmania",NA,"86525f8e"
2021-05-20,20546,823,6138905,20546,19707,0,0,0,866674,779641,87032.9999999999,6629870,2,"Australia","Victoria",NA,"6c5dccdb"
2021-05-20,1016,9,1150843,1016,1000,1,0,0,351457,319089,32368,2630557,2,"Australia","Western Australia",NA,"1f999f12"
2021-05-21,124,3,208255,124,121,0,0,0,81821,65165,16656,428060,2,"Australia","Australian Capital Territory",NA,"f42f23e3"
2021-05-21,5567,55,5933756,5567,2802,1.53,1,1,1052533,926723.000000001,125809.999999999,8117976,2,"Australia","New South Wales",NA,"5c4dd6e0"
2021-05-21,170,0,195674,170,165,5,0,0,40086,34262,5824,245562,2,"Australia","Northern Territory",NA,"a079fdb2"
2021-05-21,1595,7,2577490,1595,1572,12,0,0,673729,594831,78897.9999999999,5115451,2,"Australia","Queensland",NA,"36068882"
2021-05-21,748,4,1334519,748,739,1,0,0,257411,224182,33229,1756494,2,"Australia","South Australia",NA,"165128d0"
2021-05-21,234,13,224086,234,221,0,0,0,112357,94391,17966,535500,2,"Australia","Tasmania",NA,"86525f8e"
2021-05-21,20546,823,6156947,20546,19708,0,0,0,893227,806194,87032.9999999999,6629870,2,"Australia","Victoria",NA,"6c5dccdb"
2021-05-21,1016,9,1153720,1016,1002,1,0,0,361710,328231,33479,2630557,2,"Australia","Western Australia",NA,"1f999f12"
2021-05-22,124,3,208559,124,121,0,0,0,83411,66755,16656,428060,2,"Australia","Australian Capital Territory",NA,"f42f23e3"
2021-05-22,5568,55,5946425,5568,2802,3,1,1,1084427,958617.000000001,125809.999999999,8117976,2,"Australia","New South Wales",NA,"5c4dd6e0"
2021-05-22,171,0,196546,171,165,6,0,0,40975,35151,5824,245562,2,"Australia","Northern Territory",NA,"a079fdb2"
2021-05-22,1601,7,2583751,1601,1573,13,0,0,688793,609895,78897.9999999999,5115451,2,"Australia","Queensland",NA,"36068882"
2021-05-22,748,4,1338020,748,740,1,0,0,263602,230373,33229,1756494,2,"Australia","South Australia",NA,"165128d0"
2021-05-22,234,13,224745,234,221,0,0,0,115761,97795,17966,535500,2,"Australia","Tasmania",NA,"86525f8e"
2021-05-22,20546,823,6172155,20546,19711,0,0,0,914968,827935,87032.9999999999,6629870,2,"Australia","Victoria",NA,"6c5dccdb"
2021-05-22,1016,9,1153720,1016,1003,1,0,0,371558,337141,34417,2630557,2,"Australia","Western Australia",NA,"1f999f12"
2021-05-23,124,3,208728,124,121,0,0,0,84715,68059,16656,428060,2,"Australia","Australian Capital Territory",NA,"f42f23e3"
2021-05-23,5570,55,5956445,5570,2802,3,1,1,1097515,971705.000000001,125809.999999999,8117976,2,"Australia","New South Wales",NA,"5c4dd6e0"
2021-05-23,171,0,197173,171,168,3,0,0,41040,35216,5824,245562,2,"Australia","Northern Territory",NA,"a079fdb2"
2021-05-23,1601,7,2587941,1601,1573,12,0,0,692941,614043,78897.9999999999,5115451,2,"Australia","Queensland",NA,"36068882"
2021-05-23,748,4,1341356,748,742,0,0,0,265947,232718,33229,1756494,2,"Australia","South Australia",NA,"165128d0"
2021-05-23,234,13,225137,234,221,0,0,0,118205,100239,17966,535500,2,"Australia","Tasmania",NA,"86525f8e"
2021-05-23,20547,823,6186620,20547,19715,0,0,0,924143,837110,87032.9999999999,6629870,2,"Australia","Victoria",NA,"6c5dccdb"
2021-05-23,1016,9,1153720,1016,1004,0,0,0,376458,328661,47797,2630557,2,"Australia","Western Australia",NA,"1f999f12"
2021-05-24,124,3,208959,124,121,0,0,0,85307,68651,16656,428060,2,"Australia","Australian Capital Territory",NA,"f42f23e3"
2021-05-24,5572,55,5966104,5572,2802,2,1,1,1099290,973480.000000001,125809.999999999,8117976,2,"Australia","New South Wales",NA,"5c4dd6e0"
2021-05-24,171,0,197805,171,168,3,0,0,41326,35502,5824,245562,2,"Australia","Northern Territory",NA,"a079fdb2"
2021-05-24,1605,7,2591922,1605,1578,13,0,0,694306,615408,78897.9999999999,5115451,2,"Australia","Queensland",NA,"36068882"
2021-05-24,749,4,1343558,749,744,0,0,0,267172,233943,33229,1756494,2,"Australia","South Australia",NA,"165128d0"
2021-05-24,234,13,225507,234,221,0,0,0,119347,101381,17966,535500,2,"Australia","Tasmania",NA,"86525f8e"
2021-05-24,20549,823,6197877,20549,19719,1,0,0,929107,842074,87032.9999999999,6629870,2,"Australia","Victoria",NA,"6c5dccdb"
2021-05-24,1017,9,1159358,1017,1004,0,0,0,378198,330374,47824,2630557,2,"Australia","Western Australia",NA,"1f999f12"
2021-05-25,124,3,209643,124,121,0,0,0,87738,68429,19309,428060,2,"Australia","Australian Capital Territory",NA,"f42f23e3"
2021-05-25,5574,55,5973366,5574,2802,3,1,1,1128802,983461,145341,8117976,2,"Australia","New South Wales",NA,"5c4dd6e0"
2021-05-25,171,0,198647,171,169,2,0,0,42149,31806,10343,245562,2,"Australia","Northern Territory",NA,"a079fdb2"
2021-05-25,1607,7,2597225,1607,1579,11,0,0,710577,625803,84774,5115451,2,"Australia","Queensland",NA,"36068882"
2021-05-25,750,4,1346301,750,744,0,0,0,272612,227937,44675,1756494,2,"Australia","South Australia",NA,"165128d0"
2021-05-25,234,13,226069,234,221,0,0,0,121526,100753,20773,535500,2,"Australia","Tasmania",NA,"86525f8e"
2021-05-25,20553,823,6212769,20553,19719,1,0,0,940531,838450,102081,6629870,2,"Australia","Victoria",NA,"6c5dccdb"
2021-05-25,1017,9,1162634,1017,1005,0,0,0,386687,337385,49302,2630557,2,"Australia","Western Australia",NA,"1f999f12"
2021-05-26,124,3,210302,124,121,0,0,0,89373,70064,19309,428060,2,"Australia","Australian Capital Territory",NA,"f42f23e3"
2021-05-26,5576,55,5990064,5576,2802,3,1,1,1162768,1017427,145341,8117976,2,"Australia","New South Wales",NA,"5c4dd6e0"
2021-05-26,171,0,200065,171,169,2,0,0,43743,33271,10472,245562,2,"Australia","Northern Territory",NA,"a079fdb2"
2021-05-26,1611,7,2605321,1611,1580,14,0,0,729107,644333,84774,5115451,2,"Australia","Queensland",NA,"36068882"
2021-05-26,752,4,1350665,752,745,0,0,0,279195,234520,44675,1756494,2,"Australia","South Australia",NA,"165128d0"
2021-05-26,234,13,226872,234,221,0,0,0,124144,103371,20773,535500,2,"Australia","Tasmania",NA,"86525f8e"
2021-05-26,20563,823,6238949,20563,19720,1,0,0,971029,868948,102081,6629870,2,"Australia","Victoria",NA,"6c5dccdb"
2021-05-26,1017,9,1165910,1017,1006,0,0,0,395921,344623,51298,2630557,2,"Australia","Western Australia",NA,"1f999f12"
2021-05-27,124,3,210804,124,121,0,0,0,91238,71929,19309,428060,2,"Australia","Australian Capital Territory",NA,"f42f23e3"
2021-05-27,5576,55,6008070,5576,2802,3,1,1,1198685,1053344,145341,8117976,2,"Australia","New South Wales",NA,"5c4dd6e0"
2021-05-27,172,0,201170,172,169,3,0,0,45363,34708,10655,245562,2,"Australia","Northern Territory",NA,"a079fdb2"
2021-05-27,1613,7,2614542,1613,1586,11,0,0,749347,664573,84774,5115451,2,"Australia","Queensland",NA,"36068882"
2021-05-27,752,4,1357707,752,745,0,0,0,286668,241993,44675,1756494,2,"Australia","South Australia",NA,"165128d0"
2021-05-27,234,13,227828,234,221,0,0,0,126999,106226,20773,535500,2,"Australia","Tasmania",NA,"86525f8e"
2021-05-27,20575,823,6279360,20575,19721,1,1,1,1001455,899374,102081,6629870,2,"Australia","Victoria",NA,"6c5dccdb"
2021-05-27,1017,9,1169715,1017,1006,0,0,0,406913,353645,53268,2630557,2,"Australia","Western Australia",NA,"1f999f12"
2021-05-28,124,3,212049,124,121,0,0,0,93258,73949,19309,428060,2,"Australia","Australian Capital Territory",NA,"f42f23e3"
2021-05-28,5579,55,6025663,5579,2802,3,1,1,1236255,1090914,145341,8117976,2,"Australia","New South Wales",NA,"5c4dd6e0"
2021-05-28,172,0,202281,172,169,3,0,0,46657,35623,11034,245562,2,"Australia","Northern Territory",NA,"a079fdb2"
2021-05-28,1615,7,2623951,1615,1588,12,0,0,771016,686242,84774,5115451,2,"Australia","Queensland",NA,"36068882"
2021-05-28,752,4,1366004,752,746,0,0,0,294386,249711,44675,1756494,2,"Australia","South Australia",NA,"165128d0"
2021-05-28,234,13,228890,234,221,0,0,0,129451,108678,20773,535500,2,"Australia","Tasmania",NA,"86525f8e"
2021-05-28,20580,823,6326822,20580,19721,1,1,1,1042844,940763,102081,6629870,2,"Australia","Victoria",NA,"6c5dccdb"
2021-05-28,1017,9,1179183,1017,1006,0,0,0,417671,364403,53268,2630557,2,"Australia","Western Australia",NA,"1f999f12"
2021-05-29,124,3,212796,124,121,0,0,0,95446,76137,19309,428060,2,"Australia","Australian Capital Territory",NA,"f42f23e3"
2021-05-29,5580,55,6042675,5580,2802,3,1,1,1272007,1126666,145341,8117976,2,"Australia","New South Wales",NA,"5c4dd6e0"
2021-05-29,173,0,203762,173,169,4,0,0,47171,36137,11034,245562,2,"Australia","Northern Territory",NA,"a079fdb2"
2021-05-29,1616,7,2626716,1616,1590,9,0,0,790062,705288,84774,5115451,2,"Australia","Queensland",NA,"36068882"
2021-05-29,752,4,1373148,752,746,0,0,0,301876,257201,44675,1756494,2,"Australia","South Australia",NA,"165128d0"
2021-05-29,234,13,230341,234,221,0,0,0,131958,111185,20773,535500,2,"Australia","Tasmania",NA,"86525f8e"
2021-05-29,20587,823,6383446,20587,19722,1,0,0,1086302,984221,102081,6629870,2,"Australia","Victoria",NA,"6c5dccdb"
2021-05-29,1017,9,1179183,1017,1006,0,0,0,428327,373096,55231,2630557,2,"Australia","Western Australia",NA,"1f999f12"
2021-05-30,124,3,213042,124,121,0,0,0,96535,77226,19309,428060,2,"Australia","Australian Capital Territory",NA,"f42f23e3"
2021-05-30,5585,55,6058664,5585,2802,3,1,1,1287975,1142634,145341,8117976,2,"Australia","New South Wales",NA,"5c4dd6e0"
2021-05-30,173,0,205324,173,170,3,0,0,47181,35794,11387,245562,2,"Australia","Northern Territory",NA,"a079fdb2"
2021-05-30,1618,7,2628202,1618,1591,12,0,0,794643,709869,84774,5115451,2,"Australia","Queensland",NA,"36068882"
2021-05-30,754,4,1379040,754,747,0,0,0,304657,259982,44675,1756494,2,"Australia","South Australia",NA,"165128d0"
2021-05-30,234,13,231226,234,221,0,0,0,134242,113469,20773,535500,2,"Australia","Tasmania",NA,"86525f8e"
2021-05-30,20593,823,6428747,20593,19724,1,0,0,1113750,1011669,102081,6629870,2,"Australia","Victoria",NA,"6c5dccdb"
2021-05-30,1017,9,1179183,1017,1006,0,0,0,432118,376887,55231,2630557,2,"Australia","Western Australia",NA,"1f999f12"
2021-05-31,124,3,213381,124,121,0,0,0,97435,78126,19309,428060,2,"Australia","Australian Capital Territory",NA,"f42f23e3"
2021-05-31,5587,55,6072521,5587,2802,3,1,1,1289964,1144623,145341,8117976,2,"Australia","New South Wales",NA,"5c4dd6e0"
2021-05-31,173,0,207328,173,170,3,0,0,48620,37233,11387,245562,2,"Australia","Northern Territory",NA,"a079fdb2"
2021-05-31,1618,7,2629978,1618,1591,14,0,0,795973,711199,84774,5115451,2,"Australia","Queensland",NA,"36068882"
2021-05-31,754,4,1384104,754,747,0,0,0,305878,261203,44675,1756494,2,"Australia","South Australia",NA,"165128d0"
2021-05-31,234,13,232091,234,221,0,0,0,134462,113689,20773,535500,2,"Australia","Tasmania",NA,"86525f8e"
2021-05-31,20598,823,6472621,20598,19724,1,0,0,1134659,1032578,102081,6629870,2,"Australia","Victoria",NA,"6c5dccdb"
2021-05-31,1018,9,1192695,1018,1006,0,0,0,436609,381378,55231,2630557,2,"Australia","Western Australia",NA,"1f999f12"
2021-06-01,124,3,213868,124,121,0,0,0,98247,77094,21153,428060,2,"Australia","Australian Capital Territory",NA,"f42f23e3"
2021-06-01,5587,55,6082322,5587,2802,3,1,1,1325438,1158363,167075,8117976,2,"Australia","New South Wales",NA,"5c4dd6e0"
2021-06-01,173,0,209398,173,170,3,0,0,50065,38678,11387,245562,2,"Australia","Northern Territory",NA,"a079fdb2"
2021-06-01,1618,7,2629978,1618,1591,13,0,0,815102,722560,92541.9999999998,5115451,2,"Australia","Queensland",NA,"36068882"
2021-06-01,754,4,1389438,754,748,0,0,0,313097,268422,44675,1756494,2,"Australia","South Australia",NA,"165128d0"
2021-06-01,234,13,232862,234,221,0,0,0,138902,116304,22598,535500,2,"Australia","Tasmania",NA,"86525f8e"
2021-06-01,20609,823,6515320,20609,19726,1,0,0,1175048,1057874,117174,6629870,2,"Australia","Victoria",NA,"6c5dccdb"
2021-06-01,1019,9,1196796,1019,1006,0,0,0,446840,388431,58409,2630557,2,"Australia","Western Australia",NA,"1f999f12"
2021-06-02,124,3,214834,124,121,0,0,0,100579,79426,21153,428060,2,"Australia","Australian Capital Territory",NA,"f42f23e3"
2021-06-02,5588,55,6103873,5588,2802,3,1,1,1363217,1196142,167075,8117976,2,"Australia","New South Wales",NA,"5c4dd6e0"
2021-06-02,173,0,209444,173,170,3,0,0,51924,39411,12513,245562,2,"Australia","Northern Territory",NA,"a079fdb2"
2021-06-02,1619,7,2639081,1619,1591,13,0,0,839336,746794,92541.9999999998,5115451,2,"Australia","Queensland",NA,"36068882"
2021-06-02,760,4,1397356,760,753,0,0,0,321176,276501,44675,1756494,2,"Australia","South Australia",NA,"165128d0"
2021-06-02,234,13,234095,234,221,0,0,0,141919,119321,22598,535500,2,"Australia","Tasmania",NA,"86525f8e"
2021-06-02,20614,823,6566353,20614,19727,2,0,0,1226224,1109050,117174,6629870,2,"Australia","Victoria",NA,"6c5dccdb"
2021-06-02,1018,9,1201329,1018,1008,0,0,0,457069,398660,58409,2630557,2,"Australia","Western Australia",NA,"1f999f12"
2021-06-03,124,3,216130,124,121,0,0,0,102566,81413,21153,428060,2,"Australia","Australian Capital Territory",NA,"f42f23e3"
2021-06-03,5590,55,6122545,5590,2802,3,1,1,1403595,1236520,167075,8117976,2,"Australia","New South Wales",NA,"5c4dd6e0"
2021-06-03,173,0,211026,173,171,2,0,0,53718,40880,12838,245562,2,"Australia","Northern Territory",NA,"a079fdb2"
2021-06-03,1621,7,2642706,1621,1593,12,0,0,862848,770306,92541.9999999998,5115451,2,"Australia","Queensland",NA,"36068882"
2021-06-03,760,4,1405415,760,752,0,0,0,330679,286004,44675,1756494,2,"Australia","South Australia",NA,"165128d0"
2021-06-03,234,13,234829,234,221,0,0,0,144682,122084,22598,535500,2,"Australia","Tasmania",NA,"86525f8e"
2021-06-03,20617,823,6623872,20617,19728,3,0,0,1276934,1159760,117174,6629870,2,"Australia","Victoria",NA,"6c5dccdb"
2021-06-03,1018,9,1205363,1018,1008,0,0,0,467681,404780,62901,2630557,2,"Australia","Western Australia",NA,"1f999f12"
2021-06-04,124,3,216923,124,121,0,0,0,105342,84189,21153,428060,2,"Australia","Australian Capital Territory",NA,"f42f23e3"
2021-06-04,5590,55,6145128,5590,2802,3,0,0,1445317,1278242,167075,8117976,2,"Australia","New South Wales",NA,"5c4dd6e0"
2021-06-04,173,0,212909,173,171,2,0,0,55847,42624,13223,245562,2,"Australia","Northern Territory",NA,"a079fdb2"
2021-06-04,1629,7,2645176,1629,1597,10,0,0,889018,796476,92541.9999999998,5115451,2,"Australia","Queensland",NA,"36068882"
2021-06-04,761,4,1412113,761,752,1,0,0,340080,295405,44675,1756494,2,"Australia","South Australia",NA,"165128d0"
2021-06-04,234,13,236632,234,221,0,0,0,146472,123874,22598,535500,2,"Australia","Tasmania",NA,"86525f8e"
2021-06-04,20621,823,6673311,20621,19729,3,0,0,1325149,1207975,117174,6629870,2,"Australia","Victoria",NA,"6c5dccdb"
2021-06-04,1018,9,1209203,1018,1008,0,0,0,479137,414063,65074,2630557,2,"Australia","Western Australia",NA,"1f999f12"
2021-06-05,124,3,218002,124,121,0,0,0,107737,86584,21153,428060,2,"Australia","Australian Capital Territory",NA,"f42f23e3"
2021-06-05,5590,55,6164531,5590,2802,2,0,0,1481291,1314216,167075,8117976,2,"Australia","New South Wales",NA,"5c4dd6e0"
2021-06-05,173,0,213923,173,171,2,0,0,57293,44070,13223,245562,2,"Australia","Northern Territory",NA,"a079fdb2"
2021-06-05,1630,7,2649532,1630,1597,9,0,0,914218,821676,92541.9999999998,5115451,2,"Australia","Queensland",NA,"36068882"
2021-06-05,762,4,1417842,762,752,1,0,0,349599,304924,44675,1756494,2,"Australia","South Australia",NA,"165128d0"
2021-06-05,234,13,237469,234,221,0,0,0,150233,127635,22598,535500,2,"Australia","Tasmania",NA,"86525f8e"
2021-06-05,20627,823,6709673,20627,19729,3,0,0,1377251,1260077,117174,6629870,2,"Australia","Victoria",NA,"6c5dccdb"
2021-06-05,1018,9,1209203,1018,1008,0,0,0,489985,422672,67313,2630557,2,"Australia","Western Australia",NA,"1f999f12"
2021-06-06,124,3,218443,124,121,0,0,0,110000,88847,21153,428060,2,"Australia","Australian Capital Territory",NA,"f42f23e3"
2021-06-06,5595,55,6182055,5595,2802,2,0,0,1498063,1330988,167075,8117976,2,"Australia","New South Wales",NA,"5c4dd6e0"
2021-06-06,173,0,214616,173,171,2,0,0,57471,44248,13223,245562,2,"Australia","Northern Territory",NA,"a079fdb2"
2021-06-06,1632,7,2649257,1632,1598,9,0,0,928783,836241,92541.9999999998,5115451,2,"Australia","Queensland",NA,"36068882"
2021-06-06,764,4,1422497,764,754,1,0,0,353788,309113,44675,1756494,2,"Australia","South Australia",NA,"165128d0"
2021-06-06,234,13,237959,234,221,0,0,0,152832,130234,22598,535500,2,"Australia","Tasmania",NA,"86525f8e"
2021-06-06,20635,823,6739489,20635,19730,2,0,0,1419616,1302442,117174,6629870,2,"Australia","Victoria",NA,"6c5dccdb"
2021-06-06,1018,9,1209203,1018,1008,0,0,0,495799,428486,67313,2630557,2,"Australia","Western Australia",NA,"1f999f12"
2021-06-07,124,3,218727,124,121,0,0,0,111193,85754,25439,428060,2,"Australia","Australian Capital Territory",NA,"f42f23e3"
2021-06-07,5600,55,6195828,5600,2802,2,0,0,1500798,1296203,204595,8117976,2,"Australia","New South Wales",NA,"5c4dd6e0"
2021-06-07,173,0,215447,173,172,1,0,0,57746,44109,13637,245562,2,"Australia","Northern Territory",NA,"a079fdb2"
2021-06-07,1632,7,2693982,1632,1598,10,0,0,937001,831828,105173,5115451,2,"Australia","Queensland",NA,"36068882"
2021-06-07,767,4,1426411,767,758,1,0,0,355734,302994,52739.9999999999,1756494,2,"Australia","South Australia",NA,"165128d0"
2021-06-07,234,13,238460,234,221,0,0,0,154220,128583,25637,535500,2,"Australia","Tasmania",NA,"86525f8e"
2021-06-07,20646,823,6763754,20646,19732,3,0,0,1462197,1326552,135645,6629870,2,"Australia","Victoria",NA,"6c5dccdb"
2021-06-07,1019,9,1209203,1019,1008,0,0,0,497524,430211,67313,2630557,2,"Australia","Western Australia",NA,"1f999f12"
2021-06-08,124,3,219572,124,121,0,0,0,114048,88609,25439,428060,2,"Australia","Australian Capital Territory",NA,"f42f23e3"
2021-06-08,5603,55,6207047,5603,2802,2,0,0,1537074,1332479,204595,8117976,2,"Australia","New South Wales",NA,"5c4dd6e0"
2021-06-08,174,0,216852,174,172,1,0,0,59383,45198,14185,245562,2,"Australia","Northern Territory",NA,"a079fdb2"
2021-06-08,1633,7,2698338,1633,1599,11,0,0,959957,854784,105173,5115451,2,"Australia","Queensland",NA,"36068882"
2021-06-08,769,4,1431069,769,760,1,0,0,365055,312315,52739.9999999999,1756494,2,"Australia","South Australia",NA,"165128d0"
2021-06-08,234,13,239561,234,221,0,0,0,157650,132013,25637,535500,2,"Australia","Tasmania",NA,"86525f8e"
2021-06-08,20649,823,6786568,20649,19737,3,0,0,1511464,1375819,135645,6629870,2,"Australia","Victoria",NA,"6c5dccdb"
2021-06-08,1018,9,1218539,1018,1008,0,0,0,499346,427644,71702,2630557,2,"Australia","Western Australia",NA,"1f999f12"
2021-06-09,124,3,220249,124,121,0,0,0,116391,90952,25439,428060,2,"Australia","Australian Capital Territory",NA,"f42f23e3"
2021-06-09,5607,55,6229543,5607,2802,1,0,0,1576558,1371963,204595,8117976,2,"Australia","New South Wales",NA,"5c4dd6e0"
2021-06-09,174,0,218400,174,173,1,0,0,61270,46614,14656,245562,2,"Australia","Northern Territory",NA,"a079fdb2"
2021-06-09,1635,7,2704782,1635,1599,8,0,0,985644,880471,105173,5115451,2,"Australia","Queensland",NA,"36068882"
2021-06-09,769,4,1438164,769,761,1,0,0,375722,322982,52739.9999999999,1756494,2,"Australia","South Australia",NA,"165128d0"
2021-06-09,234,13,240561,234,221,0,0,0,161559,135922,25637,535500,2,"Australia","Tasmania",NA,"86525f8e"
2021-06-09,20650,823,6815053,20650,19747,3,0,0,1558724,1423079,135645,6629870,2,"Australia","Victoria",NA,"6c5dccdb"
2021-06-09,1018,9,1224078,1018,1008,0,0,0,508994,434964,74030,2630557,2,"Australia","Western Australia",NA,"1f999f12"
2021-06-10,124,3,220857,124,121,0,0,0,118740,93301,25439,428060,2,"Australia","Australian Capital Territory",NA,"f42f23e3"
2021-06-10,5610,55,6249353,5610,2802,0.9,0,0,1614475,1409880,204595,8117976,2,"Australia","New South Wales",NA,"5c4dd6e0"
2021-06-10,174,0,220158,174,173,1,0,0,63342,48244,15098,245562,2,"Australia","Northern Territory",NA,"a079fdb2"
2021-06-10,1642,7,2714639,1642,1600,10,0,0,1011863,906690,105173,5115451,2,"Australia","Queensland",NA,"36068882"
2021-06-10,770,4,1444428,770,761,1,0,0,385817,333077,52739.9999999999,1756494,2,"Australia","South Australia",NA,"165128d0"
2021-06-10,234,13,241589,234,221,0,0,0,164063,138426,25637,535500,2,"Australia","Tasmania",NA,"86525f8e"
2021-06-10,20654,823,6838732,20654,19756,4,0,0,1610071,1474426,135645,6629870,2,"Australia","Victoria",NA,"6c5dccdb"
2021-06-10,1018,9,1227853,1018,1008,0,0,0,519299,445269,74030,2630557,2,"Australia","Western Australia",NA,"1f999f12"
2021-06-11,124,3,221469,124,121,0,0,0,121274,95835,25439,428060,2,"Australia","Australian Capital Territory",NA,"f42f23e3"
2021-06-11,5611,55,6267878,5611,2802,0.9,0,0,1655779,1451184,204595,8117976,2,"Australia","New South Wales",NA,"5c4dd6e0"
2021-06-11,174,0,221359,174,173,1,0,0,65350,49677,15673,245562,2,"Australia","Northern Territory",NA,"a079fdb2"
2021-06-11,1642,7,2720592,1642,1603,11,0,0,1040325,935152,105173,5115451,2,"Australia","Queensland",NA,"36068882"
2021-06-11,771,4,1450465,771,763,0,0,0,398360,345620,52739.9999999999,1756494,2,"Australia","South Australia",NA,"165128d0"
2021-06-11,234,13,242768,234,221,0,0,0,167300,141663,25637,535500,2,"Australia","Tasmania",NA,"86525f8e"
2021-06-11,20655,823,6856336,20655,19760,3,0,0,1660708,1525063,135645,6629870,2,"Australia","Victoria",NA,"6c5dccdb"
2021-06-11,1018,9,1231907,1018,1009,0,0,0,531912,455293,76619,2630557,2,"Australia","Western Australia",NA,"1f999f12"
2021-06-12,124,3,221930,124,121,0,0,0,123772,98333,25439,428060,2,"Australia","Australian Capital Territory",NA,"f42f23e3"
2021-06-12,5612,55,6287182,5612,2802,0.78,0,0,1692108,1487513,204595,8117976,2,"Australia","New South Wales",NA,"5c4dd6e0"
2021-06-12,174,0,222548,174,173,1,0,0,67173,50951,16222,245562,2,"Australia","Northern Territory",NA,"a079fdb2"
2021-06-12,1642,7,2728383,1642,1603,10,0,0,1064777,959604,105173,5115451,2,"Australia","Queensland",NA,"36068882"
2021-06-12,774,4,1454845,774,767,0,0,0,407613,354873,52739.9999999999,1756494,2,"Australia","South Australia",NA,"165128d0"
2021-06-12,234,13,243517,234,221,0,0,0,170674,145037,25637,535500,2,"Australia","Tasmania",NA,"86525f8e"
2021-06-12,20659,823,6871446,20659,19765,3,0,0,1704590,1568945,135645,6629870,2,"Australia","Victoria",NA,"6c5dccdb"
2021-06-12,1018,9,1231907,1018,1009,0,0,0,543217,464115,79102,2630557,2,"Australia","Western Australia",NA,"1f999f12"
2021-06-13,124,3,222194,124,121,0,0,0,125549,100110,25439,428060,2,"Australia","Australian Capital Territory",NA,"f42f23e3"
2021-06-13,5613,55,6304369,5613,2802,0.75,0,0,1705106,1500511,204595,8117976,2,"Australia","New South Wales",NA,"5c4dd6e0"
2021-06-13,175,0,223591,175,173,2,0,0,67199,50977,16222,245562,2,"Australia","Northern Territory",NA,"a079fdb2"
2021-06-13,1650,7,2738010,1650,1603,10,0,0,1075302,970129,105173,5115451,2,"Australia","Queensland",NA,"36068882"
2021-06-13,775,4,1458877,775,768,0,0,0,411561,358821,52739.9999999999,1756494,2,"Australia","South Australia",NA,"165128d0"
2021-06-13,234,13,244035,234,221,0,0,0,172355,146718,25637,535500,2,"Australia","Tasmania",NA,"86525f8e"
2021-06-13,20659,823,6888548,20659,19771,3,0,0,1727812,1592167,135645,6629870,2,"Australia","Victoria",NA,"6c5dccdb"
2021-06-13,1018,9,1231907,1018,1009,0,0,0,549862,470760,79102,2630557,2,"Australia","Western Australia",NA,"1f999f12"
2021-06-14,124,3,222453,124,121,0,0,0,126820,101381,25439,428060,2,"Australia","Australian Capital Territory",NA,"f42f23e3"
2021-06-14,5619,55,6313848,5619,2802,0.78,0,0,1706311,1501716,204595,8117976,2,"Australia","New South Wales",NA,"5c4dd6e0"
2021-06-14,175,0,224401,175,173,2,0,0,67279,51057,16222,245562,2,"Australia","Northern Territory",NA,"a079fdb2"
2021-06-14,1652,7,2741713,1652,1603,18,0,0,1081007,975834,105173,5115451,2,"Australia","Queensland",NA,"36068882"
2021-06-14,775,4,1462221,775,769,0,0,0,414209,361469,52739.9999999999,1756494,2,"Australia","South Australia",NA,"165128d0"
2021-06-14,234,13,244560,234,221,0,0,0,172975,147338,25637,535500,2,"Australia","Tasmania",NA,"86525f8e"
2021-06-14,20665,823,6905480,20665,19781,3,1,0,1745247,1609602,135645,6629870,2,"Australia","Victoria",NA,"6c5dccdb"
2021-06-14,1018,9,1239367,1018,1009,0,0,0,553451,474349,79102,2630557,2,"Australia","Western Australia",NA,"1f999f12"
2021-06-15,124,3,222832,124,121,0,0,0,128118,99151,28967,428060,2,"Australia","Australian Capital Territory",NA,"f42f23e3"
2021-06-15,5623,55,6322135,5623,2802,0.93,0,0,1720334,1460897,259436.999999999,8117976,2,"Australia","New South Wales",NA,"5c4dd6e0"
2021-06-15,175,0,225450,175,173,2,0,0,68442,52220,16222,245562,2,"Australia","Northern Territory",NA,"a079fdb2"
2021-06-15,1655,7,2751021,1655,1604,18,0,0,1105902,977578,128324,5115451,2,"Australia","Queensland",NA,"36068882"
2021-06-15,776,4,1465321,776,770,0,0,0,416661,354817,61844,1756494,2,"Australia","South Australia",NA,"165128d0"
2021-06-15,234,13,244881,234,221,0,0,0,173269,145872,27397,535500,2,"Australia","Tasmania",NA,"86525f8e"
2021-06-15,20668,823,6920547,20668,19794,5,1,0,1755849,1590125,165724,6629870,2,"Australia","Victoria",NA,"6c5dccdb"
2021-06-15,1019,9,1242607,1019,1009,0,0,0,562670,476812,85858,2630557,2,"Australia","Western Australia",NA,"1f999f12"
2021-06-16,124,3,223568,124,121,0,0,0,131278,102311,28967,428060,2,"Australia","Australian Capital Territory",NA,"f42f23e3"
2021-06-16,5626,55,6332659,5626,2802,1.05,0,0,1760768,1501331,259436.999999999,8117976,2,"Australia","New South Wales",NA,"5c4dd6e0"
2021-06-16,175,0,226356,175,174,1,0,0,69616,53394,16222,245562,2,"Australia","Northern Territory",NA,"a079fdb2"
2021-06-16,1655,7,2759679,1655,1614,20,0,0,1136578,1008254,128324,5115451,2,"Australia","Queensland",NA,"36068882"
2021-06-16,780,4,1469206,780,770,0,0,0,427703,365859,61844,1756494,2,"Australia","South Australia",NA,"165128d0"
2021-06-16,234,13,245541,234,221,0,0,0,177139,149742,27397,535500,2,"Australia","Tasmania",NA,"86525f8e"
2021-06-16,20677,823,6938085,20677,19802,5,1,0,1806942,1641218,165724,6629870,2,"Australia","Victoria",NA,"6c5dccdb"
2021-06-16,1020,9,1247137,1020,1009,0,0,0,573296,484221,89075,2630557,2,"Australia","Western Australia",NA,"1f999f12"
2021-06-17,124,3,223993,124,121,0,0,0,134045,105078,28967,428060,2,"Australia","Australian Capital Territory",NA,"f42f23e3"
2021-06-17,5631,55,6355804,5631,2802,1.11,0,0,1800225,1540788,259436.999999999,8117976,2,"Australia","New South Wales",NA,"5c4dd6e0"
2021-06-17,175,0,227656,175,174,1,0,0,71894,52265,19629,245562,2,"Australia","Northern Territory",NA,"a079fdb2"
2021-06-17,1661,7,2769272,1661,1617,26,0,0,1163631,1035307,128324,5115451,2,"Australia","Queensland",NA,"36068882"
2021-06-17,781,4,1473704,781,773,1,0,0,437650,375806,61844,1756494,2,"Australia","South Australia",NA,"165128d0"
2021-06-17,234,13,246494,234,221,0,0,0,180036,152639,27397,535500,2,"Australia","Tasmania",NA,"86525f8e"
2021-06-17,20678,823,6963720,20678,19804,6,1,0,1847405,1681681,165724,6629870,2,"Australia","Victoria",NA,"6c5dccdb"
2021-06-17,1020,9,1252056,1020,1009,0,0,0,584444,495369,89075,2630557,2,"Australia","Western Australia",NA,"1f999f12"
2021-06-18,124,3,224923,124,121,0,0,0,136444,107477,28967,428060,2,"Australia","Australian Capital Territory",NA,"f42f23e3"
2021-06-18,5631,55,6377482,5631,2802,1.11,0,0,1842016,1582579,259436.999999999,8117976,2,"Australia","New South Wales",NA,"5c4dd6e0"
2021-06-18,176,0,229355,176,174,1,0,0,74163,54534,19629,245562,2,"Australia","Northern Territory",NA,"a079fdb2"
2021-06-18,1664,7,2776213,1664,1617,29,0,0,1193777,1065453,128324,5115451,2,"Australia","Queensland",NA,"36068882"
2021-06-18,784,4,1479317,784,774,1,0,0,448818,386974,61844,1756494,2,"Australia","South Australia",NA,"165128d0"
2021-06-18,234,13,247492,234,221,0,0,0,183148,155751,27397,535500,2,"Australia","Tasmania",NA,"86525f8e"
2021-06-18,20680,823,6998972,20680,19806,7,1,0,1887523,1721799,165724,6629870,2,"Australia","Victoria",NA,"6c5dccdb"
2021-06-18,1020,9,1254589,1020,1009,0,0,0,594777,498619,96158,2630557,2,"Australia","Western Australia",NA,"1f999f12"
2021-06-19,124,3,226148,124,121,0,0,0,138625,109658,28967,428060,2,"Australia","Australian Capital Territory",NA,"f42f23e3"
2021-06-19,5637,55,6404113,5637,2802,1.17,0,0,1879512,1620075,259436.999999999,8117976,2,"Australia","New South Wales",NA,"5c4dd6e0"
2021-06-19,176,0,230572,176,174,2,0,0,76795,56285,20510,245562,2,"Australia","Northern Territory",NA,"a079fdb2"
2021-06-19,1664,7,2784049,1664,1617,26,0,0,1222158,1093834,128324,5115451,2,"Australia","Queensland",NA,"36068882"
2021-06-19,785,4,1483844,785,775,1,0,0,458416,396572,61844,1756494,2,"Australia","South Australia",NA,"165128d0"
2021-06-19,234,13,248210,234,221,0,0,0,186779,159382,27397,535500,2,"Australia","Tasmania",NA,"86525f8e"
2021-06-19,20683,823,7029815,20683,19812,6,1,0,1924185,1758461,165724,6629870,2,"Australia","Victoria",NA,"6c5dccdb"
2021-06-19,1020,9,1254589,1020,1009,0,0,0,605006,508848,96158,2630557,2,"Australia","Western Australia",NA,"1f999f12"
2021-06-20,124,3,226829,124,121,0,0,0,140324,111357,28967,428060,2,"Australia","Australian Capital Territory",NA,"f42f23e3"
2021-06-20,5644,55,6428581,5644,2802,1.32,0,0,1896789,1637352,259436.999999999,8117976,2,"Australia","New South Wales",NA,"5c4dd6e0"
2021-06-20,176,0,231347,176,174,2,0,0,77131,56621,20510,245562,2,"Australia","Northern Territory",NA,"a079fdb2"
2021-06-20,1665,7,2790131,1665,1620,27,0,0,1234729,1106405,128324,5115451,2,"Australia","Queensland",NA,"36068882"
2021-06-20,785,4,1488037,785,776,1,0,0,463838,401994,61844,1756494,2,"Australia","South Australia",NA,"165128d0"
2021-06-20,234,13,248717,234,221,0,0,0,189815,162418,27397,535500,2,"Australia","Tasmania",NA,"86525f8e"
2021-06-20,20685,823,7049317,20685,19814,5,1,0,1942567,1776843,165724,6629870,2,"Australia","Victoria",NA,"6c5dccdb"
2021-06-20,1020,9,1254589,1020,1009,0,0,0,610836,514678,96158,2630557,2,"Australia","Western Australia",NA,"1f999f12"
2021-06-21,124,3,227567,124,121,0,0,0,142014,106224,35789.9999999998,428060,2,"Australia","Australian Capital Territory",NA,"f42f23e3"
2021-06-21,5650,55,6453833,5650,2802,1.38,0,0,1899138,1541371,357767,8117976,2,"Australia","New South Wales",NA,"5c4dd6e0"
2021-06-21,176,0,232090,176,174,2,0,0,77140,56630,20510,245562,2,"Australia","Northern Territory",NA,"a079fdb2"
2021-06-21,1670,7,2794129,1670,1620,32,0,0,1242749,1054329,188420,5115451,2,"Australia","Queensland",NA,"36068882"
2021-06-21,788,4,1491436,788,777,1,0,0,467172,387572,79599.9999999999,1756494,2,"Australia","South Australia",NA,"165128d0"
2021-06-21,234,13,249134,234,221,0,0,0,192048,151320,40728,535500,2,"Australia","Tasmania",NA,"86525f8e"
2021-06-21,20694,823,7065607,20694,19820,4,1,0,1955144,1699075,256069,6629870,2,"Australia","Victoria",NA,"6c5dccdb"
2021-06-21,1020,9,1265435,1020,1009,0,0,0,615336,512051,103285,2630557,2,"Australia","Western Australia",NA,"1f999f12"
2021-06-22,124,3,227975,124,121,0,0,0,144087,108297,35789.9999999998,428060,2,"Australia","Australian Capital Territory",NA,"f42f23e3"
2021-06-22,5661,55,6482478,5661,2802,3,1,0,1936373,1578606,357767,8117976,2,"Australia","New South Wales",NA,"5c4dd6e0"
2021-06-22,176,0,233101,176,174,2,0,0,79218,57283,21935,245562,2,"Australia","Northern Territory",NA,"a079fdb2"
2021-06-22,1673,7,2801727,1673,1620,32,0,0,1267076,1078656,188420,5115451,2,"Australia","Queensland",NA,"36068882"
2021-06-22,788,4,1495023,788,777,1,0,0,480236,400636,79599.9999999999,1756494,2,"Australia","South Australia",NA,"165128d0"
2021-06-22,234,13,249785,234,221,0,0,0,195422,154694,40728,535500,2,"Australia","Tasmania",NA,"86525f8e"
2021-06-22,20697,823,7078783,20697,19826,4,1,0,1991642,1735573,256069,6629870,2,"Australia","Victoria",NA,"6c5dccdb"
2021-06-22,1020,9,1270194,1020,1009,0,0,0,625330,518295,107035,2630557,2,"Australia","Western Australia",NA,"1f999f12"
2021-06-23,124,3,227975,124,121,0,0,0,146278,110488,35789.9999999998,428060,2,"Australia","Australian Capital Territory",NA,"f42f23e3"
2021-06-23,5678,55,6527118,5678,2802,2,1,0,1975662,1617895,357767,8117976,2,"Australia","New South Wales",NA,"5c4dd6e0"
2021-06-23,177,0,234527,177,174,3,0,0,81502,59567,21935,245562,2,"Australia","Northern Territory",NA,"a079fdb2"
2021-06-23,1674,7,2811814,1674,1620,35,0,0,1296612,1108192,188420,5115451,2,"Australia","Queensland",NA,"36068882"
2021-06-23,788,4,1500715,788,777,1,0,0,490932,411332,79599.9999999999,1756494,2,"Australia","South Australia",NA,"165128d0"
2021-06-23,234,13,250839,234,221,0,0,0,199227,158499,40728,535500,2,"Australia","Tasmania",NA,"86525f8e"
2021-06-23,20698,823,7107050,20698,19828,4,0,0,2032703,1776634,256069,6629870,2,"Australia","Victoria",NA,"6c5dccdb"
2021-06-23,1020,9,1274200,1020,1009,0,0,0,637360,530325,107035,2630557,2,"Australia","Western Australia",NA,"1f999f12"
2021-06-24,124,3,230396,124,121,0,0,0,148226,112436,35789.9999999998,428060,2,"Australia","Australian Capital Territory",NA,"f42f23e3"
2021-06-24,5689,55,6575520,5689,2802,3,0,0,2015389,1657622,357767,8117976,2,"Australia","New South Wales",NA,"5c4dd6e0"
2021-06-24,177,0,235601,177,174,3,0,0,83442,59608,23834,245562,2,"Australia","Northern Territory",NA,"a079fdb2"
2021-06-24,1677,7,2822235,1677,1620,39,0,0,1326479,1138059,188420,5115451,2,"Australia","Queensland",NA,"36068882"
2021-06-24,792,4,1505849,792,779,1,0,0,501920,422320,79599.9999999999,1756494,2,"Australia","South Australia",NA,"165128d0"
2021-06-24,234,13,251652,234,221,0,0,0,202933,162205,40728,535500,2,"Australia","Tasmania",NA,"86525f8e"
2021-06-24,20702,823,7129862,20702,19828,4,0,0,2071004,1814935,256069,6629870,2,"Australia","Victoria",NA,"6c5dccdb"
2021-06-24,1021,9,1278137,1021,1009,0,0,0,649805,542770,107035,2630557,2,"Australia","Western Australia",NA,"1f999f12"
2021-06-25,124,3,231828,124,121,0,0,0,150541,114751,35789.9999999998,428060,2,"Australia","Australian Capital Territory",NA,"f42f23e3"
2021-06-25,5712,55,6623123,5712,2802,4,1,0,2058395,1700628,357767,8117976,2,"Australia","New South Wales",NA,"5c4dd6e0"
2021-06-25,177,0,236953,177,174,3,0,0,85687,60661,25026,245562,2,"Australia","Northern Territory",NA,"a079fdb2"
2021-06-25,1679,7,2831230,1679,1621,41,0,0,1356288,1167868,188420,5115451,2,"Australia","Queensland",NA,"36068882"
2021-06-25,789,4,1511152,789,780,0,0,0,513151,433551,79599.9999999999,1756494,2,"Australia","South Australia",NA,"165128d0"
2021-06-25,234,13,252422,234,221,0,0,0,206483,165755,40728,535500,2,"Australia","Tasmania",NA,"86525f8e"
2021-06-25,20702,823,7151853,20702,19833,4,0,0,2106734,1850665,256069,6629870,2,"Australia","Victoria",NA,"6c5dccdb"
2021-06-25,1021,9,1282606,1021,1010,0,0,0,660353,553318,107035,2630557,2,"Australia","Western Australia",NA,"1f999f12"
2021-06-26,124,3,232970,124,121,0,0,0,152787,116997,35789.9999999998,428060,2,"Australia","Australian Capital Territory",NA,"f42f23e3"
2021-06-26,5724,55,6678350,5724,2802,4,1,0,2094275,1736508,357767,8117976,2,"Australia","New South Wales",NA,"5c4dd6e0"
2021-06-26,178,0,239325,178,174,3,0,0,86959,61933,25026,245562,2,"Australia","Northern Territory",NA,"a079fdb2"
2021-06-26,1680,7,2840168,1680,1624,41,0,0,1381602,1193182,188420,5115451,2,"Australia","Queensland",NA,"36068882"
2021-06-26,791,4,1516504,791,781,0,0,0,522789,443189,79599.9999999999,1756494,2,"Australia","South Australia",NA,"165128d0"
2021-06-26,234,13,252837,234,221,0,0,0,208907,168179,40728,535500,2,"Australia","Tasmania",NA,"86525f8e"
2021-06-26,20705,823,7173448,20705,19834,4,0,0,2140468,1884399,256069,6629870,2,"Australia","Victoria",NA,"6c5dccdb"
2021-06-26,1021,9,1282606,1021,1010,0,0,0,669818,562783,107035,2630557,2,"Australia","Western Australia",NA,"1f999f12"
2021-06-27,124,3,233749,124,121,0,0,0,154346,118556,35789.9999999998,428060,2,"Australia","Australian Capital Territory",NA,"f42f23e3"
2021-06-27,5756,55,6730398,5756,2802,4,1,0,2114523,1756756,357767,8117976,2,"Australia","New South Wales",NA,"5c4dd6e0"
2021-06-27,181,0,240153,181,174,7,0,0,87219,62193,25026,245562,2,"Australia","Northern Territory",NA,"a079fdb2"
2021-06-27,1683,7,2847469,1683,1624,41,0,0,1395997,1207577,188420,5115451,2,"Australia","Queensland",NA,"36068882"
2021-06-27,794,4,1522053,794,781,0,0,0,528106,448506,79599.9999999999,1756494,2,"Australia","South Australia",NA,"165128d0"
2021-06-27,234,13,253058,234,221,0,0,0,211874,171146,40728,535500,2,"Australia","Tasmania",NA,"86525f8e"
2021-06-27,20708,823,7194146,20708,19844,4,0,0,2158147,1902078,256069,6629870,2,"Australia","Victoria",NA,"6c5dccdb"
2021-06-27,1022,9,1282606,1022,1011,0,0,0,676108,569073,107035,2630557,2,"Australia","Western Australia",NA,"1f999f12"
2021-06-28,124,3,234791,124,121,0,0,0,155749,113282,42466.9999999999,428060,2,"Australia","Australian Capital Territory",NA,"f42f23e3"
2021-06-28,5778,55,6789268,5778,2802,8,2,0,2127175,1663551,463624,8117976,2,"Australia","New South Wales",NA,"5c4dd6e0"
2021-06-28,182,0,239913,182,174,8,0,0,87562,62536,25026,245562,2,"Australia","Northern Territory",NA,"a079fdb2"
2021-06-28,1686,7,2854125,1686,1624,40,0,0,1404194,1130835,273359,5115451,2,"Australia","Queensland",NA,"36068882"
2021-06-28,794,4,1528024,794,781,0,0,0,531746,428390,103356,1756494,2,"Australia","South Australia",NA,"165128d0"
2021-06-28,234,13,254667,234,221,0,0,0,213575,162933,50641.9999999997,535500,2,"Australia","Tasmania",NA,"86525f8e"
2021-06-28,20708,823,7211763,20708,19843,2,0,0,2172874,1790133,382741,6629870,2,"Australia","Victoria",NA,"6c5dccdb"
2021-06-28,1023,9,1294879,1023,1010,0,0,0,681791,574756,107035,2630557,2,"Australia","Western Australia",NA,"1f999f12"
2021-06-29,124,3,236406,124,121,0,0,0,157952,115485,42466.9999999999,428060,2,"Australia","Australian Capital Territory",NA,"f42f23e3"
2021-06-29,5798,55,6856268,5798,2802,6,1,0,2165270,1701646,463624,8117976,2,"Australia","New South Wales",NA,"5c4dd6e0"
2021-06-29,184,0,239913,184,174,10,0,0,89251,64225,25026,245562,2,"Australia","Northern Territory",NA,"a079fdb2"
2021-06-29,1692,7,2869114,1692,1624,41,0,0,1428153,1154794,273359,5115451,2,"Australia","Queensland",NA,"36068882"
2021-06-29,796,4,1536342,796,783,0,0,0,540128,436772,103356,1756494,2,"Australia","South Australia",NA,"165128d0"
2021-06-29,234,13,256417,234,221,0,0,0,216149,165507,50641.9999999997,535500,2,"Australia","Tasmania",NA,"86525f8e"
2021-06-29,20710,823,7232486,20710,19846,2,0,0,2212364,1829623,382741,6629870,2,"Australia","Victoria",NA,"6c5dccdb"
2021-06-29,1024,9,1307429,1024,1010,0,0,0,691433,558140,133293,2630557,2,"Australia","Western Australia",NA,"1f999f12"
2021-06-30,124,3,238038,124,121,0,0,0,160469,118002,42466.9999999999,428060,2,"Australia","Australian Capital Territory",NA,"f42f23e3"
2021-06-30,5826,55,6924488,5826,2802,9,1,0,2211280,1747656,463624,8117976,2,"Australia","New South Wales",NA,"5c4dd6e0"
2021-06-30,184,0,244310,184,174,10,0,0,90929,62119,28810,245562,2,"Australia","Northern Territory",NA,"a079fdb2"
2021-06-30,1696,7,2887561,1696,1635,42,0,0,1460704,1187345,273359,5115451,2,"Australia","Queensland",NA,"36068882"
2021-06-30,807,4,1547556,807,785,0,0,0,550281,446925,103356,1756494,2,"Australia","South Australia",NA,"165128d0"
2021-06-30,234,13,257798,234,221,0,0,0,219376,168734,50641.9999999997,535500,2,"Australia","Tasmania",NA,"86525f8e"
2021-06-30,20712,823,7262435,20712,19858,1,0,0,2247466,1864725,382741,6629870,2,"Australia","Victoria",NA,"6c5dccdb"
2021-06-30,1028,9,1322731,1028,1011,0,0,0,705080,567340,137740,2630557,2,"Australia","Western Australia",NA,"1f999f12"
2021-07-01,124,3,239683,124,121,0,0,0,163259,120792,42466.9999999999,428060,2,"Australia","Australian Capital Territory",NA,"f42f23e3"
2021-07-01,5854,55,6984429,5854,2802,14,2,0,2259743,1796119,463624,8117976,2,"Australia","New South Wales",NA,"5c4dd6e0"
2021-07-01,185,0,247379,185,176,9,0,0,93768,64958,28810,245562,2,"Australia","Northern Territory",NA,"a079fdb2"
2021-07-01,1700,7,2917551,1700,1635,42,1,0,1499468,1226109,273359,5115451,2,"Australia","Queensland",NA,"36068882"
2021-07-01,807,4,1559322,807,789,0,0,0,561890,458534,103356,1756494,2,"Australia","South Australia",NA,"165128d0"
2021-07-01,234,13,259422,234,221,0,0,0,222969,172327,50641.9999999997,535500,2,"Australia","Tasmania",NA,"86525f8e"
2021-07-01,20711,823,7291584,20711,19860,2,0,0,2286094,1903353,382741,6629870,2,"Australia","Victoria",NA,"6c5dccdb"
2021-07-01,1028,9,1341319,1028,1011,0,0,0,719784,576811,142973,2630557,2,"Australia","Western Australia",NA,"1f999f12"
2021-07-02,124,3,240964,124,121,0,0,0,165985,135464,47464,428060,2,"Australia","Australian Capital Territory",NA,"f42f23e3"
2021-07-02,5886,55,7058030,5886,2802,17,3,0,2312628,1782220,534493,8117976,2,"Australia","New South Wales",NA,"5c4dd6e0"
2021-07-02,185,0,250881,185,176,8,0,0,95966,69325,31099,245562,2,"Australia","Northern Territory",NA,"a079fdb2"
2021-07-02,1705,7,2944544,1705,1635,46,1,0,1538031,1186164,331806,5115451,2,"Australia","Queensland",NA,"36068882"
2021-07-02,809,4,1572445,809,789,0,0,0,574362,449123,119739,1756494,2,"Australia","South Australia",NA,"165128d0"
2021-07-02,234,13,261057,234,221,0,0,0,226413,167217,56124,535500,2,"Australia","Tasmania",NA,"86525f8e"
2021-07-02,20713,823,7316310,20713,19861,2,0,0,2323557,1825322,457280,6629870,2,"Australia","Victoria",NA,"6c5dccdb"
2021-07-02,1029,9,1359242,1029,1011,0,0,0,733211,586746,148268,2630557,2,"Australia","Western Australia",NA,"1f999f12"
2021-07-03,124,3,242106,124,121,0,0,0,168783,138624,49843,428060,2,"Australia","Australian Capital Territory",NA,"f42f23e3"
2021-07-03,5926,55,7114361,5926,2802,10,5,0,2362111,1806958,554057,8117976,2,"Australia","New South Wales",NA,"5c4dd6e0"
2021-07-03,185,0,254890,185,176,8,0,0,97881,70392,32064,245562,2,"Australia","Northern Territory",NA,"a079fdb2"
2021-07-03,1713,7,2969689,1713,1635,47,1,0,1569862,1202096,350877,5115451,2,"Australia","Queensland",NA,"36068882"
2021-07-03,810,4,1584307,810,789,0,0,0,585487,454369,125870,1756494,2,"Australia","South Australia",NA,"165128d0"
2021-07-03,234,13,262254,234,221,0,0,0,229802,168327,58183,535500,2,"Australia","Tasmania",NA,"86525f8e"
2021-07-03,20713,823,7340557,20713,19863,1,0,0,2360411,1838894,482714,6629870,2,"Australia","Victoria",NA,"6c5dccdb"
2021-07-03,1029,9,1368167,1029,1011,0,0,0,747312,594745,154658,2630557,2,"Australia","Western Australia",NA,"1f999f12"
2021-07-04,124,3,242753,124,121,0,0,0,170991,139124,50219,428060,2,"Australia","Australian Capital Territory",NA,"f42f23e3"
2021-07-04,5942,55,7159692,5942,2802,20,5,0,2388405,1828450,564930,8117976,2,"Australia","New South Wales",NA,"5c4dd6e0"
2021-07-04,185,0,261265,185,176,8,0,0,98047,70602,32264,245562,2,"Australia","Northern Territory",NA,"a079fdb2"
2021-07-04,1716,7,2983689,1716,1641,46,1,0,1584163,1210978,363682,5115451,2,"Australia","Queensland",NA,"36068882"
2021-07-04,812,4,1595642,812,791,0,0,0,591399,457157,128817,1756494,2,"Australia","South Australia",NA,"165128d0"
2021-07-04,234,13,262968,234,221,0,0,0,232839,168863,59520,535500,2,"Australia","Tasmania",NA,"86525f8e"
2021-07-04,20714,823,7360998,20714,19871,1,1,0,2379795,1845016,498229,6629870,2,"Australia","Victoria",NA,"6c5dccdb"
2021-07-04,1030,9,1374357,1030,1011,0,0,0,755728,599721,158085,2630557,2,"Australia","Western Australia",NA,"1f999f12"
2021-07-05,124,3,243540,124,121,0,0,0,173113,139541,50816,428060,2,"Australia","Australian Capital Territory",NA,"f42f23e3"
2021-07-05,5979,55,7218065,5979,2802,24,4,0,2405852,1840850,567316,8117976,2,"Australia","New South Wales",NA,"5c4dd6e0"
2021-07-05,185,0,262739,185,176,8,0,0,99093,70746,32308,245562,2,"Australia","Northern Territory",NA,"a079fdb2"
2021-07-05,1722,7,2997277,1722,1641,47,1,0,1590602,1215478,369481,5115451,2,"Australia","Queensland",NA,"36068882"
2021-07-05,813,4,1605137,813,793,0,0,0,595722,459581,130566,1756494,2,"Australia","South Australia",NA,"165128d0"
2021-07-05,234,13,263617,234,221,0,0,0,234460,168918,59760,535500,2,"Australia","Tasmania",NA,"86525f8e"
2021-07-05,20716,823,7381688,20716,19873,2,2,0,2394238,1848794,507228,6629870,2,"Australia","Victoria",NA,"6c5dccdb"
2021-07-05,1030,9,1386359,1030,1011,0,0,0,762393,604457,160146,2630557,2,"Australia","Western Australia",NA,"1f999f12"
2021-07-06,124,3,244735,124,121,0,0,0,175783,139541,50816,428060,2,"Australia","Australian Capital Territory",NA,"f42f23e3"
2021-07-06,5997,55,7250386,5997,2802,26,6,2,2453560,1840850,567316,8117976,2,"Australia","New South Wales",NA,"5c4dd6e0"
2021-07-06,185,0,262739,185,176,8,0,0,101125,70746,32308,245562,2,"Australia","Northern Territory",NA,"a079fdb2"
2021-07-06,1728,7,3019495,1728,1641,47,1,0,1617964,1215478,369481,5115451,2,"Australia","Queensland",NA,"36068882"
2021-07-06,813,4,1612932,813,793,0,0,0,605775,459581,130566,1756494,2,"Australia","South Australia",NA,"165128d0"
2021-07-06,234,13,264532,234,221,0,0,0,237982,168918,59760,535500,2,"Australia","Tasmania",NA,"86525f8e"
2021-07-06,20718,823,7403837,20718,19873,2,2,0,2435641,1848794,507228,6629870,2,"Australia","Victoria",NA,"6c5dccdb"
2021-07-06,1033,9,1393390,1033,1012,0,0,0,774361,604457,160146,2630557,2,"Australia","Western Australia",NA,"1f999f12"
2021-07-07,124,3,246038,124,121,0,0,0,178675,144453,54496,428060,2,"Australia","Australian Capital Territory",NA,"f42f23e3"
2021-07-07,6025,55,7295386,6025,2802,37,7,2,2505554,1900389,609108,8117976,2,"Australia","New South Wales",NA,"5c4dd6e0"
2021-07-07,185,0,263412,185,176,8,0,0,103597,72797,33936,245562,2,"Australia","Northern Territory",NA,"a079fdb2"
2021-07-07,1729,7,3005495,1729,1641,49,1,0,1651744,1237991,397278,5115451,2,"Australia","Queensland",NA,"36068882"
2021-07-07,813,4,1623221,813,793,1,0,0,617254,470581,140508,1756494,2,"Australia","South Australia",NA,"165128d0"
2021-07-07,234,13,265867,234,221,0,0,0,241909,172474,63420,535500,2,"Australia","Tasmania",NA,"86525f8e"
2021-07-07,20718,823,7431335,20718,19874,2,2,0,2479835,1877762,554313,6629870,2,"Australia","Victoria",NA,"6c5dccdb"
2021-07-07,1033,9,1399117,1033,1012,0,0,0,789098,620112,170876,2630557,2,"Australia","Western Australia",NA,"1f999f12"
2021-07-08,124,3,246905,124,121,0,0,0,181034,147570,55752,428060,2,"Australia","Australian Capital Territory",NA,"f42f23e3"
2021-07-08,6064,55,7335119,6064,2802,40,11,3,2556204,1928105,629961,8117976,2,"Australia","New South Wales",NA,"5c4dd6e0"
2021-07-08,188,0,264660,188,177,9,0,0,106156,74057,34959,245562,2,"Australia","Northern Territory",NA,"a079fdb2"
2021-07-08,1732,7,3020431,1732,1641,49,1,0,1687906,1253723,417238,5115451,2,"Australia","Queensland",NA,"36068882"
2021-07-08,814,4,1630287,814,793,1,0,0,623520,475949,147131,1756494,2,"Australia","South Australia",NA,"165128d0"
2021-07-08,234,13,267011,234,221,0,0,0,244851,173041,64255,535500,2,"Australia","Tasmania",NA,"86525f8e"
2021-07-08,20718,823,7458755,20718,19877,3,2,0,2503939,1889341,573622,6629870,2,"Australia","Victoria",NA,"6c5dccdb"
2021-07-08,1033,9,1409965,1033,1013,1,1,0,803189,628863,176557,2630557,2,"Australia","Western Australia",NA,"1f999f12"
2021-07-09,124,3,247788,124,121,0,0,0,184104,148365,56751,428060,2,"Australia","Australian Capital Territory",NA,"f42f23e3"
2021-07-09,6109,55,7377271,6109,2802,43,10,4,2612157,1958700,651446,8117976,2,"Australia","New South Wales",NA,"5c4dd6e0"
2021-07-09,188,0,267031,188,177,11,0,0,108487,75332,36066,245562,2,"Australia","Northern Territory",NA,"a079fdb2"
2021-07-09,1732,7,3034974,1732,1641,45,1,0,1722297,1268998,437988,5115451,2,"Australia","Queensland",NA,"36068882"
2021-07-09,816,4,1637036,816,794,1,0,0,640258,481491,153431,1756494,2,"Australia","South Australia",NA,"165128d0"
2021-07-09,234,13,267935,234,221,0,0,0,248709,173769,65660,535500,2,"Australia","Tasmania",NA,"86525f8e"
2021-07-09,20719,823,7484345,20719,19878,3,0,0,2538226,1902380,596746,6629870,2,"Australia","Victoria",NA,"6c5dccdb"
2021-07-09,1033,9,1414856,1033,1013,1,1,0,817334,637295,182456,2630557,2,"Australia","Western Australia",NA,"1f999f12"
2021-07-10,124,3,248353,124,121,0,0,0,186655,150940,58429,428060,2,"Australia","Australian Capital Territory",NA,"f42f23e3"
2021-07-10,6161,55,7419294,6161,2802,47,16,4,2663160,1987064,671858,8117976,2,"Australia","New South Wales",NA,"5c4dd6e0"
2021-07-10,188,0,268287,188,177,10,0,0,109788,76418,37074,245562,2,"Australia","Northern Territory",NA,"a079fdb2"
2021-07-10,1737,7,3049028,1737,1641,49,1,0,1751988,1282737,455681,5115451,2,"Australia","Queensland",NA,"36068882"
2021-07-10,818,4,1642840,818,795,2,0,0,650094,485639,159279,1756494,2,"Australia","South Australia",NA,"165128d0"
2021-07-10,234,13,268919,234,221,0,0,0,251259,174267,66500,535500,2,"Australia","Tasmania",NA,"86525f8e"
2021-07-10,20722,823,7507610,20722,19879,3,0,0,2569618,1914430,618399,6629870,2,"Australia","Victoria",NA,"6c5dccdb"
2021-07-10,1033,9,1420528,1033,1014,1,1,0,829985,645611,187378,2630557,2,"Australia","Western Australia",NA,"1f999f12"
2021-07-11,124,3,248805,124,121,0,0,0,189110,151602,58931,428060,2,"Australia","Australian Capital Territory",NA,"f42f23e3"
2021-07-11,6243,56,7468048,6243,2802,52,15,5,2692223,2008345,683667,8117976,2,"Australia","New South Wales",NA,"5c4dd6e0"
2021-07-11,188,0,269310,188,177,8,0,0,110412,76833,37358,245562,2,"Australia","Northern Territory",NA,"a079fdb2"
2021-07-11,1738,7,3056203,1738,1641,46,1,0,1766217,1290745,467536,5115451,2,"Australia","Queensland",NA,"36068882"
2021-07-11,819,4,1649732,819,796,2,0,0,656446,488230,162764,1756494,2,"Australia","South Australia",NA,"165128d0"
2021-07-11,234,13,269482,234,221,0,0,0,253951,178928,71700,535500,2,"Australia","Tasmania",NA,"86525f8e"
2021-07-11,20722,823,7530912,20722,19882,3,0,0,2590328,1921080,630774,6629870,2,"Australia","Victoria",NA,"6c5dccdb"
2021-07-11,1035,9,1424422,1035,1014,2,1,0,839282,650759,191117,2630557,2,"Australia","Western Australia",NA,"1f999f12"
2021-07-12,124,3,249383,124,121,0,0,0,191006,151868,59392,428060,2,"Australia","Australian Capital Territory",NA,"f42f23e3"
2021-07-12,6359,56,7514526,6359,2802,63,18,4,2708148,2023678,686408,8117976,2,"Australia","New South Wales",NA,"5c4dd6e0"
2021-07-12,189,0,270763,189,177,9,0,0,110414,77072,37399,245562,2,"Australia","Northern Territory",NA,"a079fdb2"
2021-07-12,1739,7,3105830,1739,1641,47,1,0,1772830,1295455,473868,5115451,2,"Australia","Queensland",NA,"36068882"
2021-07-12,821,4,1655070,821,797,2,0,0,660535,489895,165105,1756494,2,"Australia","South Australia",NA,"165128d0"
2021-07-12,234,13,270589,234,221,0,0,0,256089,179499,72150,535500,2,"Australia","Tasmania",NA,"86525f8e"
2021-07-12,20724,823,7550151,20724,19885,3,0,0,2605120,1926277,638454,6629870,2,"Australia","Victoria",NA,"6c5dccdb"
2021-07-12,1036,9,1430735,1036,1015,2,1,0,845675,654322,192945,2630557,2,"Australia","Western Australia",NA,"1f999f12"
2021-07-13,124,3,250740,124,121,0,0,0,194030,155119,62082,428060,2,"Australia","Australian Capital Territory",NA,"f42f23e3"
2021-07-13,6452,57,7563581,6452,2802,65,21,4,2763146,2053904,710714,8117976,2,"Australia","New South Wales",NA,"5c4dd6e0"
2021-07-13,189,0,271859,189,177,9,0,0,112991,77772,38507,245562,2,"Australia","Northern Territory",NA,"a079fdb2"
2021-07-13,1742,7,3118504,1742,1641,45,1,0,1800895,1303942,485285,5115451,2,"Australia","Queensland",NA,"36068882"
2021-07-13,821,4,1661571,821,798,2,0,0,670656,494231,170613,1756494,2,"Australia","South Australia",NA,"165128d0"
2021-07-13,234,13,271902,234,221,0,0,0,259588,181794,74120,535500,2,"Australia","Tasmania",NA,"86525f8e"
2021-07-13,20725,823,7575232,20725,19885,2,0,0,2645161,1942143,660399,6629870,2,"Australia","Victoria",NA,"6c5dccdb"
2021-07-13,1036,9,1435858,1036,1018,2,1,0,857559,660228,199052,2630557,2,"Australia","Western Australia",NA,"1f999f12"
2021-07-14,124,3,251955,124,121,0,0,0,197016,156854,63580,428060,2,"Australia","Australian Capital Territory",NA,"f42f23e3"
2021-07-14,6551,57,7628903,6551,2802,71,20,4,2826601,2091118,741075,8117976,2,"Australia","New South Wales",NA,"5c4dd6e0"
2021-07-14,189,0,273509,189,180,7,0,0,115168,78662,39852,245562,2,"Australia","Northern Territory",NA,"a079fdb2"
2021-07-14,1747,7,3131303,1747,1641,47,1,0,1835564,1317023,503562,5115451,2,"Australia","Queensland",NA,"36068882"
2021-07-14,823,4,1669596,823,799,2,0,0,682153,499018,176598,1756494,2,"Australia","South Australia",NA,"165128d0"
2021-07-14,234,13,273194,234,221,0,0,0,262737,183367,75898,535500,2,"Australia","Tasmania",NA,"86525f8e"
2021-07-14,20726,823,7608269,20726,19887,1,0,0,2677576,1956686,681030,6629870,2,"Australia","Victoria",NA,"6c5dccdb"
2021-07-14,1036,9,1440807,1036,1018,2,1,0,872330,667449,207054,2630557,2,"Australia","Western Australia",NA,"1f999f12"
2021-07-15,124,3,253042,124,121,0,0,0,199653,158406,64995,428060,2,"Australia","Australian Capital Territory",NA,"f42f23e3"
2021-07-15,6618,57,7687202,6618,2802,73,19,5,2885109,2122154,769552,8117976,2,"Australia","New South Wales",NA,"5c4dd6e0"
2021-07-15,190,0,275262,190,180,7,0,0,117555,79938,41300,245562,2,"Australia","Northern Territory",NA,"a079fdb2"
2021-07-15,1752,7,3143653,1752,1641,50,2,0,1868999,1332097,523333,5115451,2,"Australia","Queensland",NA,"36068882"
2021-07-15,825,4,1677570,825,805,0,0,0,694463,504640,183279,1756494,2,"Australia","South Australia",NA,"165128d0"
2021-07-15,234,13,274238,234,221,0,0,0,265908,185150,77905,535500,2,"Australia","Tasmania",NA,"86525f8e"
2021-07-15,20737,823,7633719,20737,19891,1,0,0,2713151,1973043,703352,6629870,2,"Australia","Victoria",NA,"6c5dccdb"
2021-07-15,1036,9,1444307,1036,1020,2,1,0,886969,674911,214796,2630557,2,"Australia","Western Australia",NA,"1f999f12"
2021-07-16,124,3,254126,124,121,0,0,0,202473,159263,65961,428060,2,"Australia","Australian Capital Territory",NA,"f42f23e3"
2021-07-16,6716,57,7764789,6716,2802,75,18,5,2951810,2154674,801520,8117976,2,"Australia","New South Wales",NA,"5c4dd6e0"
2021-07-16,191,0,276387,191,183,8,0,0,120231,81216,42923,245562,2,"Australia","Northern Territory",NA,"a079fdb2"
2021-07-16,1753,7,3156949,1753,1641,48,2,0,1904850,1347403,544039,5115451,2,"Australia","Queensland",NA,"36068882"
2021-07-16,831,4,1685562,831,811,0,0,0,705922,509361,189823,1756494,2,"Australia","South Australia",NA,"165128d0"
2021-07-16,234,13,274793,234,221,0,0,0,269522,187105,79325,535500,2,"Australia","Tasmania",NA,"86525f8e"
2021-07-16,20747,823,7666848,20747,19892,0,0,0,2750741,1989378,724373,6629870,2,"Australia","Victoria",NA,"6c5dccdb"
2021-07-16,1036,9,1449908,1036,1021,1,1,0,901260,682198,221981,2630557,2,"Australia","Western Australia",NA,"1f999f12"
2021-07-17,124,3,255160,124,121,0,0,0,205229,160939,67331,428060,2,"Australia","Australian Capital Territory",NA,"f42f23e3"
2021-07-17,6833,58,7846759,6833,2802,75,18,6,3014454,2185364,830856,8117976,2,"Australia","New South Wales",NA,"5c4dd6e0"
2021-07-17,191,0,277564,191,183,8,0,0,122189,82174,43989,245562,2,"Australia","Northern Territory",NA,"a079fdb2"
2021-07-17,1754,7,3171704,1754,1641,39,2,0,1933767,1360893,561139,5115451,2,"Australia","Queensland",NA,"36068882"
2021-07-17,831,4,1695023,831,813,0,0,0,717255,514140,196098,1756494,2,"Australia","South Australia",NA,"165128d0"
2021-07-17,234,13,276662,234,221,0,0,0,273000,188587,81062,535500,2,"Australia","Tasmania",NA,"86525f8e"
2021-07-17,20767,823,7714505,20767,19893,0,0,0,2789969,2007760,745336,6629870,2,"Australia","Victoria",NA,"6c5dccdb"
2021-07-17,1037,9,1449908,1037,1021,1,1,0,914883,689934,227700,2630557,2,"Australia","Western Australia",NA,"1f999f12"
2021-07-18,124,3,255752,124,121,0,0,0,207393,161497,68133,428060,2,"Australia","Australian Capital Territory",NA,"f42f23e3"
2021-07-18,6942,59,7913430,6942,2802,76,18,7,3051027,2207784,846261,8117976,2,"Australia","New South Wales",NA,"5c4dd6e0"
2021-07-18,191,0,278542,191,183,8,0,0,122344,82629,44216,245562,2,"Australia","Northern Territory",NA,"a079fdb2"
2021-07-18,1754,7,3182211,1754,1641,39,2,0,1948665,1369852,573150,5115451,2,"Australia","Queensland",NA,"36068882"
2021-07-18,831,4,1706378,831,814,0,0,0,723668,517362,199125,1756494,2,"Australia","South Australia",NA,"165128d0"
2021-07-18,234,13,277184,234,221,0,0,0,275697,189047,81899,535500,2,"Australia","Tasmania",NA,"86525f8e"
2021-07-18,20785,823,7767737,20785,19895,0,0,0,2814826,2021125,757033,6629870,2,"Australia","Victoria",NA,"6c5dccdb"
2021-07-18,1037,9,1449908,1037,1021,1,1,0,923826,694666,232051,2630557,2,"Australia","Western Australia",NA,"1f999f12"
2021-07-19,124,3,256735,124,121,0,0,0,208763,161807,68264,428060,2,"Australia","Australian Capital Territory",NA,"f42f23e3"
2021-07-19,7042,60,7989275,7042,2802,82,24,7,3071491,2217295,854625,8117976,2,"Australia","New South Wales",NA,"5c4dd6e0"
2021-07-19,191,0,279684,191,183,7,0,0,122738,82762,44279,245562,2,"Australia","Northern Territory",NA,"a079fdb2"
2021-07-19,1756,7,3189604,1756,1641,36,2,0,1954201,1373963,578917,5115451,2,"Australia","Queensland",NA,"36068882"
2021-07-19,835,4,1713542,835,815,1,0,0,728716,519908,201555,1756494,2,"Australia","South Australia",NA,"165128d0"
2021-07-19,234,13,278769,234,221,0,0,0,277290,189280,82021,535500,2,"Australia","Tasmania",NA,"86525f8e"
2021-07-19,20798,823,7822576,20798,19897,1,0,0,2831570,2030739,763682,6629870,2,"Australia","Victoria",NA,"6c5dccdb"
2021-07-19,1038,9,1462553,1038,1022,1,1,0,930764,699146,234916,2630557,2,"Australia","Western Australia",NA,"1f999f12"
2021-07-20,124,3,257666,124,121,0,0,0,212475,170650,74460,428060,2,"Australia","Australian Capital Territory",NA,"f42f23e3"
2021-07-20,7121,60,8052135,7121,2802,95,27,11,3136532,2250087,882844,8117976,2,"Australia","New South Wales",NA,"5c4dd6e0"
2021-07-20,191,0,281655,191,185,6,0,0,124741,83255,45051,245562,2,"Australia","Northern Territory",NA,"a079fdb2"
2021-07-20,1761,7,3198915,1761,1641,36,2,0,1979964,1383625,587289,5115451,2,"Australia","Queensland",NA,"36068882"
2021-07-20,838,4,1721149,838,816,1,0,0,738647,524902,206339,1756494,2,"Australia","South Australia",NA,"165128d0"
2021-07-20,234,13,280019,234,221,0,0,0,281650,192402,84930,535500,2,"Australia","Tasmania",NA,"86525f8e"
2021-07-20,20814,823,7872030,20814,19898,3,0,0,2877099,2052295,784330,6629870,2,"Australia","Victoria",NA,"6c5dccdb"
2021-07-20,1046,9,1466545,1046,1022,1,1,0,944336,706325,241560,2630557,2,"Australia","Western Australia",NA,"1f999f12"
2021-07-21,124,3,258993,124,121,0,0,0,215416,172313,75941,428060,2,"Australia","Australian Capital Territory",NA,"f42f23e3"
2021-07-21,7233,60,8135612,7233,2802,106,23,11,3203383,2283863,912940,8117976,2,"Australia","New South Wales",NA,"5c4dd6e0"
2021-07-21,191,0,283061,191,185,6,0,0,127332,84117,46183,245562,2,"Australia","Northern Territory",NA,"a079fdb2"
2021-07-21,1762,7,3211791,1762,1701,36,2,0,2013169,1396550,604283,5115451,2,"Australia","Queensland",NA,"36068882"
2021-07-21,846,4,1734048,846,822,1,0,0,751296,531369,212151,1756494,2,"Australia","South Australia",NA,"165128d0"
2021-07-21,234,13,281736,234,221,0,0,0,285057,194303,86660,535500,2,"Australia","Tasmania",NA,"86525f8e"
2021-07-21,20837,823,7931385,20837,19899,5,0,0,2914350,2073360,806196,6629870,2,"Australia","Victoria",NA,"6c5dccdb"
2021-07-21,1048,9,1473668,1048,1023,1,1,0,960030,713205,250342,2630557,2,"Australia","Western Australia",NA,"1f999f12"
2021-07-22,124,3,259944,124,121,0,0,0,218972,173121,76715,428060,2,"Australia","Australian Capital Territory",NA,"f42f23e3"
2021-07-22,7357,60,8220797,7357,2802,118,28,14,3268288,2327237,948667,8117976,2,"Australia","New South Wales",NA,"5c4dd6e0"
2021-07-22,191,0,284357,191,186,5,0,0,129644,85585,47598,245562,2,"Australia","Northern Territory",NA,"a079fdb2"
2021-07-22,1761,7,3228466,1761,1701,25,1,0,2045305,1412146,622279,5115451,2,"Australia","Queensland",NA,"36068882"
2021-07-22,849,4,1751640,849,822,1,0,0,765579,538363,219624,1756494,2,"Australia","South Australia",NA,"165128d0"
2021-07-22,234,13,283716,234,221,0,0,0,288545,195987,88949,535500,2,"Australia","Tasmania",NA,"86525f8e"
2021-07-22,20865,823,7975059,20865,19899,5,1,0,2960809,2094522,826760,6629870,2,"Australia","Victoria",NA,"6c5dccdb"
2021-07-22,1048,9,1480747,1048,1024,1,1,0,977421,721622,259541,2630557,2,"Australia","Western Australia",NA,"1f999f12"
2021-07-23,124,3,261090,124,121,0,0,0,222603,176051,79250,428060,2,"Australia","Australian Capital Territory",NA,"f42f23e3"
2021-07-23,7492,61,8307417,7492,2802,137,32,14,3343940,2365634,982170,8117976,2,"Australia","New South Wales",NA,"5c4dd6e0"
2021-07-23,191,0,285711,191,188,3,0,0,131715,86829,48862,245562,2,"Australia","Northern Territory",NA,"a079fdb2"
2021-07-23,1763,7,3245833,1763,1701,25,1,0,2078672,1427333,640202,5115451,2,"Australia","Queensland",NA,"36068882"
2021-07-23,851,4,1775212,851,822,1,0,0,779059,545652,226395,1756494,2,"Australia","South Australia",NA,"165128d0"
2021-07-23,234,13,285226,234,221,0,0,0,292616,198346,90571,535500,2,"Australia","Tasmania",NA,"86525f8e"
2021-07-23,20879,823,8018601,20879,19901,7,2,0,3008312,2113611,847974,6629870,2,"Australia","Victoria",NA,"6c5dccdb"
2021-07-23,1048,9,1484641,1048,1025,1,1,0,994076,730014,268002,2630557,2,"Australia","Western Australia",NA,"1f999f12"
2021-07-24,124,3,262008,124,121,0,0,0,226124,176674,80144,428060,2,"Australia","Australian Capital Territory",NA,"f42f23e3"
2021-07-24,7651,61,8401327,7651,2802,139,37,17,3414132,2405646,1012939,8117976,2,"Australia","New South Wales",NA,"5c4dd6e0"
2021-07-24,192,0,286924,192,188,4,0,0,132259,87156,49336,245562,2,"Australia","Northern Territory",NA,"a079fdb2"
2021-07-24,1763,7,3260215,1763,1707,21,1,0,2109763,1442080,657252,5115451,2,"Australia","Queensland",NA,"36068882"
2021-07-24,852,4,1798622,852,822,2,0,0,792104,552011,232729,1756494,2,"Australia","South Australia",NA,"165128d0"
2021-07-24,234,13,286538,234,221,0,0,0,296597,200514,92327,535500,2,"Australia","Tasmania",NA,"86525f8e"
2021-07-24,20891,823,8058447,20891,19902,8,3,0,3052491,2137375,871704,6629870,2,"Australia","Victoria",NA,"6c5dccdb"
2021-07-24,1048,9,1484641,1048,1030,0,0,0,1009365,737835,275533,2630557,2,"Australia","Western Australia",NA,"1f999f12"
2021-07-25,124,3,262672,124,121,0,0,0,229226,177252,80691,428060,2,"Australia","Australian Capital Territory",NA,"f42f23e3"
2021-07-25,7792,61,8503560,7792,2802,141,43,18,3454832,2432672,1034280,8117976,2,"Australia","New South Wales",NA,"5c4dd6e0"
2021-07-25,192,0,287757,192,188,4,0,0,133145,87712,49689,245562,2,"Australia","Northern Territory",NA,"a079fdb2"
2021-07-25,1770,7,3272978,1770,1715,26,1,0,2124211,1451030,667000,5115451,2,"Australia","Queensland",NA,"36068882"
2021-07-25,855,4,1822341,855,822,2,0,0,799665,556070,236133,1756494,2,"Australia","South Australia",NA,"165128d0"
2021-07-25,234,13,287069,234,221,0,0,0,299229,201105,93061,535500,2,"Australia","Tasmania",NA,"86525f8e"
2021-07-25,20902,823,8090832,20902,19903,7,2,0,3080933,2153811,886208,6629870,2,"Australia","Victoria",NA,"6c5dccdb"
2021-07-25,1048,9,1484641,1048,1030,0,0,0,1019270,743369,280151,2630557,2,"Australia","Western Australia",NA,"1f999f12"
2021-07-26,124,3,263457,124,121,0,0,0,231454,177550,80804,428060,2,"Australia","Australian Capital Territory",NA,"f42f23e3"
2021-07-26,7942,63,8601718,7942,2802,155,44,18,3478281,2445631,1045515,8117976,2,"Australia","New South Wales",NA,"5c4dd6e0"
2021-07-26,192,0,288867,192,189,3,0,0,133505,88193,49804,245562,2,"Australia","Northern Territory",NA,"a079fdb2"
2021-07-26,1770,7,3283789,1770,1715,26,1,0,2131097,1456788,673160,5115451,2,"Australia","Queensland",NA,"36068882"
2021-07-26,857,4,1839601,857,827,2,0,0,805033,558637,238864,1756494,2,"Australia","South Australia",NA,"165128d0"
2021-07-26,234,13,288046,234,221,0,0,0,301471,201256,93184,535500,2,"Australia","Tasmania",NA,"86525f8e"
2021-07-26,20914,823,8116236,20914,19904,5,2,0,3102461,2163911,893448,6629870,2,"Australia","Victoria",NA,"6c5dccdb"
2021-07-26,1048,9,1495951,1048,1030,0,0,0,1028145,748838,284226,2630557,2,"Australia","Western Australia",NA,"1f999f12"
2021-07-27,124,3,264478,124,121,0,0,0,235789,186533,87180,428060,2,"Australia","Australian Capital Territory",NA,"f42f23e3"
2021-07-27,8117,65,8686184,8117,2802,169,46,19,3549677,2478220,1071895,8117976,2,"Australia","New South Wales",NA,"5c4dd6e0"
2021-07-27,192,0,291137,192,190,2,0,0,135574,88759,50605,245562,2,"Australia","Northern Territory",NA,"a079fdb2"
2021-07-27,1770,7,3296870,1770,1715,25,1,0,2158284,1468237,681859,5115451,2,"Australia","Queensland",NA,"36068882"
2021-07-27,857,4,1855351,857,828,2,0,0,816929,564674,244916,1756494,2,"Australia","South Australia",NA,"165128d0"
2021-07-27,234,13,288880,234,221,0,0,0,305117,204527,96413,535500,2,"Australia","Tasmania",NA,"86525f8e"
2021-07-27,20924,823,8140576,20924,19906,7,2,0,3150802,2189036,918338,6629870,2,"Australia","Victoria",NA,"6c5dccdb"
2021-07-27,1050,9,1500634,1050,1030,2,0,0,1044612,754468,293816,2630557,2,"Australia","Western Australia",NA,"1f999f12"
2021-07-28,124,3,266210,124,121,0,0,0,239611,188778,88956,428060,2,"Australia","Australian Capital Territory",NA,"f42f23e3"
2021-07-28,8294,66,8780736,8294,2802,164,56,22,3626604,2519801,1108405,8117976,2,"Australia","New South Wales",NA,"5c4dd6e0"
2021-07-28,192,0,292511,192,190,2,0,0,137746,89501,51976,245562,2,"Australia","Northern Territory",NA,"a079fdb2"
2021-07-28,1790,7,3314686,1790,1717,23,1,0,2192459,1481766,700095,5115451,2,"Australia","Queensland",NA,"36068882"
2021-07-28,857,4,1871408,857,828,2,0,0,830905,571563,251683,1756494,2,"Australia","South Australia",NA,"165128d0"
2021-07-28,234,13,290293,234,221,0,0,0,309408,206695,98525,535500,2,"Australia","Tasmania",NA,"86525f8e"
2021-07-28,20932,823,8176438,20932,19907,7,2,0,3193925,2206294,939923,6629870,2,"Australia","Victoria",NA,"6c5dccdb"
2021-07-28,1051,9,1501084,1051,1032,3,1,0,1063108,761408,305499,2630557,2,"Australia","Western Australia",NA,"1f999f12"
2021-07-29,124,3,267277,124,121,0,0,0,243279,158586,73361,428060,2,"Australia","Australian Capital Territory",NA,"f42f23e3"
2021-07-29,8531,68,8891698,8531,2802,182,54,22,3705923,2592831,1156321,8117976,2,"Australia","New South Wales",NA,"5c4dd6e0"
2021-07-29,197,0,294194,197,190,7,0,0,140377,77317,43820,245562,2,"Australia","Northern Territory",NA,"a079fdb2"
2021-07-29,1791,7,3340048,1791,1717,42,1,0,2227195,1478088,703491,5115451,2,"Australia","Queensland",NA,"36068882"
2021-07-29,859,4,1888844,859,828,2,0,0,844675,576441,258706,1756494,2,"Australia","South Australia",NA,"165128d0"
2021-07-29,234,13,291776,234,221,0,0,0,313063,206900,101319,535500,2,"Australia","Tasmania",NA,"86525f8e"
2021-07-29,20939,823,8218447,20939,19914,7,2,0,3237528,2217957,973629,6629870,2,"Australia","Victoria",NA,"6c5dccdb"
2021-07-29,1057,9,1505327,1057,1032,3,1,0,1083196,762665,314235,2630557,2,"Australia","Western Australia",NA,"1f999f12"
2021-07-30,124,3,268414,124,121,0,0,0,247173,159327,74508,428060,2,"Australia","Australian Capital Territory",NA,"f42f23e3"
2021-07-30,8703,68,8987144,8703,2802,187,58,24,3789560,2636949,1190942,8117976,2,"Australia","New South Wales",NA,"5c4dd6e0"
2021-07-30,197,0,295604,197,190,6,0,0,142917,78307,44934,245562,2,"Australia","Northern Territory",NA,"a079fdb2"
2021-07-30,1793,7,3356068,1793,1720,43,1,0,2262980,1492204,724757,5115451,2,"Australia","Queensland",NA,"36068882"
2021-07-30,859,4,1902441,859,830,2,0,0,858606,582657,266357,1756494,2,"Australia","South Australia",NA,"165128d0"
2021-07-30,234,13,292977,234,221,0,0,0,317688,209540,103595,535500,2,"Australia","Tasmania",NA,"86525f8e"
2021-07-30,20942,823,8261989,20942,19922,6,2,0,3283466,2238886,999343,6629870,2,"Australia","Victoria",NA,"6c5dccdb"
2021-07-30,1057,9,1509026,1057,1033,3,1,0,1103588,771680,325350,2630557,2,"Australia","Western Australia",NA,"1f999f12"
2021-07-31,124,3,269316,124,121,0,0,0,250901,162249,76910,428060,2,"Australia","Australian Capital Territory",NA,"f42f23e3"
2021-07-31,8914,69,9093107,8914,2802,187,58,24,3871780,2688735,1228845,8117976,2,"Australia","New South Wales",NA,"5c4dd6e0"
2021-07-31,199,0,297028,199,190,6,0,0,145506,79356,46165,245562,2,"Australia","Northern Territory",NA,"a079fdb2"
2021-07-31,1800,7,3369042,1800,1720,43,1,0,2296677,1506591,743107,5115451,2,"Australia","Queensland",NA,"36068882"
2021-07-31,859,4,1915711,859,830,2,0,0,871282,588564,272953,1756494,2,"Australia","South Australia",NA,"165128d0"
2021-07-31,234,13,292977,234,221,0,0,0,319801,211096,105990,535500,2,"Australia","Tasmania",NA,"86525f8e"
2021-07-31,20944,823,8294749,20944,19944,6,2,1,3328746,2259057,1023953,6629870,2,"Australia","Victoria",NA,"6c5dccdb"
2021-07-31,1057,9,1509026,1057,1036,3,1,0,1121991,780076,335011,2630557,2,"Australia","Western Australia",NA,"1f999f12"
2021-08-01,124,3,269707,124,121,0,0,0,254426,163728,78713,428060,2,"Australia","Australian Capital Territory",NA,"f42f23e3"
2021-08-01,9153,69,9180819,9153,2802,222,54,25,3917541,2715978,1252304,8117976,2,"Australia","New South Wales",NA,"5c4dd6e0"
2021-08-01,199,0,298035,199,191,6,0,0,146119,79787,46553,245562,2,"Australia","Northern Territory",NA,"a079fdb2"
2021-08-01,1809,7,3380510,1809,1725,53,1,0,2310240,1514557,753447,5115451,2,"Australia","Queensland",NA,"36068882"
2021-08-01,862,4,1928811,862,830,4,0,0,877541,591855,275925,1756494,2,"Australia","South Australia",NA,"165128d0"
2021-08-01,234,13,294485,234,221,0,0,0,320995,212831,107465,535500,2,"Australia","Tasmania",NA,"86525f8e"
2021-08-01,20948,823,8320528,20948,19967,8,2,1,3357034,2273154,1038227,6629870,2,"Australia","Victoria",NA,"6c5dccdb"
2021-08-01,1057,9,1509026,1057,1038,2,1,0,1133761,786126,340905,2630557,2,"Australia","Western Australia",NA,"1f999f12"
2021-08-02,124,3,271433,124,121,0,0,0,257403,164048,79341,428060,2,"Australia","Australian Capital Territory",NA,"f42f23e3"
2021-08-02,9360,70,9297828,9360,2802,228,54,25,3943499,2729174,1265839,8117976,2,"Australia","New South Wales",NA,"5c4dd6e0"
2021-08-02,200,0,299355,200,191,7,0,0,146363,80109,46646,245562,2,"Australia","Northern Territory",NA,"a079fdb2"
2021-08-02,1824,7,3402316,1824,1727,66,1,0,2318381,1520478,759788,5115451,2,"Australia","Queensland",NA,"36068882"
2021-08-02,863,4,1939738,863,831,3,0,0,881935,593907,278157,1756494,2,"Australia","South Australia",NA,"165128d0"
2021-08-02,234,13,295062,234,221,0,0,0,326483,213633,108539,535500,2,"Australia","Tasmania",NA,"86525f8e"
2021-08-02,20950,823,8341945,20950,19996,8,3,1,3376541,2283955,1047221,6629870,2,"Australia","Victoria",NA,"6c5dccdb"
2021-08-02,1058,9,1519178,1058,1038,2,1,0,1143288,790907,345429,2630557,2,"Australia","Western Australia",NA,"1f999f12"
2021-08-03,124,3,272676,124,121,0,0,0,261094,168170,82284,428060,2,"Australia","Australian Capital Territory",NA,"f42f23e3"
2021-08-03,9561,70,9402364,9561,2802,247,53,20,4028122,2772428,1300394,8117976,2,"Australia","New South Wales",NA,"5c4dd6e0"
2021-08-03,200,0,300234,200,191,7,0,0,146815,80352,46911,245562,2,"Australia","Northern Territory",NA,"a079fdb2"
2021-08-03,1840,7,3437034,1840,1727,82,1,0,2353085,1532546,773840,5115451,2,"Australia","Queensland",NA,"36068882"
2021-08-03,863,4,1949980,863,835,2,0,0,894547,599826,284507,1756494,2,"Australia","South Australia",NA,"165128d0"
2021-08-03,234,13,296921,234,221,0,0,0,329781,214854,110385,535500,2,"Australia","Tasmania",NA,"86525f8e"
2021-08-03,20955,823,8364162,20955,20001,10,2,1,3421777,2302523,1073291,6629870,2,"Australia","Victoria",NA,"6c5dccdb"
2021-08-03,1058,9,1524097,1058,1039,2,1,0,1159230,796736,356046,2630557,2,"Australia","Western Australia",NA,"1f999f12"
2021-08-04,124,3,273761,124,121,0,0,0,264881,169974,84043,428060,2,"Australia","Australian Capital Territory",NA,"f42f23e3"
2021-08-04,9793,72,9509942,9793,2802,286,53,23,4112667,2825917,1342211,8117976,2,"Australia","New South Wales",NA,"5c4dd6e0"
2021-08-04,200,0,301779,200,191,7,0,0,149207,81129,47709,245562,2,"Australia","Northern Territory",NA,"a079fdb2"
2021-08-04,1859,7,3488513,1859,1727,59,1,0,2397360,1549491,795568,5115451,2,"Australia","Queensland",NA,"36068882"
2021-08-04,866,4,1957143,866,841,2,0,0,907933,605951,291436,1756494,2,"Australia","South Australia",NA,"165128d0"
2021-08-04,234,13,298512,234,221,0,0,0,334710,216586,113118,535500,2,"Australia","Tasmania",NA,"86525f8e"
2021-08-04,20955,823,8394279,20955,20036,9,2,1,3463544,2320875,1097386,6629870,2,"Australia","Victoria",NA,"6c5dccdb"
2021-08-04,1059,9,1528716,1059,1041,2,1,0,1178096,803715,367691,2630557,2,"Australia","Western Australia",NA,"1f999f12"
2021-08-05,124,3,274821,124,121,0,0,0,268931,170831,85228,428060,2,"Australia","Australian Capital Territory",NA,"f42f23e3"
2021-08-05,10055,77,9616896,10055,2802,285,52,24,4196287,2874425,1381481,8117976,2,"Australia","New South Wales",NA,"5c4dd6e0"
2021-08-05,200,0,303492,200,191,7,0,0,152392,82018,48979,245562,2,"Australia","Northern Territory",NA,"a079fdb2"
2021-08-05,1886,7,3540864,1886,1727,65,1,0,2444845,1570498,820439,5115451,2,"Australia","Queensland",NA,"36068882"
2021-08-05,866,4,1963037,866,842,3,1,0,923067,612645,299590,1756494,2,"Australia","South Australia",NA,"165128d0"
2021-08-05,235,13,300053,235,221,0,0,0,337499,218238,115541,535500,2,"Australia","Tasmania",NA,"86525f8e"
2021-08-05,20962,823,8421558,20962,20062,7,2,1,3509483,2339301,1124519,6629870,2,"Australia","Victoria",NA,"6c5dccdb"
2021-08-05,1059,9,1534547,1059,1041,2,1,0,1197753,811909,378575,2630557,2,"Australia","Western Australia",NA,"1f999f12"
2021-08-06,124,3,276657,124,121,0,0,0,272817,171540,86247,428060,2,"Australia","Australian Capital Territory",NA,"f42f23e3"
2021-08-06,10341,78,9726443,10341,2802,304,50,22,4289913,2931990,1423185,8117976,2,"Australia","New South Wales",NA,"5c4dd6e0"
2021-08-06,200,0,305375,200,193,7,0,0,155584,83141,50089,245562,2,"Australia","Northern Territory",NA,"a079fdb2"
2021-08-06,1896,7,3588892,1896,1727,65,1,0,2494802,1593427,845211,5115451,2,"Australia","Queensland",NA,"36068882"
2021-08-06,866,4,1967792,866,850,3,1,0,936641,618807,307094,1756494,2,"Australia","South Australia",NA,"165128d0"
2021-08-06,235,13,301979,235,221,0,0,0,342993,220446,117799,535500,2,"Australia","Tasmania",NA,"86525f8e"
2021-08-06,20968,823,8451189,20968,20073,7,2,1,3558221,2358825,1152530,6629870,2,"Australia","Victoria",NA,"6c5dccdb"
2021-08-06,1059,9,1544681,1059,1041,2,1,0,1219325,821478,390391,2630557,2,"Australia","Western Australia",NA,"1f999f12"
2021-08-07,124,3,277742,124,121,0,0,0,277030,173549,88212,428060,2,"Australia","Australian Capital Territory",NA,"f42f23e3"
2021-08-07,10656,83,9834892,10656,2802,338,56,23,4379412,2984776,1463495,8117976,2,"Australia","New South Wales",NA,"5c4dd6e0"
2021-08-07,200,0,307136,200,193,7,0,0,157785,84153,51123,245562,2,"Australia","Northern Territory",NA,"a079fdb2"
2021-08-07,1909,7,3629727,1909,1727,70,1,0,2540849,1618162,868777,5115451,2,"Australia","Queensland",NA,"36068882"
2021-08-07,866,4,1972651,866,855,3,1,0,949738,624716,314398,1756494,2,"Australia","South Australia",NA,"165128d0"
2021-08-07,235,13,303546,235,221,0,0,0,344523,222184,119730,535500,2,"Australia","Tasmania",NA,"86525f8e"
2021-08-07,20997,823,8494807,20997,20080,7,2,1,3608336,2379619,1182570,6629870,2,"Australia","Victoria",NA,"6c5dccdb"
2021-08-07,1059,9,1544681,1059,1043,1,1,0,1238682,829564,401300,2630557,2,"Australia","Western Australia",NA,"1f999f12"
2021-08-08,124,3,278553,124,121,0,0,0,280057,174961,89739,428060,2,"Australia","Australian Capital Territory",NA,"f42f23e3"
2021-08-08,10917,84,9930372,10917,2802,362,58,24,4437729,3016441,1501249,8117976,2,"Australia","New South Wales",NA,"5c4dd6e0"
2021-08-08,200,0,308387,200,193,7,0,0,159162,84574,51794,245562,2,"Australia","Northern Territory",NA,"a079fdb2"
2021-08-08,1918,7,3656013,1918,1736,64,1,0,2563018,1631002,880512,5115451,2,"Australia","Queensland",NA,"36068882"
2021-08-08,868,4,1977554,868,855,2,1,0,958065,628406,318824,1756494,2,"Australia","South Australia",NA,"165128d0"
2021-08-08,235,13,304756,235,221,0,0,0,345908,223977,121799,535500,2,"Australia","Tasmania",NA,"86525f8e"
2021-08-08,21010,823,8532986,21010,20090,5,1,1,3640779,2392900,1201714,6629870,2,"Australia","Victoria",NA,"6c5dccdb"
2021-08-08,1059,9,1544681,1059,1043,1,1,0,1251862,835216,408162,2630557,2,"Australia","Western Australia",NA,"1f999f12"
2021-08-09,124,3,279233,124,121,0,0,0,283635,175425,90765,428060,2,"Australia","Australian Capital Territory",NA,"f42f23e3"
2021-08-09,11201,84,10064212,11201,2802,349,67,29,4463212,3033491,1510648,8117976,2,"Australia","New South Wales",NA,"5c4dd6e0"
2021-08-09,200,0,309367,200,193,7,0,0,159449,84762,51884,245562,2,"Australia","Northern Territory",NA,"a079fdb2"
2021-08-09,1923,7,3682407,1923,1736,62,1,0,2574040,1640384,887301,5115451,2,"Australia","Queensland",NA,"36068882"
2021-08-09,868,4,1981374,868,857,2,1,0,963579,631126,321501,1756494,2,"Australia","South Australia",NA,"165128d0"
2021-08-09,235,13,306270,235,221,0,0,0,351907,224856,123114,535500,2,"Australia","Tasmania",NA,"86525f8e"
2021-08-09,21021,823,8571973,21021,20098,5,1,1,3666004,2404557,1215296,6629870,2,"Australia","Victoria",NA,"6c5dccdb"
2021-08-09,1059,9,1556640,1059,1045,1,1,0,1261320,839402,413694,2630557,2,"Australia","Western Australia",NA,"1f999f12"
2021-08-10,124,3,280789,124,121,0,0,0,287448,178484,93380,428060,2,"Australia","Australian Capital Territory",NA,"f42f23e3"
2021-08-10,11557,88,10159248,11557,2802,357,60,28,4561456,3085235,1548545,8117976,2,"Australia","New South Wales",NA,"5c4dd6e0"
2021-08-10,200,0,311291,200,193,7,0,0,161715,85850,52765,245562,2,"Australia","Northern Territory",NA,"a079fdb2"
2021-08-10,1926,7,3702891,1926,1741,63,1,0,2611978,1655238,902692,5115451,2,"Australia","Queensland",NA,"36068882"
2021-08-10,868,4,1985470,868,857,2,1,0,976374,636881,328327,1756494,2,"Australia","South Australia",NA,"165128d0"
2021-08-10,235,13,307736,235,221,0,0,0,356270,226367,126053,535500,2,"Australia","Tasmania",NA,"86525f8e"
2021-08-10,21041,823,8606865,21041,20110,2,0,0,3723540,2427550,1245389,6629870,2,"Australia","Victoria",NA,"6c5dccdb"
2021-08-10,1059,9,1556640,1059,1046,1,1,0,1279264,845629,425656,2630557,2,"Australia","Western Australia",NA,"1f999f12"
2021-08-11,124,3,282184,124,121,0,0,0,291384,179252,94513,428060,2,"Australia","Australian Capital Territory",NA,"f42f23e3"
2021-08-11,11902,90,10278504,11902,2802,374,62,29,4668048,3155892,1599438,8117976,2,"Australia","New South Wales",NA,"5c4dd6e0"
2021-08-11,200,0,313746,200,197,3,0,0,164218,86838,53767,245562,2,"Australia","Northern Territory",NA,"a079fdb2"
2021-08-11,1929,7,3725990,1929,1741,59,1,0,2659429,1675486,925847,5115451,2,"Australia","Queensland",NA,"36068882"
2021-08-11,868,4,1991503,868,857,2,1,0,991636,643415,336885,1756494,2,"Australia","South Australia",NA,"165128d0"
2021-08-11,235,13,309422,235,221,0,0,0,360965,227765,129269,535500,2,"Australia","Tasmania",NA,"86525f8e"
2021-08-11,21056,823,8648436,21056,20118,1,0,0,3779009,2452203,1275621,6629870,2,"Australia","Victoria",NA,"6c5dccdb"
2021-08-11,1059,9,1568340,1059,1046,1,1,0,1299320,853792,437632,2630557,2,"Australia","Western Australia",NA,"1f999f12"
2021-08-12,125,3,284003,125,121,0,0,0,295652,180795,97035,428060,2,"Australia","Australian Capital Territory",NA,"f42f23e3"
2021-08-12,12245,92,10430334,12245,2802,374,62,29,4773112,3218397,1645077,8117976,2,"Australia","New South Wales",NA,"5c4dd6e0"
2021-08-12,200,0,315425,200,197,3,0,0,167128,88006,54936,245562,2,"Australia","Northern Territory",NA,"a079fdb2"
2021-08-12,1940,7,3757764,1940,1744,45,1,0,2706120,1697002,948910,5115451,2,"Australia","Queensland",NA,"36068882"
2021-08-12,868,4,1996436,868,858,3,1,0,1007035,649580,345814,1756494,2,"Australia","South Australia",NA,"165128d0"
2021-08-12,235,13,310838,235,221,0,0,0,365219,229308,132309,535500,2,"Australia","Tasmania",NA,"86525f8e"
2021-08-12,21083,823,8693844,21083,20126,2,0,0,3840615,2479545,1308532,6629870,2,"Australia","Victoria",NA,"6c5dccdb"
2021-08-12,1059,9,1572501,1059,1046,1,1,0,1321442,862697,450571,2630557,2,"Australia","Western Australia",NA,"1f999f12"
2021-08-13,130,3,284985,130,121,0,0,0,299852,181701,98445,428060,2,"Australia","Australian Capital Territory",NA,"f42f23e3"
2021-08-13,12629,94,10558332,12629,2802,388,63,30,4879443,3280156,1693577,8117976,2,"Australia","New South Wales",NA,"5c4dd6e0"
2021-08-13,200,0,317465,200,198,2,0,0,169836,89241,56139,245562,2,"Australia","Northern Territory",NA,"a079fdb2"
2021-08-13,1948,7,3793267,1948,1753,43,1,0,2754935,1721652,972990,5115451,2,"Australia","Queensland",NA,"36068882"
2021-08-13,868,4,2001436,868,859,3,1,0,1023217,655701,355629,1756494,2,"Australia","South Australia",NA,"165128d0"
2021-08-13,235,13,312119,235,221,0,0,0,371155,231265,136373,535500,2,"Australia","Tasmania",NA,"86525f8e"
2021-08-13,21098,823,8734581,21098,20130,2,1,0,3904881,2507925,1340713,6629870,2,"Australia","Victoria",NA,"6c5dccdb"
2021-08-13,1059,9,1576776,1059,1046,1,1,0,1343902,871653,463617,2630557,2,"Australia","Western Australia",NA,"1f999f12"
2021-08-14,131,3,287407,131,121,0,0,0,304831,185330,103014,428060,2,"Australia","Australian Capital Territory",NA,"f42f23e3"
2021-08-14,13096,98,10687674,13096,2802,378,64,29,4985038,3345335,1742669,8117976,2,"Australia","New South Wales",NA,"5c4dd6e0"
2021-08-14,200,0,319355,200,198,2,0,0,172462,90354,57145,245562,2,"Australia","Northern Territory",NA,"a079fdb2"
2021-08-14,1955,7,3816041,1955,1753,41,1,0,2801356,1744341,996536,5115451,2,"Australia","Queensland",NA,"36068882"
2021-08-14,868,4,2006262,868,861,2,1,0,1037534,661822,364126,1756494,2,"Australia","South Australia",NA,"165128d0"
2021-08-14,235,13,313448,235,221,0,0,0,375422,232915,139298,535500,2,"Australia","Tasmania",NA,"86525f8e"
2021-08-14,21119,823,8768256,21119,20136,3,1,0,3970074,2538663,1375135,6629870,2,"Australia","Victoria",NA,"6c5dccdb"
2021-08-14,1059,9,1576776,1059,1047,1,1,0,1365306,880259,476011,2630557,2,"Australia","Western Australia",NA,"1f999f12"
2021-08-15,133,3,291475,133,121,0,0,0,308904,186020,104279,428060,2,"Australia","Australian Capital Territory",NA,"f42f23e3"
2021-08-15,13503,103,10814464,13503,2802,379,62,24,5050672,3385107,1767176,8117976,2,"Australia","New South Wales",NA,"5c4dd6e0"
2021-08-15,200,0,320308,200,198,2,0,0,172849,90793,57697,245562,2,"Australia","Northern Territory",NA,"a079fdb2"
2021-08-15,1955,7,3829382,1955,1753,34,1,0,2826160,1759181,1010014,5115451,2,"Australia","Queensland",NA,"36068882"
2021-08-15,868,4,2011165,868,862,2,1,0,1045604,665487,368567,1756494,2,"Australia","South Australia",NA,"165128d0"
2021-08-15,235,13,314192,235,221,0,0,0,378739,233998,142028,535500,2,"Australia","Tasmania",NA,"86525f8e"
2021-08-15,21144,823,8800542,21144,20139,4,1,0,4012922,2558270,1397397,6629870,2,"Australia","Victoria",NA,"6c5dccdb"
2021-08-15,1059,9,1576776,1059,1047,2,1,0,1379349,886964,483431,2630557,2,"Australia","Western Australia",NA,"1f999f12"
2021-08-16,152,3,299116,152,121,0,0,0,356518,186398,104819,428060,2,"Australia","Australian Capital Territory",NA,"f42f23e3"
2021-08-16,13978,111,10970959,13978,2802,392,64,28,5170324,3417891,1781578,8117976,2,"Australia","New South Wales",NA,"5c4dd6e0"
2021-08-16,200,0,321815,200,197,3,0,0,178041,91020,57890,245562,2,"Australia","Northern Territory",NA,"a079fdb2"
2021-08-16,1955,7,3838591,1955,1762,34,1,0,2837758,1769610,1016058,5115451,2,"Australia","Queensland",NA,"36068882"
2021-08-16,868,4,2014264,868,862,3,1,0,1040250,667989,371099,1756494,2,"Australia","South Australia",NA,"165128d0"
2021-08-16,235,13,315414,235,221,0,0,0,379599,234964,143169,535500,2,"Australia","Tasmania",NA,"86525f8e"
2021-08-16,21166,823,8830528,21166,20141,6,1,0,3981941,2563162,1402833,6629870,2,"Australia","Victoria",NA,"6c5dccdb"
2021-08-16,1061,9,1586900,1061,1048,1,1,0,1394495,891740,489732,2630557,2,"Australia","Western Australia",NA,"1f999f12"
2021-08-17,169,3,305098,169,121,0,0,0,366464,188473,107593,428060,2,"Australia","Australian Capital Territory",NA,"f42f23e3"
2021-08-17,14416,112,11122726,14416,2802,446,69,28,5276446,3480823,1826165,8117976,2,"Australia","New South Wales",NA,"5c4dd6e0"
2021-08-17,200,0,323811,200,197,3,0,0,179887,92034,58556,245562,2,"Australia","Northern Territory",NA,"a079fdb2"
2021-08-17,1957,7,3849428,1957,1781,28,1,0,2876133,1789060,1035432,5115451,2,"Australia","Queensland",NA,"36068882"
2021-08-17,868,4,2019545,868,862,3,0,0,1054392,673854,379539,1756494,2,"Australia","South Australia",NA,"165128d0"
2021-08-17,235,13,316385,235,221,0,0,0,383701,236769,145662,535500,2,"Australia","Tasmania",NA,"86525f8e"
2021-08-17,21191,823,8862047,21191,20144,12,2,0,4061751,2601959,1442497,6629870,2,"Australia","Victoria",NA,"6c5dccdb"
2021-08-17,1061,9,1591555,1061,1049,1,1,0,1419617,903289,503484,2630557,2,"Australia","Western Australia",NA,"1f999f12"
2021-08-18,191,3,313089,191,121,0,0,0,374592,192325,110697,428060,2,"Australia","Australian Capital Territory",NA,"f42f23e3"
2021-08-18,15043,115,11225475,15043,2802,460,77,25,5385996,3547120,1871458,8117976,2,"Australia","New South Wales",NA,"5c4dd6e0"
2021-08-18,200,0,326109,200,197,3,0,0,182477,93291,59404,245562,2,"Australia","Northern Territory",NA,"a079fdb2"
2021-08-18,1961,7,3864468,1961,1789,25,1,0,2921725,1811893,1057330,5115451,2,"Australia","Queensland",NA,"36068882"
2021-08-18,868,4,2025900,868,863,3,0,0,1070054,680678,388472,1756494,2,"Australia","South Australia",NA,"165128d0"
2021-08-18,235,13,317736,235,221,0,0,0,388483,238592,148716,535500,2,"Australia","Tasmania",NA,"86525f8e"
2021-08-18,21214,823,8901879,21214,20149,12,2,0,4125491,2632389,1475180,6629870,2,"Australia","Victoria",NA,"6c5dccdb"
2021-08-18,1062,9,1596064,1062,1050,1,1,0,1443442,914091,516297,2630557,2,"Australia","Western Australia",NA,"1f999f12"
2021-08-19,207,3,320112,207,121,0,0,0,378117,194124,112125,428060,2,"Australia","Australian Capital Territory",NA,"f42f23e3"
2021-08-19,15717,116,11344785,15717,2802,474,82,25,5518435,3625997,1924839,8117976,2,"Australia","New South Wales",NA,"5c4dd6e0"
2021-08-19,200,0,328773,200,199,1,0,0,185907,94719,60776,245562,2,"Australia","Northern Territory",NA,"a079fdb2"
2021-08-19,1961,7,3878804,1961,1789,21,1,0,2971842,1836767,1081599,5115451,2,"Australia","Queensland",NA,"36068882"
2021-08-19,869,4,2031812,869,863,2,0,0,1087147,688316,398074,1756494,2,"Australia","South Australia",NA,"165128d0"
2021-08-19,235,13,319476,235,221,0,0,0,393152,240512,151592,535500,2,"Australia","Tasmania",NA,"86525f8e"
2021-08-19,21271,823,8951486,21271,20155,16,3,0,4194225,2663345,1512114,6629870,2,"Australia","Victoria",NA,"6c5dccdb"
2021-08-19,1062,9,1601649,1062,1050,0,0,0,1472445,928831,530080,2630557,2,"Australia","Western Australia",NA,"1f999f12"
2021-08-20,218,3,327515,218,120,1,0,0,388930,197963,117405,428060,2,"Australia","Australian Capital Territory",NA,"f42f23e3"
2021-08-20,16353,120,11472375,16353,2802,474,84,27,5639016,3699581,1973224,8117976,2,"Australia","New South Wales",NA,"5c4dd6e0"
2021-08-20,200,0,331287,200,199,1,0,0,189285,96208,62079,245562,2,"Australia","Northern Territory",NA,"a079fdb2"
2021-08-20,1962,7,3892660,1962,1856,18,1,0,3019057,1860669,1103840,5115451,2,"Australia","Queensland",NA,"36068882"
2021-08-20,869,4,2037920,869,863,2,0,0,1103513,695320,407529,1756494,2,"Australia","South Australia",NA,"165128d0"
2021-08-20,235,13,321051,235,221,0,0,0,398951,242440,155575,535500,2,"Australia","Tasmania",NA,"86525f8e"
2021-08-20,21328,823,8999759,21328,20159,15,6,1,4264873,2695760,1549472,6629870,2,"Australia","Victoria",NA,"6c5dccdb"
2021-08-20,1063,9,1606993,1063,1050,0,0,0,1500949,942781,544199,2630557,2,"Australia","Western Australia",NA,"1f999f12"
2021-08-21,226,3,335847,226,121,2,0,0,400285,202117,122835,428060,2,"Australia","Australian Capital Territory",NA,"f42f23e3"
2021-08-21,17173,123,11596985,17173,2802,515,85,29,5766280,3779127,2022928,8117976,2,"Australia","New South Wales",NA,"5c4dd6e0"
2021-08-21,200,0,333100,200,199,1,0,0,192173,97499,63337,245562,2,"Australia","Northern Territory",NA,"a079fdb2"
2021-08-21,1964,7,3903822,1964,1867,17,0,0,3070343,1887055,1126894,5115451,2,"Australia","Queensland",NA,"36068882"
2021-08-21,869,4,2043206,869,863,1,1,0,1120467,702665,417196,1756494,2,"Australia","South Australia",NA,"165128d0"
2021-08-21,235,13,322123,235,221,0,0,0,403462,244333,158359,535500,2,"Australia","Tasmania",NA,"86525f8e"
2021-08-21,21389,823,9045429,21389,20180,18,8,2,4335571,2726850,1588286,6629870,2,"Australia","Victoria",NA,"6c5dccdb"
2021-08-21,1063,9,1606993,1063,1050,0,0,0,1526517,954557,557506,2630557,2,"Australia","Western Australia",NA,"1f999f12"
2021-08-22,245,3,342120,245,121,2,0,0,402639,203233,123827,428060,2,"Australia","Australian Capital Territory",NA,"f42f23e3"
2021-08-22,17995,126,11803178,17995,2802,554,95,31,5845663,3829992,2052364,8117976,2,"Australia","New South Wales",NA,"5c4dd6e0"
2021-08-22,200,0,334891,200,199,1,0,0,193554,98058,64123,245562,2,"Australia","Northern Territory",NA,"a079fdb2"
2021-08-22,1964,7,3913740,1964,1878,18,0,0,3101250,1904494,1138868,5115451,2,"Australia","Queensland",NA,"36068882"
2021-08-22,869,4,2047707,869,863,1,1,0,1130060,707271,422198,1756494,2,"Australia","South Australia",NA,"165128d0"
2021-08-22,235,13,322741,235,221,0,0,0,407406,245437,161237,535500,2,"Australia","Tasmania",NA,"86525f8e"
2021-08-22,21455,823,9089576,21455,20195,27,12,5,4385028,2749736,1614057,6629870,2,"Australia","Victoria",NA,"6c5dccdb"
2021-08-22,1063,9,1606993,1063,1050,0,0,0,1545499,963588,567340,2630557,2,"Australia","Western Australia",NA,"1f999f12"
2021-08-23,261,3,349750,261,121,4,0,0,404130,203753,124694,428060,2,"Australia","Australian Capital Territory",NA,"f42f23e3"
2021-08-23,18800,129,12114261,18800,2802,586,100,32,5905429,3875028,2066915,8117976,2,"Australia","New South Wales",NA,"5c4dd6e0"
2021-08-23,200,0,336291,200,199,1,0,0,194095,98334,64466,245562,2,"Australia","Northern Territory",NA,"a079fdb2"
2021-08-23,1966,7,3922177,1966,1902,20,2,0,3120611,1916241,1146232,5115451,2,"Australia","Queensland",NA,"36068882"
2021-08-23,870,4,2052278,870,863,1,1,0,1135674,710489,424678,1756494,2,"Australia","South Australia",NA,"165128d0"
2021-08-23,235,13,323770,235,221,0,0,0,409540,246346,162478,535500,2,"Australia","Tasmania",NA,"86525f8e"
2021-08-23,21526,823,9136022,21526,20212,29,9,5,4420162,2768135,1629776,6629870,2,"Australia","Victoria",NA,"6c5dccdb"
2021-08-23,1064,9,1618478,1064,1051,0,0,0,1561013,971603,574549,2630557,2,"Australia","Western Australia",NA,"1f999f12"
2021-08-24,291,3,351798,291,121,4,1,0,419300,208704,129260,428060,2,"Australia","Australian Capital Territory",NA,"f42f23e3"
2021-08-24,19545,129,12252733,19545,2802,607,107,34,6030074,3956005,2112611,8117976,2,"Australia","New South Wales",NA,"5c4dd6e0"
2021-08-24,200,0,338209,200,199,1,0,0,195808,99239,65136,245562,2,"Australia","Northern Territory",NA,"a079fdb2"
2021-08-24,1972,7,3930555,1972,1905,20,2,0,3156625,1935465,1163606,5115451,2,"Australia","Queensland",NA,"36068882"
2021-08-24,870,4,2057689,870,863,1,1,0,1150816,717006,433583,1756494,2,"Australia","South Australia",NA,"165128d0"
2021-08-24,235,13,324196,235,221,0,0,0,414063,248304,165228,535500,2,"Australia","Tasmania",NA,"86525f8e"
2021-08-24,21573,823,9184446,21573,20231,34,9,7,4488144,2801597,1664243,6629870,2,"Australia","Victoria",NA,"6c5dccdb"
2021-08-24,1064,9,1624900,1064,1051,0,0,0,1585766,983788,587351,2630557,2,"Australia","Western Australia",NA,"1f999f12"
2021-08-25,300,3,360228,300,121,6,1,0,422541,210461,130437,428060,2,"Australia","Australian Capital Territory",NA,"f42f23e3"
2021-08-25,20455,131,12381719,20455,2802,643,113,40,6160858,4036063,2163192,8117976,2,"Australia","New South Wales",NA,"5c4dd6e0"
2021-08-25,200,0,339957,200,199,1,0,0,198193,100188,66152,245562,2,"Australia","Northern Territory",NA,"a079fdb2"
2021-08-25,1970,7,3943315,1970,1906,21,2,0,3203908,1958762,1186472,5115451,2,"Australia","Queensland",NA,"36068882"
2021-08-25,870,4,2063776,870,863,1,1,0,1167534,723979,443304,1756494,2,"Australia","South Australia",NA,"165128d0"
2021-08-25,235,13,326323,235,221,0,0,0,419038,250576,167989,535500,2,"Australia","Tasmania",NA,"86525f8e"
2021-08-25,21614,823,9237767,21614,20256,36,11,7,4562243,2838206,1700432,6629870,2,"Australia","Victoria",NA,"6c5dccdb"
2021-08-25,1084,9,1630167,1084,1051,0,0,0,1613472,996247,602085,2630557,2,"Australia","Western Australia",NA,"1f999f12"
2021-08-26,314,3,365141,314,122,9,3,0,429092,213188,133495,428060,2,"Australia","Australian Capital Territory",NA,"f42f23e3"
2021-08-26,21471,134,12553257,21471,2802,696,115,43,6303835,4122930,2218458,8117976,2,"Australia","New South Wales",NA,"5c4dd6e0"
2021-08-26,200,0,341584,200,199,2,0,0,201021,101300,67389,245562,2,"Australia","Northern Territory",NA,"a079fdb2"
2021-08-26,1972,7,3956048,1972,1906,21,2,0,3256849,1984180,1212977,5115451,2,"Australia","Queensland",NA,"36068882"
2021-08-26,870,4,2068683,870,863,1,1,0,1185898,731467,454238,1756494,2,"Australia","South Australia",NA,"165128d0"
2021-08-26,235,13,327534,235,221,0,0,0,424531,252640,171577,535500,2,"Australia","Tasmania",NA,"86525f8e"
2021-08-26,21693,823,9294015,21693,20273,36,11,7,4641562,2878414,1738327,6629870,2,"Australia","Victoria",NA,"6c5dccdb"
2021-08-26,1084,9,1635573,1084,1051,0,0,0,1640419,1009204,615694,2630557,2,"Australia","Western Australia",NA,"1f999f12"
2021-08-27,335,3,372383,335,121,11,1,0,438531,217121,137456,428060,2,"Australia","Australian Capital Territory",NA,"f42f23e3"
2021-08-27,22346,136,12671377,22346,2802,761,116,47,6442295,4206609,2273984,8117976,2,"Australia","New South Wales",NA,"5c4dd6e0"
2021-08-27,201,0,343205,201,199,2,0,0,203882,102441,68626,245562,2,"Australia","Northern Territory",NA,"a079fdb2"
2021-08-27,1973,7,3969639,1973,1911,24,2,0,3311638,2010404,1240365,5115451,2,"Australia","Queensland",NA,"36068882"
2021-08-27,870,4,2074555,870,864,1,1,0,1203284,738554,464538,1756494,2,"Australia","South Australia",NA,"165128d0"
2021-08-27,235,13,328606,235,221,0,0,0,430077,254208,175563,535500,2,"Australia","Tasmania",NA,"86525f8e"
2021-08-27,21771,823,9344550,21771,20291,37,14,9,4692544,2899201,1768264,6629870,2,"Australia","Victoria",NA,"6c5dccdb"
2021-08-27,1084,9,1639343,1084,1047,0,0,0,1668046,1022172,629871,2630557,2,"Australia","Western Australia",NA,"1f999f12"
2021-08-28,361,3,375818,361,125,10,1,0,442582,219019,139112,428060,2,"Australia","Australian Capital Territory",NA,"f42f23e3"
2021-08-28,23372,138,12800559,23372,2802,777,125,52,6580989,4292979,2326130,8117976,2,"Australia","New South Wales",NA,"5c4dd6e0"
2021-08-28,201,0,344846,201,199,2,0,0,206125,103234,69845,245562,2,"Australia","Northern Territory",NA,"a079fdb2"
2021-08-28,1977,7,3981089,1977,1917,21,2,0,3358948,2033158,1264175,5115451,2,"Australia","Queensland",NA,"36068882"
2021-08-28,871,4,2079598,871,864,1,0,0,1220040,745217,474737,1756494,2,"Australia","South Australia",NA,"165128d0"
2021-08-28,235,13,329890,235,221,0,0,0,435371,256346,178806,535500,2,"Australia","Tasmania",NA,"86525f8e"
2021-08-28,21834,823,9399883,21834,20313,42,13,8,4766482,2937543,1802476,6629870,2,"Australia","Victoria",NA,"6c5dccdb"
2021-08-28,1086,9,1639343,1086,1051,0,0,0,1696090,1035484,644299,2630557,2,"Australia","Western Australia",NA,"1f999f12"
2021-08-29,374,3,377912,374,141,10,1,0,444582,220052,139929,428060,2,"Australia","Australian Capital Territory",NA,"f42f23e3"
2021-08-29,24585,144,12906597,24585,2802,808,126,54,6649399,4335655,2353563,8117976,2,"Australia","New South Wales",NA,"5c4dd6e0"
2021-08-29,202,0,345763,202,199,2,0,0,207545,103719,70660,245562,2,"Australia","Northern Territory",NA,"a079fdb2"
2021-08-29,1978,7,3987592,1978,1924,23,0,0,3389617,2049042,1278711,5115451,2,"Australia","Queensland",NA,"36068882"
2021-08-29,871,4,2084658,871,864,1,0,0,1229848,749350,480571,1756494,2,"Australia","South Australia",NA,"165128d0"
2021-08-29,235,13,330356,235,221,0,0,0,440085,258139,181777,535500,2,"Australia","Tasmania",NA,"86525f8e"
2021-08-29,21926,823,9450913,21926,20328,44,13,8,4852288,2987477,1835226,6629870,2,"Australia","Victoria",NA,"6c5dccdb"
2021-08-29,1086,9,1639343,1086,1051,0,0,0,1713949,1044851,652778,2630557,2,"Australia","Western Australia",NA,"1f999f12"
2021-08-30,385,3,379792,385,147,10,1,0,446067,220620,140871,428060,2,"Australia","Australian Capital Territory",NA,"f42f23e3"
2021-08-30,25858,148,13063818,25858,2802,840,137,48,6721343,4387803,2372417,8117976,2,"Australia","New South Wales",NA,"5c4dd6e0"
2021-08-30,202,0,346901,202,199,2,0,0,208029,104021,70857,245562,2,"Australia","Northern Territory",NA,"a079fdb2"
2021-08-30,1979,7,3997955,1979,1924,23,0,0,3410142,2061432,1286498,5115451,2,"Australia","Queensland",NA,"36068882"
2021-08-30,871,4,2088707,871,864,1,0,0,1236435,752475,484125,1756494,2,"Australia","South Australia",NA,"165128d0"
2021-08-30,235,13,331214,235,221,0,0,0,443001,260165,182649,535500,2,"Australia","Tasmania",NA,"86525f8e"
2021-08-30,21996,823,9492308,21996,20371,49,15,11,4892786,3013666,1848844,6629870,2,"Australia","Victoria",NA,"6c5dccdb"
2021-08-30,1086,9,1650000,1086,1053,0,0,0,1727938,1053625,657856,2630557,2,"Australia","Western Australia",NA,"1f999f12"
2021-08-31,398,3,384623,398,160,10,3,0,454575,222267,142253,428060,2,"Australia","Australian Capital Territory",NA,"f42f23e3"
2021-08-31,27009,151,13193845,27009,2802,869,143,58,6869640,4475444,2433592,8117976,2,"Australia","New South Wales",NA,"5c4dd6e0"
2021-08-31,202,0,348887,202,199,2,0,0,209927,104839,71871,245562,2,"Australia","Northern Territory",NA,"a079fdb2"
2021-08-31,1979,7,4009212,1979,1924,17,0,0,3444758,2079463,1303918,5115451,2,"Australia","Queensland",NA,"36068882"
2021-08-31,871,4,2094000,871,864,1,0,0,1250903,758560,492748,1756494,2,"Australia","South Australia",NA,"165128d0"
2021-08-31,235,13,332414,235,221,0,0,0,448160,262868,185145,535500,2,"Australia","Tasmania",NA,"86525f8e"
2021-08-31,22071,823,9543156,22071,20410,52,16,11,4934476,3031660,1873762,6629870,2,"Australia","Victoria",NA,"6c5dccdb"
2021-08-31,1086,9,1655204,1086,1058,0,0,0,1750227,1066553,667121,2630557,2,"Australia","Western Australia",NA,"1f999f12"
2021-09-01,421,3,388039,421,162,13,4,0,466621,226837,147551,428060,2,"Australia","Australian Capital Territory",NA,"f42f23e3"
2021-09-01,28111,155,13367758,28111,2802,908,150,66,6990810,4547478,2484199,8117976,2,"Australia","New South Wales",NA,"5c4dd6e0"
2021-09-01,202,0,350231,202,199,2,0,0,212372,105753,73067,245562,2,"Australia","Northern Territory",NA,"a079fdb2"
2021-09-01,1980,7,4020527,1980,1928,17,0,0,3491117,2101333,1327631,5115451,2,"Australia","Queensland",NA,"36068882"
2021-09-01,871,4,2101349,871,864,1,0,0,1267807,766308,502057,1756494,2,"Australia","South Australia",NA,"165128d0"
2021-09-01,235,13,333649,235,221,0,0,0,454505,265388,189026,535500,2,"Australia","Tasmania",NA,"86525f8e"
2021-09-01,22187,825,9599207,22187,20465,58,21,11,5039494,3094149,1913967,6629870,2,"Australia","Victoria",NA,"6c5dccdb"
2021-09-01,1086,9,1660247,1086,1059,0,0,0,1774772,1078993,678964,2630557,2,"Australia","Western Australia",NA,"1f999f12"
2021-09-02,433,3,391497,433,172,13,4,0,474010,229753,150907,428060,2,"Australia","Australian Capital Territory",NA,"f42f23e3"
2021-09-02,29399,162,13495186,29399,2802,956,160,64,7130724,4631579,2539287,8117976,2,"Australia","New South Wales",NA,"5c4dd6e0"
2021-09-02,202,0,351954,202,200,2,0,0,215168,106869,74319,245562,2,"Australia","Northern Territory",NA,"a079fdb2"
2021-09-02,1982,7,4030960,1982,1929,14,0,0,3540050,2124041,1353061,5115451,2,"Australia","Queensland",NA,"36068882"
2021-09-02,875,4,2107621,875,866,1,0,0,1284780,774155,511159,1756494,2,"Australia","South Australia",NA,"165128d0"
2021-09-02,235,13,334840,235,221,0,0,0,460401,268112,192256,535500,2,"Australia","Tasmania",NA,"86525f8e"
2021-09-02,22363,825,9647579,22363,20512,61,20,13,5121177,3140585,1947124,6629870,2,"Australia","Victoria",NA,"6c5dccdb"
2021-09-02,1086,9,1664613,1086,1064,0,0,0,1801774,1093937,690709,2630557,2,"Australia","Western Australia",NA,"1f999f12"
2021-09-03,451,3,394124,451,193,13,4,0,479342,232027,153262,428060,2,"Australia","Australian Capital Territory",NA,"f42f23e3"
2021-09-03,30807,174,13649840,30807,2802,973,160,63,7245450,4694229,2590966,8117976,2,"Australia","New South Wales",NA,"5c4dd6e0"
2021-09-03,202,0,353625,202,200,2,0,0,217462,107736,75436,245562,2,"Australia","Northern Territory",NA,"a079fdb2"
2021-09-03,1982,7,4047573,1982,1929,15,0,0,3589800,2145578,1379894,5115451,2,"Australia","Queensland",NA,"36068882"
2021-09-03,877,4,2114297,877,870,1,0,0,1302917,782357,521139,1756494,2,"Australia","South Australia",NA,"165128d0"
2021-09-03,235,13,336069,235,221,0,0,0,465890,270746,195110,535500,2,"Australia","Tasmania",NA,"86525f8e"
2021-09-03,22570,826,9696151,22570,20567,64,16,13,5199809,3185034,1979840,6629870,2,"Australia","Victoria",NA,"6c5dccdb"
2021-09-03,1086,9,1668266,1086,1067,0,0,0,1828813,1107747,703388,2630557,2,"Australia","Western Australia",NA,"1f999f12"
2021-09-04,483,3,396505,483,241,8,2,1,486390,235156,155901,428060,2,"Australia","Australian Capital Territory",NA,"f42f23e3"
2021-09-04,32323,178,13781014,32323,2802,1036,173,62,7374708,4768911,2644865,8117976,2,"Australia","New South Wales",NA,"5c4dd6e0"
2021-09-04,202,0,355195,202,200,2,0,0,219720,108671,76390,245562,2,"Australia","Northern Territory",NA,"a079fdb2"
2021-09-04,1984,7,4057569,1984,1929,15,0,0,3636463,2167538,1404052,5115451,2,"Australia","Queensland",NA,"36068882"
2021-09-04,879,4,2119824,879,870,1,0,0,1320741,790973,530388,1756494,2,"Australia","South Australia",NA,"165128d0"
2021-09-04,235,13,337103,235,221,0,0,0,471297,273557,197723,535500,2,"Australia","Tasmania",NA,"86525f8e"
2021-09-04,22759,826,9745699,22759,20635,76,23,14,5279160,3229190,2013194,6629870,2,"Australia","Victoria",NA,"6c5dccdb"
2021-09-04,1086,9,1668266,1086,1068,0,0,0,1853279,1119938,715342,2630557,2,"Australia","Western Australia",NA,"1f999f12"
2021-09-05,498,3,398222,498,258,8,2,1,490820,237037,157819,428060,2,"Australia","Australian Capital Territory",NA,"f42f23e3"
2021-09-05,33782,181,13896509,33782,2802,1023,172,72,7469406,4828724,2678906,8117976,2,"Australia","New South Wales",NA,"5c4dd6e0"
2021-09-05,202,0,356089,202,200,2,0,0,220682,109119,76853,245562,2,"Australia","Northern Territory",NA,"a079fdb2"
2021-09-05,1984,7,4065899,1984,1934,14,0,0,3667531,2183017,1419178,5115451,2,"Australia","Queensland",NA,"36068882"
2021-09-05,880,4,2125973,880,870,1,0,0,1330093,796494,534320,1756494,2,"Australia","South Australia",NA,"165128d0"
2021-09-05,235,13,337704,235,221,0,0,0,475347,275709,199599,535500,2,"Australia","Tasmania",NA,"86525f8e"
2021-09-05,22942,826,9794186,22942,20702,89,24,13,5330721,3260296,2033306,6629870,2,"Australia","Victoria",NA,"6c5dccdb"
2021-09-05,1086,9,1668266,1086,1070,0,0,0,1870753,1129327,723398,2630557,2,"Australia","Western Australia",NA,"1f999f12"
2021-09-06,509,3,401725,509,284,11,1,1,429434,238621,159406,428060,2,"Australia","Australian Capital Territory",NA,"f42f23e3"
2021-09-06,35062,186,14032964,35062,2802,1067,173,67,7528123,4862704,2692904,8117976,2,"Australia","New South Wales",NA,"5c4dd6e0"
2021-09-06,203,0,357284,203,201,2,0,0,211848,109426,77258,245562,2,"Australia","Northern Territory",NA,"a079fdb2"
2021-09-06,1991,7,4075556,1991,1934,14,0,0,3656052,2193234,1429206,5115451,2,"Australia","Queensland",NA,"36068882"
2021-09-06,881,4,2129826,881,870,1,0,0,1338837,800532,536937,1756494,2,"Australia","South Australia",NA,"165128d0"
2021-09-06,235,13,338448,235,221,0,0,0,481557,276644,200952,535500,2,"Australia","Tasmania",NA,"86525f8e"
2021-09-06,23187,826,9836444,23187,20745,92,26,14,5375379,3285211,2043711,6629870,2,"Australia","Victoria",NA,"6c5dccdb"
2021-09-06,1087,9,1679008,1087,1072,0,0,0,1883943,1137271,727924,2630557,2,"Australia","Western Australia",NA,"1f999f12"
2021-09-07,528,3,405073,528,295,8,1,1,502505,241314,161561,428060,2,"Australia","Australian Capital Territory",NA,"f42f23e3"
2021-09-07,36267,194,14133709,36267,2802,1143,189,75,7614612,4910785,2743498,8117976,2,"Australia","New South Wales",NA,"5c4dd6e0"
2021-09-07,203,0,358806,203,201,2,0,0,223284,110070,78225,245562,2,"Australia","Northern Territory",NA,"a079fdb2"
2021-09-07,1991,7,4088205,1991,1939,14,0,0,3724991,2211166,1448334,5115451,2,"Australia","Queensland",NA,"36068882"
2021-09-07,888,4,2134693,888,878,1,0,0,1351041,808484,543316,1756494,2,"Australia","South Australia",NA,"165128d0"
2021-09-07,235,13,339387,235,221,0,0,0,480742,278277,202714,535500,2,"Australia","Tasmania",NA,"86525f8e"
2021-09-07,23429,826,9880302,23429,20820,110,30,14,5440138,3330300,2070979,6629870,2,"Australia","Victoria",NA,"6c5dccdb"
2021-09-07,1087,9,1683665,1087,1074,0,0,0,1907622,1148131,740925,2630557,2,"Australia","Western Australia",NA,"1f999f12"
2021-09-08,548,3,407993,548,314,10,2,1,510461,244812,164796,428060,2,"Australia","Australian Capital Territory",NA,"f42f23e3"
2021-09-08,37724,203,14264050,37724,2802,1130,191,78,7722067,4961216,2802011,8117976,2,"Australia","New South Wales",NA,"5c4dd6e0"
2021-09-08,203,0,360217,203,201,2,0,0,225911,110972,79596,245562,2,"Australia","Northern Territory",NA,"a079fdb2"
2021-09-08,1991,7,4101241,1991,1939,13,0,0,3772194,2232361,1472850,5115451,2,"Australia","Queensland",NA,"36068882"
2021-09-08,889,4,2141839,889,879,1,0,0,1367833,817112,551438,1756494,2,"Australia","South Australia",NA,"165128d0"
2021-09-08,235,13,340787,235,221,0,0,0,485017,280941,204332,535500,2,"Australia","Tasmania",NA,"86525f8e"
2021-09-08,23641,826,9922731,23641,20898,120,33,15,5523187,3382014,2100054,6629870,2,"Australia","Victoria",NA,"6c5dccdb"
2021-09-08,1087,9,1688931,1087,1077,0,0,0,1932916,1159894,754041,2630557,2,"Australia","Western Australia",NA,"1f999f12"
2021-09-09,563,3,411177,563,333,9,2,1,516970,247712,167412,428060,2,"Australia","Australian Capital Territory",NA,"f42f23e3"
2021-09-09,39108,208,14420531,39108,2802,1163,201,80,7836130,5016985,2860253,8117976,2,"Australia","New South Wales",NA,"5c4dd6e0"
2021-09-09,203,0,362014,203,201,2,0,0,228590,112020,80856,245562,2,"Australia","Northern Territory",NA,"a079fdb2"
2021-09-09,1993,7,4114801,1993,1939,19,0,0,3822564,2255594,1498968,5115451,2,"Australia","Queensland",NA,"36068882"
2021-09-09,891,4,2147376,891,879,1,0,0,1387462,827357,560533,1756494,2,"Australia","South Australia",NA,"165128d0"
2021-09-09,235,13,341936,235,221,0,0,0,491056,284043,207265,535500,2,"Australia","Tasmania",NA,"86525f8e"
2021-09-09,23964,826,9976973,23964,20975,111,32,19,5608792,3435937,2129632,6629870,2,"Australia","Victoria",NA,"6c5dccdb"
2021-09-09,1088,9,1693253,1088,1077,0,0,0,1959390,1172850,766794,2630557,2,"Australia","Western Australia",NA,"1f999f12"
2021-09-10,587,3,413942,587,346,15,4,1,523391,250647,169867,428060,2,"Australia","Australian Capital Territory",NA,"f42f23e3"
2021-09-10,40616,217,14553757,40616,2802,1156,207,89,7957312,5073306,2924263,8117976,2,"Australia","New South Wales",NA,"5c4dd6e0"
2021-09-10,203,0,363557,203,202,1,0,0,231463,113121,82186,245562,2,"Australia","Northern Territory",NA,"a079fdb2"
2021-09-10,1994,7,4126741,1994,1939,19,0,0,3872434,2278632,1524449,5115451,2,"Australia","Queensland",NA,"36068882"
2021-09-10,891,4,2152397,891,880,1,0,0,1406038,836756,569507,1756494,2,"Australia","South Australia",NA,"165128d0"
2021-09-10,235,13,342774,235,221,0,0,0,497610,287547,210307,535500,2,"Australia","Tasmania",NA,"86525f8e"
2021-09-10,24297,827,10019971,24297,21047,127,33,19,5695690,3488492,2160985,6629870,2,"Australia","Victoria",NA,"6c5dccdb"
2021-09-10,1088,9,1695744,1088,1077,0,0,0,1986073,1184747,781063,2630557,2,"Australia","Western Australia",NA,"1f999f12"
2021-09-11,602,3,416093,602,350,16,3,1,530124,253683,172327,428060,2,"Australia","Australian Capital Territory",NA,"f42f23e3"
2021-09-11,42189,225,14701732,42189,2802,1164,221,94,8076292,5124780,2992899,8117976,2,"Australia","New South Wales",NA,"5c4dd6e0"
2021-09-11,203,0,365133,203,202,1,0,0,234043,114127,83508,245562,2,"Australia","Northern Territory",NA,"a079fdb2"
2021-09-11,2002,7,4138629,2002,1948,13,0,0,3922389,2301878,1549891,5115451,2,"Australia","Queensland",NA,"36068882"
2021-09-11,892,4,2157507,892,880,1,0,0,1422422,845012,577505,1756494,2,"Australia","South Australia",NA,"165128d0"
2021-09-11,235,13,342901,235,221,0,0,0,501812,289990,212135,535500,2,"Australia","Tasmania",NA,"86525f8e"
2021-09-11,24744,827,10062736,24744,21127,143,34,26,5776635,3539845,2187752,6629870,2,"Australia","Victoria",NA,"6c5dccdb"
2021-09-11,1088,9,1695744,1088,1077,0,0,0,2009846,1195078,794246,2630557,2,"Australia","Western Australia",NA,"1f999f12"
2021-09-12,617,3,417675,617,375,10,3,1,535603,255916,174745,428060,2,"Australia","Australian Capital Territory",NA,"f42f23e3"
2021-09-12,43436,232,14807237,43436,2802,1206,220,92,8140417,5152670,3031072,8117976,2,"Australia","New South Wales",NA,"5c4dd6e0"
2021-09-12,203,0,366455,203,203,1,0,0,235084,114482,84094,245562,2,"Australia","Northern Territory",NA,"a079fdb2"
2021-09-12,2003,7,4151044,2003,1948,14,0,0,3957189,2319205,1566297,5115451,2,"Australia","Queensland",NA,"36068882"
2021-09-12,894,4,2162176,894,880,1,0,0,1432263,850642,581740,1756494,2,"Australia","South Australia",NA,"165128d0"
2021-09-12,235,13,343828,235,221,0,0,0,506472,293060,213699,535500,2,"Australia","Tasmania",NA,"86525f8e"
2021-09-12,25128,827,10110799,25128,21192,147,34,28,5836317,3580931,2204358,6629870,2,"Australia","Victoria",NA,"6c5dccdb"
2021-09-12,1089,9,1695744,1089,1077,0,0,0,2026027,1203072,802262,2630557,2,"Australia","Western Australia",NA,"1f999f12"
2021-09-13,630,3,422419,630,382,9,3,1,541271,258506,176741,428060,2,"Australia","Australian Capital Territory",NA,"f42f23e3"
2021-09-13,44674,239,14944905,44674,2802,1189,222,94,8177988,5170963,3051925,8117976,2,"Australia","New South Wales",NA,"5c4dd6e0"
2021-09-13,203,0,367712,203,203,1,0,0,235794,114818,84451,245562,2,"Australia","Northern Territory",NA,"a079fdb2"
2021-09-13,2007,7,4165550,2007,1953,18,0,0,3980510,2331170,1576201,5115451,2,"Australia","Queensland",NA,"36068882"
2021-09-13,895,4,2166318,895,880,1,0,0,1439865,855168,584790,1756494,2,"Australia","South Australia",NA,"165128d0"
2021-09-13,235,13,344991,235,221,0,0,0,506654,293333,213771,535500,2,"Australia","Tasmania",NA,"86525f8e"
2021-09-13,25591,827,10159836,25591,21260,157,38,26,5881075,3613603,2214626,6629870,2,"Australia","Victoria",NA,"6c5dccdb"
2021-09-13,1089,9,1705573,1089,1077,0,0,0,2039416,1209839,808688,2630557,2,"Australia","Western Australia",NA,"1f999f12"
2021-09-14,652,3,426060,652,397,10,2,1,547214,261019,179214,428060,2,"Australia","Australian Capital Territory",NA,"f42f23e3"
2021-09-14,45782,241,15058989,45782,2802,1253,231,104,8293740,5217373,3121329,8117976,2,"Australia","New South Wales",NA,"5c4dd6e0"
2021-09-14,203,0,369071,203,203,1,0,0,237904,115549,85552,245562,2,"Australia","Northern Territory",NA,"a079fdb2"
2021-09-14,2009,7,4178946,2009,1953,19,1,0,4017544,2349235,1594773,5115451,2,"Australia","Queensland",NA,"36068882"
2021-09-14,896,4,2172107,896,882,1,0,0,1456408,862905,593331,1756494,2,"Australia","South Australia",NA,"165128d0"
2021-09-14,235,13,345924,235,221,0,0,0,513811,297163,216837,535500,2,"Australia","Tasmania",NA,"86525f8e"
2021-09-14,26029,829,10202530,26029,21404,158,45,23,5952088,3656615,2240747,6629870,2,"Australia","Victoria",NA,"6c5dccdb"
2021-09-14,1089,9,1710720,1089,1077,0,0,0,2060040,1218426,820536,2630557,2,"Australia","Western Australia",NA,"1f999f12"
2021-09-15,665,3,427388,665,419,7,1,1,557808,264553,182220,428060,2,"Australia","Australian Capital Territory",NA,"f42f23e3"
2021-09-15,47007,253,15196487,47007,2802,1241,234,108,8397217,5257327,3186444,8117976,2,"Australia","New South Wales",NA,"5c4dd6e0"
2021-09-15,204,0,370889,204,203,1,0,0,239810,116261,86692,245562,2,"Australia","Northern Territory",NA,"a079fdb2"
2021-09-15,2010,7,4194758,2010,1953,19,1,0,4062693,2370188,1618252,5115451,2,"Australia","Queensland",NA,"36068882"
2021-09-15,896,4,2178742,896,882,1,0,0,1472923,870739,601864,1756494,2,"Australia","South Australia",NA,"165128d0"
2021-09-15,235,13,347156,235,221,0,0,0,520442,301117,219443,535500,2,"Australia","Tasmania",NA,"86525f8e"
2021-09-15,26439,831,10257179,26439,21573,173,44,23,6029086,3703888,2268094,6629870,2,"Australia","Victoria",NA,"6c5dccdb"
2021-09-15,1089,9,1715490,1089,1077,0,0,0,2082761,1229295,832301,2630557,2,"Australia","Western Australia",NA,"1f999f12"
2021-09-16,680,3,430603,680,436,9,1,1,566678,267580,184782,428060,2,"Australia","Australian Capital Territory",NA,"f42f23e3"
2021-09-16,48341,265,15325753,48341,2802,1231,231,108,8555561,5296975,3256358,8117976,2,"Australia","New South Wales",NA,"5c4dd6e0"
2021-09-16,204,0,372650,204,203,1,0,0,245115,117128,87846,245562,2,"Australia","Northern Territory",NA,"a079fdb2"
2021-09-16,2013,7,4211712,2013,1953,20,1,0,4125703,2392360,1642887,5115451,2,"Australia","Queensland",NA,"36068882"
2021-09-16,898,4,2184856,898,886,1,0,0,1492154,879084,610643,1756494,2,"Australia","South Australia",NA,"165128d0"
2021-09-16,235,13,348168,235,221,0,0,0,526925,304304,221428,535500,2,"Australia","Tasmania",NA,"86525f8e"
2021-09-16,26942,831,10319140,26942,21744,182,51,23,6130661,3749369,2294740,6629870,2,"Australia","Victoria",NA,"6c5dccdb"
2021-09-16,1089,9,1719025,1089,1077,0,0,0,2109125,1239763,844041,2630557,2,"Australia","Western Australia",NA,"1f999f12"
2021-09-17,710,3,434633,710,466,8,1,1,573770,270604,187269,428060,2,"Australia","Australian Capital Territory",NA,"f42f23e3"
2021-09-17,49611,277,15573011,49611,2802,1245,228,112,8662819,5332793,3320667,8117976,2,"Australia","New South Wales",NA,"5c4dd6e0"
2021-09-17,204,0,374121,204,203,1,0,0,247450,118065,88872,245562,2,"Australia","Northern Territory",NA,"a079fdb2"
2021-09-17,2014,7,4224724,2014,1953,21,1,0,4177748,2416197,1667327,5115451,2,"Australia","Queensland",NA,"36068882"
2021-09-17,898,4,2190309,898,886,1,0,0,1508852,887003,618897,1756494,2,"Australia","South Australia",NA,"165128d0"
2021-09-17,235,13,349173,235,221,0,0,0,532859,307968,223502,535500,2,"Australia","Tasmania",NA,"86525f8e"
2021-09-17,27439,832,10374616,27439,21913,208,49,32,6217664,3799061,2322263,6629870,2,"Australia","Victoria",NA,"6c5dccdb"
2021-09-17,1091,9,1722742,1091,1077,0,0,0,2132901,1249568,856551,2630557,2,"Australia","Western Australia",NA,"1f999f12"
2021-09-18,725,3,438386,725,485,8,1,1,581723,273896,189977,428060,2,"Australia","Australian Capital Territory",NA,"f42f23e3"
2021-09-18,50919,283,15693965,50919,2802,1219,233,123,8803283,5374576,3408100,8117976,2,"Australia","New South Wales",NA,"5c4dd6e0"
2021-09-18,204,0,376439,204,203,1,0,0,250052,119138,90047,245562,2,"Australia","Northern Territory",NA,"a079fdb2"
2021-09-18,2015,7,4236205,2015,1953,20,1,0,4228916,2440499,1690411,5115451,2,"Australia","Queensland",NA,"36068882"
2021-09-18,898,4,2195116,898,887,1,0,0,1526380,895698,627202,1756494,2,"Australia","South Australia",NA,"165128d0"
2021-09-18,235,13,350107,235,221,0,0,0,538128,311040,225583,535500,2,"Australia","Tasmania",NA,"86525f8e"
2021-09-18,27968,833,10436238,27968,22164,207,56,40,6308276,3850262,2352188,6629870,2,"Australia","Victoria",NA,"6c5dccdb"
2021-09-18,1092,9,1722742,1092,1078,0,0,0,2155680,1258912,868795,2630557,2,"Australia","Western Australia",NA,"1f999f12"
2021-09-19,742,3,440199,742,497,8,2,1,587983,276455,192437,428060,2,"Australia","Australian Capital Territory",NA,"f42f23e3"
2021-09-19,51986,296,15793747,51986,2802,1236,234,123,8884534,5398633,3456741,8117976,2,"Australia","New South Wales",NA,"5c4dd6e0"
2021-09-19,204,0,377687,204,203,1,0,0,251160,119513,90632,245562,2,"Australia","Northern Territory",NA,"a079fdb2"
2021-09-19,2015,7,4245730,2015,1976,19,1,0,4265436,2458280,1705651,5115451,2,"Australia","Queensland",NA,"36068882"
2021-09-19,898,4,2198736,898,887,0,0,0,1537040,900826,631878,1756494,2,"Australia","South Australia",NA,"165128d0"
2021-09-19,235,13,350442,235,221,0,0,0,543000,313434,227927,535500,2,"Australia","Tasmania",NA,"86525f8e"
2021-09-19,28456,834,10494857,28456,22363,204,55,38,6378585,3891942,2371435,6629870,2,"Australia","Victoria",NA,"6c5dccdb"
2021-09-19,1093,9,1722742,1093,1078,0,0,0,2171736,1265487,877203,2630557,2,"Australia","Western Australia",NA,"1f999f12"
2021-09-20,749,3,445153,749,522,5,2,1,593294,279200,193675,428060,2,"Australia","Australian Capital Territory",NA,"f42f23e3"
2021-09-20,52894,300,15918397,52894,2802,1207,236,123,8930667,5413928,3482945,8117976,2,"Australia","New South Wales",NA,"5c4dd6e0"
2021-09-20,206,0,378971,206,203,3,0,0,252074,119889,91095,245562,2,"Australia","Northern Territory",NA,"a079fdb2"
2021-09-20,2017,7,4254256,2017,1982,18,1,0,4306003,2480754,1717554,5115451,2,"Australia","Queensland",NA,"36068882"
2021-09-20,898,4,2202299,898,887,0,0,0,1545604,904817,635708,1756494,2,"Australia","South Australia",NA,"165128d0"
2021-09-20,235,13,351352,235,221,0,0,0,546049,314651,229653,535500,2,"Australia","Tasmania",NA,"86525f8e"
2021-09-20,29008,835,10545772,29008,22501,209,59,40,6433172,3926346,2384858,6629870,2,"Australia","Victoria",NA,"6c5dccdb"
2021-09-20,1094,9,1732949,1094,1079,0,0,0,2185191,1270730,884704,2630557,2,"Australia","Western Australia",NA,"1f999f12"
2021-09-21,765,3,448029,765,535,10,2,2,600487,282371,195884,428060,2,"Australia","Australian Capital Territory",NA,"f42f23e3"
2021-09-21,53898,310,16040058,53898,2802,1268,242,118,9057367,5450534,3558711,8117976,2,"Australia","New South Wales",NA,"5c4dd6e0"
2021-09-21,206,0,380816,206,203,3,0,0,253774,120472,91863,245562,2,"Australia","Northern Territory",NA,"a079fdb2"
2021-09-21,2018,7,4264037,2018,1983,19,0,0,4359871,2508326,1737773,5115451,2,"Australia","Queensland",NA,"36068882"
2021-09-21,898,4,2206617,898,887,0,0,0,1561320,911811,643744,1756494,2,"Australia","South Australia",NA,"165128d0"
2021-09-21,235,13,352424,235,221,0,0,0,551366,316641,232756,535500,2,"Australia","Tasmania",NA,"86525f8e"
2021-09-21,29596,836,10594601,29596,22763,241,60,39,6521572,3975119,2415031,6629870,2,"Australia","Victoria",NA,"6c5dccdb"
2021-09-21,1094,9,1737312,1094,1080,0,0,0,2207465,1281477,895176,2630557,2,"Australia","Western Australia",NA,"1f999f12"
2021-09-22,782,3,450201,782,557,12,2,2,612275,285541,199429,428060,2,"Australia","Australian Capital Territory",NA,"f42f23e3"
2021-09-22,54919,315,16173897,54919,2802,1232,242,122,9186871,5486424,3640998,8117976,2,"Australia","New South Wales",NA,"5c4dd6e0"
2021-09-22,208,0,382874,208,204,4,0,0,255838,121175,92836,245562,2,"Australia","Northern Territory",NA,"a079fdb2"
2021-09-22,2019,7,4275882,2019,1983,13,0,0,4408016,2530665,1759460,5115451,2,"Australia","Queensland",NA,"36068882"
2021-09-22,899,4,2212669,899,888,0,0,0,1578880,920025,652406,1756494,2,"Australia","South Australia",NA,"165128d0"
2021-09-22,235,13,353609,235,221,0,0,0,556546,318739,235761,535500,2,"Australia","Tasmania",NA,"86525f8e"
2021-09-22,30216,839,10655430,30216,23157,257,58,37,6614096,4025171,2446549,6629870,2,"Australia","Victoria",NA,"6c5dccdb"
2021-09-22,1094,9,1741317,1094,1080,0,0,0,2232710,1294751,906118,2630557,2,"Australia","Western Australia",NA,"1f999f12"
2021-09-23,798,3,453124,798,584,12,2,2,620191,288748,202012,428060,2,"Australia","Australian Capital Territory",NA,"f42f23e3"
2021-09-23,55962,321,16313079,55962,2802,1244,233,112,9312486,5522265,3718288,8117976,2,"Australia","New South Wales",NA,"5c4dd6e0"
2021-09-23,208,0,384708,208,204,4,0,0,258282,122032,94027,245562,2,"Australia","Northern Territory",NA,"a079fdb2"
2021-09-23,2021,7,4289739,2021,1984,13,0,0,4461548,2555509,1783106,5115451,2,"Australia","Queensland",NA,"36068882"
2021-09-23,900,4,2218246,900,890,0,0,0,1597484,928746,661437,1756494,2,"Australia","South Australia",NA,"165128d0"
2021-09-23,235,13,354568,235,221,0,0,0,563831,321646,239839,535500,2,"Australia","Tasmania",NA,"86525f8e"
2021-09-23,30961,843,10717838,30961,23455,257,60,41,6710394,4075426,2479999,6629870,2,"Australia","Victoria",NA,"6c5dccdb"
2021-09-23,1094,9,1744441,1094,1080,0,0,0,2258301,1307959,917027,2630557,2,"Australia","Western Australia",NA,"1f999f12"
2021-09-24,817,3,456384,817,601,12,2,2,628964,292512,204553,428060,2,"Australia","Australian Capital Territory",NA,"f42f23e3"
2021-09-24,56988,332,16444747,56988,2802,1186,232,110,9439214,5558500,3796695,8117976,2,"Australia","New South Wales",NA,"5c4dd6e0"
2021-09-24,208,0,386252,208,204,4,0,0,260746,122879,95206,245562,2,"Australia","Northern Territory",NA,"a079fdb2"
2021-09-24,2021,7,4300839,2021,1986,13,0,0,4519251,2582881,1807911,5115451,2,"Australia","Queensland",NA,"36068882"
2021-09-24,900,4,2224311,900,890,0,0,0,1615405,937081,670227,1756494,2,"Australia","South Australia",NA,"165128d0"
2021-09-24,235,13,355459,235,221,0,0,0,569583,324465,242664,535500,2,"Australia","Tasmania",NA,"86525f8e"
2021-09-24,31679,844,10774358,31679,23678,297,66,46,6812272,4126606,2518495,6629870,2,"Australia","Victoria",NA,"6c5dccdb"
2021-09-24,1095,9,1748720,1095,1080,0,0,0,2284878,1321180,928675,2630557,2,"Australia","Western Australia",NA,"1f999f12"
2021-09-25,849,3,458626,849,613,10,4,3,637335,295636,207427,428060,2,"Australia","Australian Capital Territory",NA,"f42f23e3"
2021-09-25,57983,343,16552852,57983,2802,1187,229,118,9579725,5592648,3889864,8117976,2,"Australia","New South Wales",NA,"5c4dd6e0"
2021-09-25,208,0,387698,208,204,4,0,0,263432,123675,96539,245562,2,"Australia","Northern Territory",NA,"a079fdb2"
2021-09-25,2022,7,4310566,2022,1990,7,0,0,4570657,2606865,1830403,5115451,2,"Australia","Queensland",NA,"36068882"
2021-09-25,900,4,2228802,900,892,0,0,0,1632535,944538,679086,1756494,2,"Australia","South Australia",NA,"165128d0"
2021-09-25,235,13,356292,235,221,0,0,0,574758,326902,245313,535500,2,"Australia","Tasmania",NA,"86525f8e"
2021-09-25,32515,845,10833700,32515,24062,321,65,45,6873002,4158958,2538987,6629870,2,"Australia","Victoria",NA,"6c5dccdb"
2021-09-25,1095,9,1748720,1095,1080,0,0,0,2310144,1332972,940645,2630557,2,"Australia","Western Australia",NA,"1f999f12"
2021-09-26,874,3,460818,874,631,10,4,3,645227,298711,209829,428060,2,"Australia","Australian Capital Territory",NA,"f42f23e3"
2021-09-26,58931,352,16659303,58931,2802,1146,222,117,9665303,5614448,3943347,8117976,2,"Australia","New South Wales",NA,"5c4dd6e0"
2021-09-26,208,0,389124,208,204,5,0,0,264334,123957,97036,245562,2,"Australia","Northern Territory",NA,"a079fdb2"
2021-09-26,2022,7,4318584,2022,1990,7,0,0,4605622,2623094,1845627,5115451,2,"Australia","Queensland",NA,"36068882"
2021-09-26,901,4,2232858,901,892,0,0,0,1643908,949149,684822,1756494,2,"Australia","South Australia",NA,"165128d0"
2021-09-26,235,13,356580,235,221,0,0,0,579355,328598,248072,535500,2,"Australia","Tasmania",NA,"86525f8e"
2021-09-26,33282,847,10880022,33282,24418,325,73,54,6932693,4188383,2561754,6629870,2,"Australia","Victoria",NA,"6c5dccdb"
2021-09-26,1095,9,1748720,1095,1080,0,0,0,2324519,1339665,947074,2630557,2,"Australia","Western Australia",NA,"1f999f12"
2021-09-27,893,4,468077,893,634,8,3,3,651381,301468,211484,428060,2,"Australia","Australian Capital Territory",NA,"f42f23e3"
2021-09-27,59709,364,16752880,59709,2802,1155,214,117,9705842,5626658,3968843,8117976,2,"Australia","New South Wales",NA,"5c4dd6e0"
2021-09-27,209,0,390186,209,204,5,0,0,265069,124218,97369,245562,2,"Australia","Northern Territory",NA,"a079fdb2"
2021-09-27,2022,7,4324461,2022,1997,7,0,0,4632371,2636357,1856242,5115451,2,"Australia","Queensland",NA,"36068882"
2021-09-27,901,4,2236395,901,894,0,0,0,1652188,952678,689020,1756494,2,"Australia","South Australia",NA,"165128d0"
2021-09-27,235,13,357628,235,221,0,0,0,581818,329714,249341,535500,2,"Australia","Tasmania",NA,"86525f8e"
2021-09-27,34116,848,10931274,34116,24733,363,75,56,6982207,4213151,2580283,6629870,2,"Australia","Victoria",NA,"6c5dccdb"
2021-09-27,1096,9,1756309,1096,1080,0,0,0,2335467,1344082,952862,2630557,2,"Australia","Western Australia",NA,"1f999f12"
2021-09-28,906,4,470079,906,659,8,3,3,660057,304728,214112,428060,2,"Australia","Australian Capital Territory",NA,"f42f23e3"
2021-09-28,60561,371,16885159,60561,2802,1155,213,113,9833697,5660515,4048903,8117976,2,"Australia","New South Wales",NA,"5c4dd6e0"
2021-09-28,210,0,392421,210,204,6,0,0,266601,124739,98096,245562,2,"Australia","Northern Territory",NA,"a079fdb2"
2021-09-28,2028,8,4333785,2028,2001,7,0,0,4675079,2656074,1875299,5115451,2,"Australia","Queensland",NA,"36068882"
2021-09-28,901,4,2240725,901,894,0,0,0,1669530,960638,696842,1756494,2,"Australia","South Australia",NA,"165128d0"
2021-09-28,235,13,358514,235,221,0,0,0,586402,331993,251321,535500,2,"Australia","Tasmania",NA,"86525f8e"
2021-09-28,34975,852,10980724,34975,24865,375,81,61,7073499,4255102,2618140,6629870,2,"Australia","Victoria",NA,"6c5dccdb"
2021-09-28,1096,9,1759607,1096,1080,0,0,0,2344901,1348246,957366,2630557,2,"Australia","Western Australia",NA,"1f999f12"
2021-09-29,928,4,474759,928,687,10,3,3,671451,308002,217276,428060,2,"Australia","Australian Capital Territory",NA,"f42f23e3"
2021-09-29,61420,386,17005440,61420,2802,1082,212,108,9962821,5693944,4132602,8117976,2,"Australia","New South Wales",NA,"5c4dd6e0"
2021-09-29,210,0,393461,210,204,6,0,0,268074,125258,98968,245562,2,"Australia","Northern Territory",NA,"a079fdb2"
2021-09-29,2029,8,4344993,2029,2003,10,0,0,4726759,2679601,1898730,5115451,2,"Australia","Queensland",NA,"36068882"
2021-09-29,901,4,2246466,901,895,0,0,0,1687128,968562,705248,1756494,2,"Australia","South Australia",NA,"165128d0"
2021-09-29,235,13,359669,235,221,0,0,0,591258,333655,254397,535500,2,"Australia","Tasmania",NA,"86525f8e"
2021-09-29,35904,859,11042046,35904,25158,371,81,55,7163565,4295451,2656821,6629870,2,"Australia","Victoria",NA,"6c5dccdb"
2021-09-29,1096,9,1764597,1096,1083,0,0,0,2370640,1359451,969951,2630557,2,"Australia","Western Australia",NA,"1f999f12"
2021-09-30,959,4,476463,959,709,10,3,3,677600,310005,219298,428060,2,"Australia","Australian Capital Territory",NA,"f42f23e3"
2021-09-30,62353,392,17126433,62353,2802,1090,213,105,10077159,5724869,4204036,8117976,2,"Australia","New South Wales",NA,"5c4dd6e0"
2021-09-30,211,0,395116,211,204,7,0,0,270366,125979,100011,245562,2,"Australia","Northern Territory",NA,"a079fdb2"
2021-09-30,2035,8,4359163,2035,2003,9,0,0,4778597,2703004,1922356,5115451,2,"Australia","Queensland",NA,"36068882"
2021-09-30,901,4,2250881,901,895,0,0,0,1705268,976620,714119,1756494,2,"Australia","South Australia",NA,"165128d0"
2021-09-30,235,13,360700,235,221,0,0,0,596061,335626,257007,535500,2,"Australia","Tasmania",NA,"86525f8e"
2021-09-30,37333,864,11107543,37333,25454,398,83,57,7248276,4331517,2693772,6629870,2,"Australia","Victoria",NA,"6c5dccdb"
2021-09-30,1096,9,1769326,1096,1084,0,0,0,2397174,1371223,982412,2630557,2,"Australia","Western Australia",NA,"1f999f12"
2021-10-01,1011,6,480329,1011,731,11,3,3,688080,313892,222800,428060,2,"Australia","Australian Capital Territory",NA,"f42f23e3"
2021-10-01,63212,407,17238767,63212,2802,1055,210,104,10198922,5756898,4281843,8117976,2,"Australia","New South Wales",NA,"5c4dd6e0"
2021-10-01,212,0,389922,212,204,8,0,0,272408,126626,101042,245562,2,"Australia","Northern Territory",NA,"a079fdb2"
2021-10-01,2039,8,4378862,2039,2005,14,0,0,4837505,2729517,1948707,5115451,2,"Australia","Queensland",NA,"36068882"
2021-10-01,902,4,2256421,902,896,0,0,0,1723737,984609,723410,1756494,2,"Australia","South Australia",NA,"165128d0"
2021-10-01,235,13,361719,235,221,0,0,0,602909,338159,260893,535500,2,"Australia","Tasmania",NA,"86525f8e"
2021-10-01,38464,867,11170426,38464,26657,395,87,59,7342535,4369882,2738168,6629870,2,"Australia","Victoria",NA,"6c5dccdb"
2021-10-01,1096,9,1772297,1096,1084,0,0,0,2425534,1383811,995657,2630557,2,"Australia","Western Australia",NA,"1f999f12"
2021-10-02,1063,6,484101,1063,738,13,3,3,696874,316885,225923,428060,2,"Australia","Australian Capital Territory",NA,"f42f23e3"
2021-10-02,64014,417,17337033,64014,2802,1005,202,99,10323361,5785854,4366019,8117976,2,"Australia","New South Wales",NA,"5c4dd6e0"
2021-10-02,212,0,391610,212,204,8,0,0,274190,126780,101723,245562,2,"Australia","Northern Territory",NA,"a079fdb2"
2021-10-02,2042,8,4400018,2042,2007,13,0,0,4892020,2753678,1973073,5115451,2,"Australia","Queensland",NA,"36068882"
2021-10-02,904,4,2262275,904,895,0,0,0,1741165,992799,731835,1756494,2,"Australia","South Australia",NA,"165128d0"
2021-10-02,235,13,362605,235,221,0,0,0,606793,339927,262938,535500,2,"Australia","Tasmania",NA,"86525f8e"
2021-10-02,39749,869,11241650,39749,27293,429,97,54,7433985,4405433,2783434,6629870,2,"Australia","Victoria",NA,"6c5dccdb"
2021-10-02,1096,9,1772297,1096,1085,0,0,0,2450959,1394589,1007886,2630557,2,"Australia","Western Australia",NA,"1f999f12"
2021-10-03,1101,6,486010,1101,753,14,5,3,704456,319001,229122,428060,2,"Australia","Australian Capital Territory",NA,"f42f23e3"
2021-10-03,64668,427,17425243,64668,2802,981,195,93,10387545,5801150,4408263,8117976,2,"Australia","New South Wales",NA,"5c4dd6e0"
2021-10-03,212,0,392754,212,204,8,0,0,275078,127043,102190,245562,2,"Australia","Northern Territory",NA,"a079fdb2"
2021-10-03,2043,8,4418352,2043,2007,13,0,0,4927434,2768451,1989175,5115451,2,"Australia","Queensland",NA,"36068882"
2021-10-03,905,4,2266435,905,895,0,0,0,1751598,997150,737290,1756494,2,"Australia","South Australia",NA,"165128d0"
2021-10-03,235,13,363348,235,221,0,0,0,608473,340548,264057,535500,2,"Australia","Tasmania",NA,"86525f8e"
2021-10-03,41128,872,11312925,41128,28475,476,98,57,7506183,4432890,2819637,6629870,2,"Australia","Victoria",NA,"6c5dccdb"
2021-10-03,1099,9,1772297,1099,1085,2,0,0,2469969,1402691,1017079,2630557,2,"Australia","Western Australia",NA,"1f999f12"
2021-10-04,1129,6,488042,1129,761,16,5,1,710686,321082,231641,428060,2,"Australia","Australian Capital Territory",NA,"f42f23e3"
2021-10-04,65279,433,17502135,65279,2802,959,193,97,10417307,5808414,4428775,8117976,2,"Australia","New South Wales",NA,"5c4dd6e0"
2021-10-04,212,0,393988,212,206,6,0,0,275714,127264,102526,245562,2,"Australia","Northern Territory",NA,"a079fdb2"
2021-10-04,2046,8,4427762,2046,2009,15,0,0,4954523,2779489,2001562,5115451,2,"Australia","Queensland",NA,"36068882"
2021-10-04,906,4,2270376,906,895,0,0,0,1760269,1001099,741325,1756494,2,"Australia","South Australia",NA,"165128d0"
2021-10-04,236,13,363758,236,221,0,0,0,609278,340943,264524,535500,2,"Australia","Tasmania",NA,"86525f8e"
2021-10-04,42494,876,11380714,42494,28911,498,96,59,7556200,4451382,2845438,6629870,2,"Australia","Victoria",NA,"6c5dccdb"
2021-10-04,1109,9,1781502,1109,1085,6,2,0,2485296,1409047,1024710,2630557,2,"Australia","Western Australia",NA,"1f999f12"
2021-10-05,1162,6,493513,1162,772,14,5,3,715531,322864,233267,428060,2,"Australia","Australian Capital Territory",NA,"f42f23e3"
2021-10-05,65876,440,17587777,65876,2802,978,190,97,10439459,5815075,4442925,8117976,2,"Australia","New South Wales",NA,"5c4dd6e0"
2021-10-05,212,0,395686,212,206,6,0,0,277222,127791,103246,245562,2,"Australia","Northern Territory",NA,"a079fdb2"
2021-10-05,2048,8,4436454,2048,2010,16,0,0,4973774,2786936,2010839,5115451,2,"Australia","Queensland",NA,"36068882"
2021-10-05,907,4,2274995,907,896,0,0,0,1767376,1004837,744403,1756494,2,"Australia","South Australia",NA,"165128d0"
2021-10-05,236,13,364819,236,221,0,0,0,619326,343818,270219,535500,2,"Australia","Tasmania",NA,"86525f8e"
2021-10-05,44251,880,11442903,44251,29007,517,101,66,7652537,4485250,2896816,6629870,2,"Australia","Victoria",NA,"6c5dccdb"
2021-10-05,1110,9,1784983,1110,1085,6,2,0,2509790,1419894,1035941,2630557,2,"Australia","Western Australia",NA,"1f999f12"
2021-10-06,1190,6,496195,1190,789,16,7,4,726607,325830,236813,428060,2,"Australia","Australian Capital Territory",NA,"f42f23e3"
2021-10-06,66456,450,17678457,66456,2802,959,188,93,10579684,5844107,4538018,8117976,2,"Australia","New South Wales",NA,"5c4dd6e0"
2021-10-06,212,0,397754,212,206,6,0,0,278478,128318,104054,245562,2,"Australia","Northern Territory",NA,"a079fdb2"
2021-10-06,2051,8,4449206,2051,2010,16,0,0,5024572,2807466,2037002,5115451,2,"Australia","Queensland",NA,"36068882"
2021-10-06,907,4,2281105,907,896,0,0,0,1787693,1013878,754156,1756494,2,"Australia","South Australia",NA,"165128d0"
2021-10-06,236,13,365219,236,221,0,0,0,624391,345619,273180,535500,2,"Australia","Tasmania",NA,"86525f8e"
2021-10-06,45664,891,11514354,45664,30367,525,94,53,7748137,4518352,2949785,6629870,2,"Australia","Victoria",NA,"6c5dccdb"
2021-10-06,1110,9,1788405,1110,1086,6,2,0,2536309,1432007,1047794,2630557,2,"Australia","Western Australia",NA,"1f999f12"
2021-10-07,1231,6,499792,1231,818,15,7,6,734989,328130,240341,428060,2,"Australia","Australian Capital Territory",NA,"f42f23e3"
2021-10-07,67024,458,17790643,67024,2802,911,181,85,10699666,5870574,4616948,8117976,2,"Australia","New South Wales",NA,"5c4dd6e0"
2021-10-07,212,0,398404,212,206,7,0,0,280334,128965,105006,245562,2,"Australia","Northern Territory",NA,"a079fdb2"
2021-10-07,2056,8,4464148,2056,2010,17,0,0,5081978,2828531,2068805,5115451,2,"Australia","Queensland",NA,"36068882"
2021-10-07,907,4,2288173,907,896,0,0,0,1808113,1023129,763648,1756494,2,"Australia","South Australia",NA,"165128d0"
2021-10-07,236,13,367229,236,221,0,0,0,629728,347489,276143,535500,2,"Australia","Tasmania",NA,"86525f8e"
2021-10-07,47266,893,11591592,47266,31303,564,115,74,7844385,4549452,3003995,6629870,2,"Australia","Victoria",NA,"6c5dccdb"
2021-10-07,1110,9,1791580,1110,1086,6,2,0,2563237,1444361,1059449,2630557,2,"Australia","Western Australia",NA,"1f999f12"
2021-10-08,1271,6,502579,1271,835,16,6,5,743329,330243,244186,428060,2,"Australia","Australian Capital Territory",NA,"f42f23e3"
2021-10-08,67669,469,17894031,67669,2802,856,170,75,10815590,5894982,4693523,8117976,2,"Australia","New South Wales",NA,"5c4dd6e0"
2021-10-08,213,0,399930,213,208,5,0,0,282080,129546,105917,245562,2,"Australia","Northern Territory",NA,"a079fdb2"
2021-10-08,2056,8,4479835,2056,2014,19,0,0,5139008,2848732,2099944,5115451,2,"Australia","Queensland",NA,"36068882"
2021-10-08,908,4,2294488,908,896,0,0,0,1827995,1032144,772808,1756494,2,"Australia","South Australia",NA,"165128d0"
2021-10-08,236,13,368233,236,221,0,0,0,634396,348778,279279,535500,2,"Australia","Tasmania",NA,"86525f8e"
2021-10-08,49089,898,11669146,49089,31372,620,114,76,7939686,4578538,3059249,6629870,2,"Australia","Victoria",NA,"6c5dccdb"
2021-10-08,1110,9,1795070,1110,1086,6,2,0,2590967,1456820,1072152,2630557,2,"Australia","Western Australia",NA,"1f999f12"
2021-10-09,1296,6,507905,1296,860,17,5,5,749863,331508,247348,428060,2,"Australia","Australian Capital Territory",NA,"f42f23e3"
2021-10-09,68246,480,17973925,68246,2802,812,163,75,10937104,5918121,4776653,8117976,2,"Australia","New South Wales",NA,"5c4dd6e0"
2021-10-09,214,0,402028,214,208,5,0,0,284067,130178,106957,245562,2,"Australia","Northern Territory",NA,"a079fdb2"
2021-10-09,2059,8,4491113,2059,2014,21,0,0,5190161,2866830,2128226,5115451,2,"Australia","Queensland",NA,"36068882"
2021-10-09,909,4,2299583,909,901,0,0,0,1847065,1040640,781719,1756494,2,"Australia","South Australia",NA,"165128d0"
2021-10-09,236,13,368729,236,221,0,0,0,639476,350444,282305,535500,2,"Australia","Tasmania",NA,"86525f8e"
2021-10-09,51012,903,11742589,51012,32914,578,117,83,8037439,4606577,3118425,6629870,2,"Australia","Victoria",NA,"6c5dccdb"
2021-10-09,1110,9,1795070,1110,1086,4,2,0,2619175,1469614,1084240,2630557,2,"Australia","Western Australia",NA,"1f999f12"
2021-10-10,1326,6,510226,1326,887,15,6,5,756059,332741,250577,428060,2,"Australia","Australian Capital Territory",NA,"f42f23e3"
2021-10-10,68712,486,18060080,68712,2802,794,159,76,11012744,5931034,4827636,8117976,2,"Australia","New South Wales",NA,"5c4dd6e0"
2021-10-10,214,0,402581,214,208,5,0,0,284740,130384,107432,245562,2,"Australia","Northern Territory",NA,"a079fdb2"
2021-10-10,2062,8,4498192,2062,2014,19,0,0,5226727,2878115,2148985,5115451,2,"Australia","Queensland",NA,"36068882"
2021-10-10,910,4,2304811,910,901,0,0,0,1859448,1045957,787554,1756494,2,"Australia","South Australia",NA,"165128d0"
2021-10-10,236,13,369879,236,221,0,0,0,643808,351985,284758,535500,2,"Australia","Tasmania",NA,"86525f8e"
2021-10-10,52884,908,11816694,52884,33638,609,126,88,8118413,4625233,3169974,6629870,2,"Australia","Victoria",NA,"6c5dccdb"
2021-10-10,1110,9,1795070,1110,1086,4,2,0,2638818,1477976,1093357,2630557,2,"Australia","Western Australia",NA,"1f999f12"
2021-10-11,1358,6,516815,1358,897,18,7,6,760548,333508,253134,428060,2,"Australia","Australian Capital Territory",NA,"f42f23e3"
2021-10-11,69205,494,18143578,69205,2802,769,153,76,11055061,5938082,4856736,8117976,2,"Australia","New South Wales",NA,"5c4dd6e0"
2021-10-11,215,0,403755,215,208,6,0,0,285073,130492,107664,245562,2,"Australia","Northern Territory",NA,"a079fdb2"
2021-10-11,2063,8,4505013,2063,2015,18,0,0,5261080,2887560,2167251,5115451,2,"Australia","Queensland",NA,"36068882"
2021-10-11,913,4,2309344,913,901,0,0,0,1868871,1049980,791787,1756494,2,"Australia","South Australia",NA,"165128d0"
2021-10-11,236,13,370783,236,221,0,0,0,647591,353652,286107,535500,2,"Australia","Tasmania",NA,"86525f8e"
2021-10-11,54470,916,11889832,54470,34546,677,133,94,8175899,4638669,3206803,6629870,2,"Australia","Victoria",NA,"6c5dccdb"
2021-10-11,1110,9,1804405,1110,1086,4,2,0,2652724,1483118,1100369,2630557,2,"Australia","Western Australia",NA,"1f999f12"
2021-10-12,1386,6,518738,1386,930,19,8,6,767058,334425,256495,428060,2,"Australia","Australian Capital Territory",NA,"f42f23e3"
2021-10-12,69552,499,18232566,69552,2802,766,155,74,11173538,5959853,4939216,8117976,2,"Australia","New South Wales",NA,"5c4dd6e0"
2021-10-12,216,0,404079,216,208,7,0,0,286577,130840,108378,245562,2,"Australia","Northern Territory",NA,"a079fdb2"
2021-10-12,2067,8,4513736,2067,2018,17,0,0,5310715,2903044,2194139,5115451,2,"Australia","Queensland",NA,"36068882"
2021-10-12,913,4,2314861,913,903,0,0,0,1886422,1057835,800002,1756494,2,"Australia","South Australia",NA,"165128d0"
2021-10-12,236,13,371672,236,221,0,0,0,651854,355534,288032,535500,2,"Australia","Tasmania",NA,"86525f8e"
2021-10-12,55898,924,11958341,55898,35351,675,144,100,8266941,4662250,3264584,6629870,2,"Australia","Victoria",NA,"6c5dccdb"
2021-10-12,1111,9,1808611,1111,1089,2,1,0,2677377,1494538,1111297,2630557,2,"Australia","Western Australia",NA,"1f999f12"
2021-10-13,1437,6,521059,1437,957,16,8,5,775567,335436,261070,428060,2,"Australia","Australian Capital Territory",NA,"f42f23e3"
2021-10-13,69993,503,18338074,69993,2802,716,150,76,11297922,5981468,5025898,8117976,2,"Australia","New South Wales",NA,"5c4dd6e0"
2021-10-13,222,0,406385,222,215,7,0,0,288110,131335,109081,245562,2,"Australia","Northern Territory",NA,"a079fdb2"
2021-10-13,2067,8,4523587,2067,2018,17,0,0,5364073,2919610,2224844,5115451,2,"Australia","Queensland",NA,"36068882"
2021-10-13,914,4,2321497,914,903,0,0,0,1906103,1065920,809925,1756494,2,"Australia","South Australia",NA,"165128d0"
2021-10-13,237,13,372223,237,221,0,0,0,657574,357870,290918,535500,2,"Australia","Tasmania",NA,"86525f8e"
2021-10-13,57471,937,12037541,57471,36677,705,146,92,8364244,4688098,3325238,6629870,2,"Australia","Victoria",NA,"6c5dccdb"
2021-10-13,1111,9,1810385,1111,1092,2,1,0,2705016,1505834,1125129,2630557,2,"Australia","Western Australia",NA,"1f999f12"
2021-10-14,1483,7,526867,1483,984,16,6,5,782358,336210,264801,428060,2,"Australia","Australian Capital Territory",NA,"f42f23e3"
2021-10-14,70391,509,18423207,70391,2802,711,143,75,11410857,6000795,5105834,8117976,2,"Australia","New South Wales",NA,"5c4dd6e0"
2021-10-14,222,0,408463,222,215,7,0,0,290246,132077,110138,245562,2,"Australia","Northern Territory",NA,"a079fdb2"
2021-10-14,2067,8,4534108,2067,2018,17,0,0,5411411,2934484,2252516,5115451,2,"Australia","Queensland",NA,"36068882"
2021-10-14,914,4,2328103,914,903,0,0,0,1925229,1073889,819514,1756494,2,"Australia","South Australia",NA,"165128d0"
2021-10-14,237,13,373983,237,221,0,0,0,663722,360358,294042,535500,2,"Australia","Tasmania",NA,"86525f8e"
2021-10-14,59710,948,12120303,59710,38905,706,147,92,8461861,4712674,3387707,6629870,2,"Australia","Victoria",NA,"6c5dccdb"
2021-10-14,1111,9,1814975,1111,1093,2,1,0,2733698,1517317,1140403,2630557,2,"Australia","Western Australia",NA,"1f999f12"
2021-10-15,1518,8,530369,1518,1017,16,8,5,789830,334161,267028,428060,2,"Australia","Australian Capital Territory",NA,"f42f23e3"
2021-10-15,70781,513,18508207,70781,2802,677,145,77,11512979,6018275,5174571,8117976,2,"Australia","New South Wales",NA,"5c4dd6e0"
2021-10-15,222,0,411641,222,215,7,0,0,292476,133013,111012,245562,2,"Australia","Northern Territory",NA,"a079fdb2"
2021-10-15,2069,8,4543496,2069,2026,18,0,0,5463034,2949993,2282799,5115451,2,"Australia","Queensland",NA,"36068882"
2021-10-15,914,4,2334226,914,903,0,0,0,1943749,1081593,828887,1756494,2,"Australia","South Australia",NA,"165128d0"
2021-10-15,237,13,375078,237,221,0,0,0,670360,362830,297568,535500,2,"Australia","Tasmania",NA,"86525f8e"
2021-10-15,61869,954,12194245,61869,39595,695,157,92,8561187,4738353,3450356,6629870,2,"Australia","Victoria",NA,"6c5dccdb"
2021-10-15,1111,9,1818670,1111,1096,1,1,0,2761126,1527983,1154233,2630557,2,"Australia","Western Australia",NA,"1f999f12"
2021-10-16,1538,8,532101,1538,1035,15,10,5,796801,334932,271016,428060,2,"Australia","Australian Capital Territory",NA,"f42f23e3"
2021-10-16,71099,515,18574518,71099,2802,652,138,73,11609224,6034376,5240213,8117976,2,"Australia","New South Wales",NA,"5c4dd6e0"
2021-10-16,224,0,413533,224,215,9,0,0,294807,134021,111974,245562,2,"Australia","Northern Territory",NA,"a079fdb2"
2021-10-16,2071,8,4550817,2071,2034,18,1,0,5509097,2963866,2309701,5115451,2,"Australia","Queensland",NA,"36068882"
2021-10-16,915,4,2339838,915,904,0,0,0,1961285,1089192,837415,1756494,2,"Australia","South Australia",NA,"165128d0"
2021-10-16,237,13,376483,237,221,0,0,0,675411,365123,299811,535500,2,"Australia","Tasmania",NA,"86525f8e"
2021-10-16,63836,961,12273459,63836,41232,798,163,106,8660380,4761320,3515961,6629870,2,"Australia","Victoria",NA,"6c5dccdb"
2021-10-16,1112,9,1818670,1112,1097,1,0,0,2789430,1540356,1167421,2630557,2,"Australia","Western Australia",NA,"1f999f12"
2021-10-17,1571,8,533205,1571,1077,16,9,5,803189,335502,274549,428060,2,"Australia","Australian Capital Territory",NA,"f42f23e3"
2021-10-17,71399,525,18643625,71399,2802,619,137,71,11658338,6041780,5273024,8117976,2,"Australia","New South Wales",NA,"5c4dd6e0"
2021-10-17,225,0,414788,225,216,9,0,0,295712,134467,112299,245562,2,"Australia","Northern Territory",NA,"a079fdb2"
2021-10-17,2071,8,4557783,2071,2036,19,1,0,5538654,2972044,2326888,5115451,2,"Australia","Queensland",NA,"36068882"
2021-10-17,915,4,2345052,915,904,0,0,0,1972963,1093914,842523,1756494,2,"Australia","South Australia",NA,"165128d0"
2021-10-17,237,13,378405,237,221,0,0,0,680210,367365,301816,535500,2,"Australia","Tasmania",NA,"86525f8e"
2021-10-17,65605,968,12346960,65605,41265,777,151,94,8737605,4774325,3568971,6629870,2,"Australia","Victoria",NA,"6c5dccdb"
2021-10-17,1112,9,1818670,1112,1099,1,0,0,2807448,1547125,1176319,2630557,2,"Australia","Western Australia",NA,"1f999f12"
2021-10-18,1588,8,536639,1588,1139,17,9,5,808136,335931,277449,428060,2,"Australia","Australian Capital Territory",NA,"f42f23e3"
2021-10-18,71658,530,18703898,71658,2802,606,132,71,11699455,6046775,5302589,8117976,2,"Australia","New South Wales",NA,"5c4dd6e0"
2021-10-18,225,0,415659,225,216,9,0,0,296300,134761,112520,245562,2,"Australia","Northern Territory",NA,"a079fdb2"
2021-10-18,2071,8,4563485,2071,2040,18,1,0,5565755,2980343,2340041,5115451,2,"Australia","Queensland",NA,"36068882"
2021-10-18,915,4,2348879,915,904,0,0,0,1981978,1097746,846171,1756494,2,"Australia","South Australia",NA,"165128d0"
2021-10-18,237,13,379886,237,221,0,0,0,683857,368680,303013,535500,2,"Australia","Tasmania",NA,"86525f8e"
2021-10-18,67457,975,12416785,67457,44159,851,155,103,8793444,4782938,3608292,6629870,2,"Australia","Victoria",NA,"6c5dccdb"
2021-10-18,1112,9,1826820,1112,1099,1,0,0,2825000,1553253,1183943,2630557,2,"Australia","Western Australia",NA,"1f999f12"
2021-10-19,1612,8,536776,1612,1176,18,10,5,816238,336649,281068,428060,2,"Australia","Australian Capital Territory",NA,"f42f23e3"
2021-10-19,71923,534,18794495,71923,2802,589,128,69,11781113,6059126,5357437,8117976,2,"Australia","New South Wales",NA,"5c4dd6e0"
2021-10-19,225,0,417173,225,216,9,0,0,298490,135729,113326,245562,2,"Australia","Northern Territory",NA,"a079fdb2"
2021-10-19,2071,8,4571810,2071,2040,15,1,0,5608691,2994659,2362804,5115451,2,"Australia","Queensland",NA,"36068882"
2021-10-19,916,4,2354072,916,904,0,0,0,2000010,1105077,855076,1756494,2,"Australia","South Australia",NA,"165128d0"
2021-10-19,237,13,381537,237,222,0,0,0,689990,370961,305689,535500,2,"Australia","Tasmania",NA,"86525f8e"
2021-10-19,69179,986,12485487,69179,45721,784,149,100,8893738,4802701,3676734,6629870,2,"Australia","Victoria",NA,"6c5dccdb"
2021-10-19,1112,9,1830450,1112,1100,1,0,0,2846028,1561867,1194701,2630557,2,"Australia","Western Australia",NA,"1f999f12"
2021-10-20,1636,8,540871,1636,1182,20,8,5,823438,337421,284889,428060,2,"Australia","Australian Capital Territory",NA,"f42f23e3"
2021-10-20,72202,541,18883159,72202,2802,552,124,66,11854499,6072314,5405642,8117976,2,"Australia","New South Wales",NA,"5c4dd6e0"
2021-10-20,225,0,419268,225,216,9,0,0,300750,136594,113941,245562,2,"Australia","Northern Territory",NA,"a079fdb2"
2021-10-20,2072,8,4581585,2072,2044,11,0,0,5654715,3011032,2388076,5115451,2,"Australia","Queensland",NA,"36068882"
2021-10-20,916,4,2359653,916,904,0,0,0,2017764,1112491,864325,1756494,2,"Australia","South Australia",NA,"165128d0"
2021-10-20,237,13,383005,237,222,0,0,0,696790,374686,307921,535500,2,"Australia","Tasmania",NA,"86525f8e"
2021-10-20,70998,998,12564415,70998,47406,786,147,97,8995328,4824221,3746120,6629870,2,"Australia","Victoria",NA,"6c5dccdb"
2021-10-20,1112,9,1832140,1112,1101,1,0,0,2868886,1571275,1206425,2630557,2,"Australia","Western Australia",NA,"1f999f12"
2021-10-21,1664,8,542655,1664,1231,21,10,8,830532,338050,288715,428060,2,"Australia","Australian Capital Territory",NA,"f42f23e3"
2021-10-21,72560,542,18969394,72560,2802,523,124,66,11924554,6083651,5451764,8117976,2,"Australia","New South Wales",NA,"5c4dd6e0"
2021-10-21,225,0,420435,225,216,9,0,0,303098,137538,114792,245562,2,"Australia","Northern Territory",NA,"a079fdb2"
2021-10-21,2077,8,4589204,2077,2047,11,0,0,5706265,3029571,2415116,5115451,2,"Australia","Queensland",NA,"36068882"
2021-10-21,917,4,2365193,917,905,0,0,0,2035423,1119763,873323,1756494,2,"Australia","South Australia",NA,"165128d0"
2021-10-21,237,13,384309,237,222,0,0,0,703014,377425,310743,535500,2,"Australia","Tasmania",NA,"86525f8e"
2021-10-21,73151,1010,12643959,73151,49256,779,141,96,9093905,4843840,3812668,6629870,2,"Australia","Victoria",NA,"6c5dccdb"
2021-10-21,1112,9,1837640,1112,1101,1,0,0,2892694,1580418,1218742,2630557,2,"Australia","Western Australia",NA,"1f999f12"
2021-10-22,1677,8,543872,1677,1283,20,11,5,838497,338676,292878,428060,2,"Australia","Australian Capital Territory",NA,"f42f23e3"
2021-10-22,72899,547,19045988,72899,2802,482,125,67,11993468,6094785,5497374,8117976,2,"Australia","New South Wales",NA,"5c4dd6e0"
2021-10-22,225,0,423214,225,216,9,0,0,305479,138708,115532,245562,2,"Australia","Northern Territory",NA,"a079fdb2"
2021-10-22,2082,8,4595543,2082,2047,14,1,0,5756634,3047420,2441689,5115451,2,"Australia","Queensland",NA,"36068882"
2021-10-22,917,4,2370158,917,905,0,0,0,2052656,1126357,882281,1756494,2,"Australia","South Australia",NA,"165128d0"
2021-10-22,237,13,384641,237,222,0,0,0,707609,379313,312889,535500,2,"Australia","Tasmania",NA,"86525f8e"
2021-10-22,75340,1026,12720995,75340,51088,784,145,94,9195931,4862981,3883108,6629870,2,"Australia","Victoria",NA,"6c5dccdb"
2021-10-22,1112,9,1839602,1112,1101,1,0,0,2920047,1591400,1232202,2630557,2,"Australia","Western Australia",NA,"1f999f12"
2021-10-23,1701,8,545317,1701,1293,19,12,4,845908,339103,296727,428060,2,"Australia","Australian Capital Territory",NA,"f42f23e3"
2021-10-23,73212,549,19110106,73212,2802,469,123,67,12060181,6103727,5542255,8117976,2,"Australia","New South Wales",NA,"5c4dd6e0"
2021-10-23,225,0,424155,225,216,9,0,0,307539,139705,116319,245562,2,"Australia","Northern Territory",NA,"a079fdb2"
2021-10-23,2082,8,4604620,2082,2048,17,1,0,5808992,3066602,2467853,5115451,2,"Australia","Queensland",NA,"36068882"
2021-10-23,917,4,2374714,917,905,0,0,0,2068661,1132219,890777,1756494,2,"Australia","South Australia",NA,"165128d0"
2021-10-23,237,13,385470,237,222,0,0,0,711908,381060,315044,535500,2,"Australia","Tasmania",NA,"86525f8e"
2021-10-23,76886,1035,12793853,76886,52691,770,144,90,9295489,4880237,3954087,6629870,2,"Australia","Victoria",NA,"6c5dccdb"
2021-10-23,1112,9,1839602,1112,1101,1,0,0,2945504,1600761,1245527,2630557,2,"Australia","Western Australia",NA,"1f999f12"
2021-10-24,1710,8,545869,1710,1312,20,11,4,852293,339453,300263,428060,2,"Australia","Australian Capital Territory",NA,"f42f23e3"
2021-10-24,73500,553,19176846,73500,2802,474,116,67,12099297,6107861,5568565,8117976,2,"Australia","New South Wales",NA,"5c4dd6e0"
2021-10-24,225,0,425483,225,216,9,0,0,308382,140129,116678,245562,2,"Australia","Northern Territory",NA,"a079fdb2"
2021-10-24,2082,8,4614621,2082,2050,16,1,0,5842465,3078176,2484366,5115451,2,"Australia","Queensland",NA,"36068882"
2021-10-24,918,4,2378646,918,907,0,0,0,2082875,1137931,896786,1756494,2,"Australia","South Australia",NA,"165128d0"
2021-10-24,237,13,386173,237,222,0,0,0,715403,382646,316598,535500,2,"Australia","Tasmania",NA,"86525f8e"
2021-10-24,78763,1046,12863477,78763,52728,787,146,93,9372914,4890860,4008186,6629870,2,"Australia","Victoria",NA,"6c5dccdb"
2021-10-24,1112,9,1839602,1112,1101,1,0,0,2964850,1607863,1254415,2630557,2,"Australia","Western Australia",NA,"1f999f12"
2021-10-25,1719,8,547013,1719,1379,20,10,5,855730,339721,302240,428060,2,"Australia","Australian Capital Territory",NA,"f42f23e3"
2021-10-25,73785,557,19236458,73785,2802,474,116,57,12114895,6110144,5579636,8117976,2,"Australia","New South Wales",NA,"5c4dd6e0"
2021-10-25,225,0,426385,225,219,6,0,0,308836,140381,116866,245562,2,"Australia","Northern Territory",NA,"a079fdb2"
2021-10-25,2082,8,4620599,2082,2053,15,0,0,5878029,3093411,2496426,5115451,2,"Australia","Queensland",NA,"36068882"
2021-10-25,918,4,2382628,918,911,0,0,0,2092321,1141746,900935,1756494,2,"Australia","South Australia",NA,"165128d0"
2021-10-25,237,13,387173,237,222,0,0,0,717621,383388,317430,535500,2,"Australia","Tasmania",NA,"86525f8e"
2021-10-25,80152,1053,12920382,80152,54272,802,152,92,9421011,4897196,4041812,6629870,2,"Australia","Victoria",NA,"6c5dccdb"
2021-10-25,1112,9,1848326,1112,1101,1,0,0,2976507,1611686,1260094,2630557,2,"Australia","Western Australia",NA,"1f999f12"
2021-10-26,1731,8,550136,1731,1427,15,9,5,864273,340209,305865,428060,2,"Australia","Australian Capital Territory",NA,"f42f23e3"
2021-10-26,74057,558,19307810,74057,2802,457,109,57,12161306,6117825,5611720,8117976,2,"Australia","New South Wales",NA,"5c4dd6e0"
2021-10-26,225,0,427615,225,220,5,0,0,310789,141398,117556,245562,2,"Australia","Northern Territory",NA,"a079fdb2"
2021-10-26,2085,8,4629367,2085,2053,15,0,0,5925947,3112579,2517853,5115451,2,"Australia","Queensland",NA,"36068882"
2021-10-26,918,4,2387192,918,912,0,0,0,2107140,1147172,909347,1756494,2,"Australia","South Australia",NA,"165128d0"
2021-10-26,237,13,388070,237,222,0,0,0,721938,384955,319504,535500,2,"Australia","Tasmania",NA,"86525f8e"
2021-10-26,81651,1057,12976061,81651,55883,817,147,88,9508547,4912196,4103060,6629870,2,"Australia","Victoria",NA,"6c5dccdb"
2021-10-26,1112,9,1852141,1112,1102,1,0,0,3000632,1620643,1272937,2630557,2,"Australia","Western Australia",NA,"1f999f12"
2021-10-27,1741,8,551290,1741,1453,11,6,5,870592,340608,309254,428060,2,"Australia","Australian Capital Territory",NA,"f42f23e3"
2021-10-27,74352,561,19397685,74352,2802,418,97,57,12208576,6124487,5644157,8117976,2,"Australia","New South Wales",NA,"5c4dd6e0"
2021-10-27,225,0,429569,225,223,2,0,0,312573,142195,118179,245562,2,"Australia","Northern Territory",NA,"a079fdb2"
2021-10-27,2086,8,4639463,2086,2054,13,0,0,5974248,3130857,2541435,5115451,2,"Australia","Queensland",NA,"36068882"
2021-10-27,918,4,2391700,918,912,0,0,0,2123915,1153212,918583,1756494,2,"Australia","South Australia",NA,"165128d0"
2021-10-27,237,13,388937,237,223,0,0,0,726141,386611,321526,535500,2,"Australia","Tasmania",NA,"86525f8e"
2021-10-27,83098,1070,13059271,83098,57868,748,138,87,9586418,4924839,4158297,6629870,2,"Australia","Victoria",NA,"6c5dccdb"
2021-10-27,1112,9,1855889,1112,1102,1,0,0,3026103,1630184,1285786,2630557,2,"Australia","Western Australia",NA,"1f999f12"
2021-10-28,1749,8,552848,1749,1483,10,7,5,875786,340964,311781,428060,2,"Australia","Australian Capital Territory",NA,"f42f23e3"
2021-10-28,74634,563,19487363,74634,2802,381,82,38,12256807,6130446,5676972,8117976,2,"Australia","New South Wales",NA,"5c4dd6e0"
2021-10-28,225,0,430934,225,223,2,0,0,314746,143266,118991,245562,2,"Australia","Northern Territory",NA,"a079fdb2"
2021-10-28,2087,8,4647853,2087,2058,12,0,0,6022564,3148210,2566056,5115451,2,"Australia","Queensland",NA,"36068882"
2021-10-28,918,4,2396344,918,912,0,0,0,2142698,1159614,928911,1756494,2,"Australia","South Australia",NA,"165128d0"
2021-10-28,237,13,389659,237,223,0,0,0,730391,387960,323829,535500,2,"Australia","Tasmania",NA,"86525f8e"
2021-10-28,84942,1095,13141919,84942,61662,746,137,85,9657191,4935802,4207992,6629870,2,"Australia","Victoria",NA,"6c5dccdb"
2021-10-28,1112,9,1858726,1112,1103,0,0,0,3049472,1638798,1297581,2630557,2,"Australia","Western Australia",NA,"1f999f12"
2021-10-29,1759,8,555293,1759,1517,9,6,5,880858,341335,314186,428060,2,"Australia","Australian Capital Territory",NA,"f42f23e3"
2021-10-29,74887,565,19570203,74887,2802,363,80,32,12305282,6135756,5710560,8117976,2,"Australia","New South Wales",NA,"5c4dd6e0"
2021-10-29,225,0,432270,225,223,2,0,0,316787,144311,119766,245562,2,"Australia","Northern Territory",NA,"a079fdb2"
2021-10-29,2089,8,4656654,2089,2058,14,0,0,6075199,3166602,2593162,5115451,2,"Australia","Queensland",NA,"36068882"
2021-10-29,918,4,2400740,918,913,0,0,0,2160487,1165702,938526,1756494,2,"Australia","South Australia",NA,"165128d0"
2021-10-29,237,13,390274,237,223,0,0,0,734817,389871,325703,535500,2,"Australia","Tasmania",NA,"86525f8e"
2021-10-29,86563,1105,13212099,86563,61732,738,130,85,9728832,4945955,4258242,6629870,2,"Australia","Victoria",NA,"6c5dccdb"
2021-10-29,1112,9,1861279,1112,1103,0,0,0,3074925,1647477,1311201,2630557,2,"Australia","Western Australia",NA,"1f999f12"
2021-10-30,1768,8,556501,1768,1529,9,6,5,884852,341604,316150,428060,2,"Australia","Australian Capital Territory",NA,"f42f23e3"
2021-10-30,75112,568,19647474,75112,2802,343,81,33,12352238,6140786,5741977,8117976,2,"Australia","New South Wales",NA,"5c4dd6e0"
2021-10-30,225,0,433578,225,223,2,0,0,318877,145265,120610,245562,2,"Australia","Northern Territory",NA,"a079fdb2"
2021-10-30,2089,8,4664045,2089,2058,12,0,0,6115306,3181351,2613074,5115451,2,"Australia","Queensland",NA,"36068882"
2021-10-30,918,4,2404464,918,913,0,0,0,2178509,1171436,948713,1756494,2,"Australia","South Australia",NA,"165128d0"
2021-10-30,237,13,390741,237,223,0,0,0,738651,391306,327452,535500,2,"Australia","Tasmania",NA,"86525f8e"
2021-10-30,87894,1116,13280583,87894,65687,747,135,83,9798649,4954517,4308161,6629870,2,"Australia","Victoria",NA,"6c5dccdb"
2021-10-30,1112,9,1861279,1112,1103,0,0,0,3100052,1655974,1324559,2630557,2,"Australia","Western Australia",NA,"1f999f12"
2021-10-31,1775,8,557559,1775,1557,9,5,5,887878,341816,317988,428060,2,"Australia","Australian Capital Territory",NA,"f42f23e3"
2021-10-31,75278,569,19722852,75278,2802,340,78,32,12377745,6143109,5758556,8117976,2,"Australia","New South Wales",NA,"5c4dd6e0"
2021-10-31,225,0,434257,225,223,2,0,0,319516,145542,120907,245562,2,"Australia","Northern Territory",NA,"a079fdb2"
2021-10-31,2089,8,4669467,2089,2058,11,0,0,6144165,3191576,2626965,5115451,2,"Australia","Queensland",NA,"36068882"
2021-10-31,918,4,2408049,918,913,0,0,0,2190507,1175352,954916,1756494,2,"Australia","South Australia",NA,"165128d0"
2021-10-31,237,13,391113,237,223,0,0,0,741572,392190,329050,535500,2,"Australia","Tasmania",NA,"86525f8e"
2021-10-31,88824,1128,13337351,88824,65687,702,128,80,9850522,4959778,4344551,6629870,2,"Australia","Victoria",NA,"6c5dccdb"
2021-10-31,1112,9,1861279,1112,1103,0,0,0,3118062,1661010,1333972,2630557,2,"Australia","Western Australia",NA,"1f999f12"
2021-11-01,1780,10,558585,1780,1600,8,3,3,889465,341933,318883,428060,2,"Australia","Australian Capital Territory",NA,"f42f23e3"
2021-11-01,75407,573,19785709,75407,2802,349,77,33,12388972,6144386,5766278,8117976,2,"Australia","New South Wales",NA,"5c4dd6e0"
2021-11-01,225,0,435267,225,224,1,0,0,319790,145706,121050,245562,2,"Australia","Northern Territory",NA,"a079fdb2"
2021-11-01,2090,8,4674794,2090,2068,11,0,0,6168639,3200979,2636923,5115451,2,"Australia","Queensland",NA,"36068882"
2021-11-01,918,4,2410786,918,913,0,0,0,2198585,1177739,959334,1756494,2,"Australia","South Australia",NA,"165128d0"
2021-11-01,237,13,391731,237,223,0,0,0,744681,392880,330543,535500,2,"Australia","Tasmania",NA,"86525f8e"
2021-11-01,90261,1132,13383416,90261,67174,699,136,86,9877332,4962658,4363268,6629870,2,"Australia","Victoria",NA,"6c5dccdb"
2021-11-01,1112,9,1868982,1112,1103,0,0,0,3128267,1663679,1339599,2630557,2,"Australia","Western Australia",NA,"1f999f12"
2021-11-02,1788,10,560407,1788,1625,7,4,4,892833,342250,320825,428060,2,"Australia","Australian Capital Territory",NA,"f42f23e3"
2021-11-02,75578,577,19844697,75578,2802,333,72,35,12427677,6148541,5797586,8117976,2,"Australia","New South Wales",NA,"5c4dd6e0"
2021-11-02,225,0,436960,225,225,1,0,0,321615,146499,121860,245562,2,"Australia","Northern Territory",NA,"a079fdb2"
2021-11-02,2090,8,4681980,2090,2068,11,0,0,6211782,3216682,2661475,5115451,2,"Australia","Queensland",NA,"36068882"
2021-11-02,918,4,2414307,918,913,0,0,0,2214083,1182550,968857,1756494,2,"Australia","South Australia",NA,"165128d0"
2021-11-02,237,13,392361,237,223,0,0,0,747231,393520,332448,535500,2,"Australia","Tasmania",NA,"86525f8e"
2021-11-02,91217,1141,13431418,91217,70671,667,127,76,9936404,4969707,4409930,6629870,2,"Australia","Victoria",NA,"6c5dccdb"
2021-11-02,1112,9,1872208,1112,1103,0,0,0,3150421,1670770,1352779,2630557,2,"Australia","Western Australia",NA,"1f999f12"
2021-11-03,1803,10,561893,1803,1652,5,2,1,898820,342442,322413,428060,2,"Australia","Australian Capital Territory",NA,"f42f23e3"
2021-11-03,75765,581,19959000,75765,2802,309,68,32,12470684,6153092,5823189,8117976,2,"Australia","New South Wales",NA,"5c4dd6e0"
2021-11-03,225,0,441761,225,225,1,0,0,323255,147298,122485,245562,2,"Australia","Northern Territory",NA,"a079fdb2"
2021-11-03,2089,8,4691512,2089,2069,12,0,0,6253543,3230067,2683996,5115451,2,"Australia","Queensland",NA,"36068882"
2021-11-03,918,4,2418446,918,913,0,0,0,2228817,1187599,978067,1756494,2,"Australia","South Australia",NA,"165128d0"
2021-11-03,237,13,393198,237,223,0,0,0,751281,394298,335062,535500,2,"Australia","Tasmania",NA,"86525f8e"
2021-11-03,92126,1149,13494696,92126,72620,657,117,69,9953423,4971255,4422278,6629870,2,"Australia","Victoria",NA,"6c5dccdb"
2021-11-03,1112,9,1875777,1112,1103,0,0,0,3169632,1677127,1363005,2630557,2,"Australia","Western Australia",NA,"1f999f12"
2021-11-04,1816,10,564321,1816,1662,6,2,2,902455,342590,323644,428060,2,"Australia","Australian Capital Territory",NA,"f42f23e3"
2021-11-04,76073,585,20053661,76073,2802,302,64,31,12510509,6157098,5846923,8117976,2,"Australia","New South Wales",NA,"5c4dd6e0"
2021-11-04,226,0,443062,226,225,1,0,0,325414,148224,123316,245562,2,"Australia","Northern Territory",NA,"a079fdb2"
2021-11-04,2092,8,4696721,2092,2069,9,0,0,6293712,3241102,2706602,5115451,2,"Australia","Queensland",NA,"36068882"
2021-11-04,918,4,2422164,918,914,0,0,0,2245362,1192284,988024,1756494,2,"Australia","South Australia",NA,"165128d0"
2021-11-04,237,13,393814,237,223,0,0,0,756082,395198,338156,535500,2,"Australia","Tasmania",NA,"86525f8e"
2021-11-04,93339,1158,13544876,93339,74511,660,114,78,10012528,4976856,4464013,6629870,2,"Australia","Victoria",NA,"6c5dccdb"
2021-11-04,1112,9,1878130,1112,1103,0,0,0,3185161,1682368,1371601,2630557,2,"Australia","Western Australia",NA,"1f999f12"
2021-11-05,1822,11,566220,1822,1686,3,1,1,906082,342797,324810,428060,2,"Australia","Australian Capital Territory",NA,"f42f23e3"
2021-11-05,76314,588,20134242,76314,2802,285,61,28,12546950,6160757,5867277,8117976,2,"Australia","New South Wales",NA,"5c4dd6e0"
2021-11-05,228,0,444719,228,225,3,0,0,327606,149141,124230,245562,2,"Australia","Northern Territory",NA,"a079fdb2"
2021-11-05,2094,8,4708548,2094,2072,7,0,0,6332376,3252036,2727891,5115451,2,"Australia","Queensland",NA,"36068882"
2021-11-05,918,4,2426899,918,914,0,0,0,2261973,1197498,997422,1756494,2,"Australia","South Australia",NA,"165128d0"
2021-11-05,237,13,394587,237,223,0,0,0,760059,396222,340481,535500,2,"Australia","Tasmania",NA,"86525f8e"
2021-11-05,94669,1168,13611031,94669,74553,634,109,73,10069570,4982564,4504525,6629870,2,"Australia","Victoria",NA,"6c5dccdb"
2021-11-05,1112,9,1880859,1112,1103,0,0,0,3208440,1689365,1384027,2630557,2,"Australia","Western Australia",NA,"1f999f12"
2021-11-06,1840,11,567071,1840,1693,2,1,1,909396,342977,326047,428060,2,"Australia","Australian Capital Territory",NA,"f42f23e3"
2021-11-06,76580,591,20206592,76580,2802,270,55,27,12584827,6164711,5888459,8117976,2,"Australia","New South Wales",NA,"5c4dd6e0"
2021-11-06,229,0,446021,229,225,4,0,0,332113,151359,126339,245562,2,"Australia","Northern Territory",NA,"a079fdb2"
2021-11-06,2095,8,4716398,2095,2076,7,0,0,6372549,3262991,2750127,5115451,2,"Australia","Queensland",NA,"36068882"
2021-11-06,918,4,2430671,918,914,0,0,0,2278721,1202012,1007194,1756494,2,"Australia","South Australia",NA,"165128d0"
2021-11-06,237,13,395180,237,223,0,0,0,764557,397248,342885,535500,2,"Australia","Tasmania",NA,"86525f8e"
2021-11-06,95917,1175,13676441,95917,78084,651,106,70,10124084,4987445,4542772,6629870,2,"Australia","Victoria",NA,"6c5dccdb"
2021-11-06,1112,9,1880859,1112,1103,0,0,0,3236280,1697629,1399219,2630557,2,"Australia","Western Australia",NA,"1f999f12"
2021-11-07,1853,11,568573,1853,1707,1,1,1,911319,343079,326829,428060,2,"Australia","Australian Capital Territory",NA,"f42f23e3"
2021-11-07,76817,592,20276868,76817,2802,269,52,24,12600216,6166217,5897337,8117976,2,"Australia","New South Wales",NA,"5c4dd6e0"
2021-11-07,229,0,448464,229,225,4,0,0,334221,152295,127116,245562,2,"Australia","Northern Territory",NA,"a079fdb2"
2021-11-07,2098,8,4722223,2098,2076,9,0,0,6394027,3269041,2761311,5115451,2,"Australia","Queensland",NA,"36068882"
2021-11-07,918,4,2434315,918,914,0,0,0,2289946,1205197,1013044,1756494,2,"Australia","South Australia",NA,"165128d0"
2021-11-07,237,13,395595,237,223,0,0,0,768476,398040,345140,535500,2,"Australia","Tasmania",NA,"86525f8e"
2021-11-07,97043,1184,13733090,97043,79450,568,96,63,10156138,4989767,4565256,6629870,2,"Australia","Victoria",NA,"6c5dccdb"
2021-11-07,1112,9,1880859,1112,1103,0,0,0,3253068,1702906,1407348,2630557,2,"Australia","Western Australia",NA,"1f999f12"
2021-11-08,1866,11,570237,1866,1719,1,1,1,912806,343154,327441,428060,2,"Australia","Australian Capital Territory",NA,"f42f23e3"
2021-11-08,76988,599,20329807,76988,2802,264,48,20,12606343,6166739,5900803,8117976,2,"Australia","New South Wales",NA,"5c4dd6e0"
2021-11-08,229,0,453921,229,225,4,0,0,335304,152806,127577,245562,2,"Australia","Northern Territory",NA,"a079fdb2"
2021-11-08,2098,8,4728092,2098,2076,10,0,0,6414407,3274838,2771106,5115451,2,"Australia","Queensland",NA,"36068882"
2021-11-08,918,4,2437668,918,914,0,0,0,2297946,1207184,1017381,1756494,2,"Australia","South Australia",NA,"165128d0"
2021-11-08,237,13,396031,237,223,0,0,0,770848,398348,346286,535500,2,"Australia","Tasmania",NA,"86525f8e"
2021-11-08,98130,1189,13777569,98130,80767,556,91,54,10171771,4990909,4576579,6629870,2,"Australia","Victoria",NA,"6c5dccdb"
2021-11-08,1112,9,1889085,1112,1103,0,0,0,3264412,1706759,1412673,2630557,2,"Australia","Western Australia",NA,"1f999f12"
2021-11-09,1884,11,571807,1884,1719,1,1,1,912806,343154,327441,428060,2,"Australia","Australian Capital Territory",NA,"f42f23e3"
2021-11-09,77212,603,20329807,77212,2802,254,42,20,12606343,6166739,5900803,8117976,2,"Australia","New South Wales",NA,"5c4dd6e0"
2021-11-09,230,0,456299,230,225,4,0,0,335304,152806,127577,245562,2,"Australia","Northern Territory",NA,"a079fdb2"
2021-11-09,2099,8,4736216,2099,2076,10,0,0,6414407,3274838,2771106,5115451,2,"Australia","Queensland",NA,"36068882"
2021-11-09,918,4,2437668,918,914,0,0,0,2297946,1207184,1017381,1756494,2,"Australia","South Australia",NA,"165128d0"
2021-11-09,237,13,396307,237,223,0,0,0,770848,398348,346286,535500,2,"Australia","Tasmania",NA,"86525f8e"
2021-11-09,99199,1199,13825363,99199,80767,579,90,55,10171771,4990909,4576579,6629870,2,"Australia","Victoria",NA,"6c5dccdb"
2021-11-09,1112,9,1889085,1112,1103,0,0,0,3264412,1706759,1412673,2630557,2,"Australia","Western Australia",NA,"1f999f12"
