"date","state","state_abbrev","confirmed","confirmed_cum","deaths","deaths_cum","tests","tests_cum","positives","positives_cum","recovered","recovered_cum","hosp","hosp_cum","icu","icu_cum","vent","vent_cum","vaccines","vaccines_cum"
2020-01-25,"Australian Capital Territory","ACT",0,0,0,0,0,0,0,0,0,0,0,0,0,0,0,0,0,0
2020-01-25,"New South Wales","NSW",3,3,0,0,0,0,0,0,0,0,0,0,0,0,0,0,0,0
2020-01-25,"Northern Territory","NT",0,0,0,0,0,0,0,0,0,0,0,0,0,0,0,0,0,0
2020-01-25,"Queensland","QLD",0,0,0,0,0,0,0,0,0,0,0,0,0,0,0,0,0,0
2020-01-25,"South Australia","SA",0,0,0,0,0,0,0,0,0,0,0,0,0,0,0,0,0,0
2020-01-25,"Tasmania","TAS",0,0,0,0,0,0,0,0,0,0,0,0,0,0,0,0,0,0
2020-01-25,"Victoria","VIC",1,1,0,0,0,0,0,0,0,0,0,0,0,0,0,0,0,0
2020-01-25,"Western Australia","WA",0,0,0,0,0,0,0,0,0,0,0,0,0,0,0,0,0,0
2020-01-26,"Australian Capital Territory","ACT",0,0,0,0,0,0,0,0,0,0,0,0,0,0,0,0,0,0
2020-01-26,"New South Wales","NSW",0,3,0,0,0,0,0,0,0,0,0,0,0,0,0,0,0,0
2020-01-26,"Northern Territory","NT",0,0,0,0,0,0,0,0,0,0,0,0,0,0,0,0,0,0
2020-01-26,"Queensland","QLD",0,0,0,0,0,0,0,0,0,0,0,0,0,0,0,0,0,0
2020-01-26,"South Australia","SA",0,0,0,0,0,0,0,0,0,0,0,0,0,0,0,0,0,0
2020-01-26,"Tasmania","TAS",0,0,0,0,0,0,0,0,0,0,0,0,0,0,0,0,0,0
2020-01-26,"Victoria","VIC",0,1,0,0,0,0,0,0,0,0,0,0,0,0,0,0,0,0
2020-01-26,"Western Australia","WA",0,0,0,0,0,0,0,0,0,0,0,0,0,0,0,0,0,0
2020-01-27,"Australian Capital Territory","ACT",0,0,0,0,0,0,0,0,0,0,0,0,0,0,0,0,0,0
2020-01-27,"New South Wales","NSW",1,4,0,0,0,0,0,0,0,0,0,0,0,0,0,0,0,0
2020-01-27,"Northern Territory","NT",0,0,0,0,0,0,0,0,0,0,0,0,0,0,0,0,0,0
2020-01-27,"Queensland","QLD",0,0,0,0,0,0,0,0,0,0,0,0,0,0,0,0,0,0
2020-01-27,"South Australia","SA",0,0,0,0,0,0,0,0,0,0,0,0,0,0,0,0,0,0
2020-01-27,"Tasmania","TAS",0,0,0,0,0,0,0,0,0,0,0,0,0,0,0,0,0,0
2020-01-27,"Victoria","VIC",0,1,0,0,0,0,0,0,0,0,0,0,0,0,0,0,0,0
2020-01-27,"Western Australia","WA",0,0,0,0,0,0,0,0,0,0,0,0,0,0,0,0,0,0
2020-01-28,"Australian Capital Territory","ACT",0,0,0,0,0,0,0,0,0,0,0,0,0,0,0,0,0,0
2020-01-28,"New South Wales","NSW",0,4,0,0,0,0,0,0,0,0,0,0,0,0,0,0,0,0
2020-01-28,"Northern Territory","NT",0,0,0,0,0,0,0,0,0,0,0,0,0,0,0,0,0,0
2020-01-28,"Queensland","QLD",0,0,0,0,0,0,0,0,0,0,0,0,0,0,0,0,0,0
2020-01-28,"South Australia","SA",0,0,0,0,0,0,0,0,0,0,0,0,0,0,0,0,0,0
2020-01-28,"Tasmania","TAS",0,0,0,0,0,0,0,0,0,0,0,0,0,0,0,0,0,0
2020-01-28,"Victoria","VIC",0,1,0,0,0,0,0,0,0,0,0,0,0,0,0,0,0,0
2020-01-28,"Western Australia","WA",0,0,0,0,0,0,0,0,0,0,0,0,0,0,0,0,0,0
2020-01-29,"Australian Capital Territory","ACT",0,0,0,0,0,0,0,0,0,0,0,0,0,0,0,0,0,0
2020-01-29,"New South Wales","NSW",0,4,0,0,0,0,0,0,0,0,0,0,0,0,0,0,0,0
2020-01-29,"Northern Territory","NT",0,0,0,0,0,0,0,0,0,0,0,0,0,0,0,0,0,0
2020-01-29,"Queensland","QLD",2,2,0,0,0,0,0,0,0,0,0,0,0,0,0,0,0,0
2020-01-29,"South Australia","SA",0,0,0,0,0,0,0,0,0,0,0,0,0,0,0,0,0,0
2020-01-29,"Tasmania","TAS",0,0,0,0,0,0,0,0,0,0,0,0,0,0,0,0,0,0
2020-01-29,"Victoria","VIC",2,3,0,0,0,0,0,0,0,0,0,0,0,0,0,0,0,0
2020-01-29,"Western Australia","WA",0,0,0,0,0,0,0,0,0,0,0,0,0,0,0,0,0,0
2020-01-30,"Australian Capital Territory","ACT",0,0,0,0,0,0,0,0,0,0,0,0,0,0,0,0,0,0
2020-01-30,"New South Wales","NSW",0,4,0,0,0,0,0,0,0,0,0,0,0,0,0,0,0,0
2020-01-30,"Northern Territory","NT",0,0,0,0,0,0,0,0,0,0,0,0,0,0,0,0,0,0
2020-01-30,"Queensland","QLD",0,2,0,0,0,0,0,0,0,0,0,0,0,0,0,0,0,0
2020-01-30,"South Australia","SA",0,0,0,0,0,0,0,0,0,0,0,0,0,0,0,0,0,0
2020-01-30,"Tasmania","TAS",0,0,0,0,0,0,0,0,0,0,0,0,0,0,0,0,0,0
2020-01-30,"Victoria","VIC",0,3,0,0,0,0,0,0,0,0,0,0,0,0,0,0,0,0
2020-01-30,"Western Australia","WA",0,0,0,0,0,0,0,0,0,0,0,0,0,0,0,0,0,0
2020-01-31,"Australian Capital Territory","ACT",0,0,0,0,0,0,0,0,0,0,0,0,0,0,0,0,0,0
2020-01-31,"New South Wales","NSW",0,4,0,0,0,0,0,0,0,0,0,0,0,0,0,0,0,0
2020-01-31,"Northern Territory","NT",0,0,0,0,0,0,0,0,0,0,0,0,0,0,0,0,0,0
2020-01-31,"Queensland","QLD",0,2,0,0,0,0,0,0,0,0,0,0,0,0,0,0,0,0
2020-01-31,"South Australia","SA",0,0,0,0,0,0,0,0,0,0,0,0,0,0,0,0,0,0
2020-01-31,"Tasmania","TAS",0,0,0,0,0,0,0,0,0,0,0,0,0,0,0,0,0,0
2020-01-31,"Victoria","VIC",0,3,0,0,0,0,0,0,0,0,0,0,0,0,0,0,0,0
2020-01-31,"Western Australia","WA",0,0,0,0,0,0,0,0,0,0,0,0,0,0,0,0,0,0
2020-02-01,"Australian Capital Territory","ACT",0,0,0,0,0,0,0,0,0,0,0,0,0,0,0,0,0,0
2020-02-01,"New South Wales","NSW",0,4,0,0,0,0,0,0,0,0,0,0,0,0,0,0,0,0
2020-02-01,"Northern Territory","NT",0,0,0,0,0,0,0,0,0,0,0,0,0,0,0,0,0,0
2020-02-01,"Queensland","QLD",0,2,0,0,0,0,0,0,0,0,0,0,0,0,0,0,0,0
2020-02-01,"South Australia","SA",0,0,0,0,0,0,0,0,0,0,0,0,0,0,0,0,0,0
2020-02-01,"Tasmania","TAS",0,0,0,0,0,0,0,0,0,0,0,0,0,0,0,0,0,0
2020-02-01,"Victoria","VIC",1,4,0,0,0,0,0,0,0,0,0,0,0,0,0,0,0,0
2020-02-01,"Western Australia","WA",0,0,0,0,0,0,0,0,0,0,0,0,0,0,0,0,0,0
2020-02-02,"Australian Capital Territory","ACT",0,0,0,0,0,0,0,0,0,0,0,0,0,0,0,0,0,0
2020-02-02,"New South Wales","NSW",0,4,0,0,0,0,0,0,0,0,0,0,0,0,0,0,0,0
2020-02-02,"Northern Territory","NT",0,0,0,0,0,0,0,0,0,0,0,0,0,0,0,0,0,0
2020-02-02,"Queensland","QLD",0,2,0,0,0,0,0,0,0,0,0,0,0,0,0,0,0,0
2020-02-02,"South Australia","SA",2,2,0,0,0,0,0,0,0,0,0,0,0,0,0,0,0,0
2020-02-02,"Tasmania","TAS",0,0,0,0,0,0,0,0,0,0,0,0,0,0,0,0,0,0
2020-02-02,"Victoria","VIC",0,4,0,0,0,0,0,0,0,0,0,0,0,0,0,0,0,0
2020-02-02,"Western Australia","WA",0,0,0,0,0,0,0,0,0,0,0,0,0,0,0,0,0,0
2020-02-03,"Australian Capital Territory","ACT",0,0,0,0,0,0,0,0,0,0,0,0,0,0,0,0,0,0
2020-02-03,"New South Wales","NSW",0,4,0,0,0,0,0,0,0,0,0,0,0,0,0,0,0,0
2020-02-03,"Northern Territory","NT",0,0,0,0,0,0,0,0,0,0,0,0,0,0,0,0,0,0
2020-02-03,"Queensland","QLD",0,2,0,0,0,0,0,0,0,0,0,0,0,0,0,0,0,0
2020-02-03,"South Australia","SA",0,2,0,0,0,0,0,0,0,0,0,0,0,0,0,0,0,0
2020-02-03,"Tasmania","TAS",0,0,0,0,0,0,0,0,0,0,0,0,0,0,0,0,0,0
2020-02-03,"Victoria","VIC",0,4,0,0,0,0,0,0,0,0,0,0,0,0,0,0,0,0
2020-02-03,"Western Australia","WA",0,0,0,0,0,0,0,0,0,0,0,0,0,0,0,0,0,0
2020-02-04,"Australian Capital Territory","ACT",0,0,0,0,0,0,0,0,0,0,0,0,0,0,0,0,0,0
2020-02-04,"New South Wales","NSW",0,4,0,0,0,0,0,0,0,0,0,0,0,0,0,0,0,0
2020-02-04,"Northern Territory","NT",0,0,0,0,0,0,0,0,0,0,0,0,0,0,0,0,0,0
2020-02-04,"Queensland","QLD",1,3,0,0,0,0,0,0,0,0,0,0,0,0,0,0,0,0
2020-02-04,"South Australia","SA",0,2,0,0,0,0,0,0,0,0,0,0,0,0,0,0,0,0
2020-02-04,"Tasmania","TAS",0,0,0,0,0,0,0,0,0,0,0,0,0,0,0,0,0,0
2020-02-04,"Victoria","VIC",0,4,0,0,0,0,0,0,0,0,0,0,0,0,0,0,0,0
2020-02-04,"Western Australia","WA",0,0,0,0,0,0,0,0,0,0,0,0,0,0,0,0,0,0
2020-02-05,"Australian Capital Territory","ACT",0,0,0,0,0,0,0,0,0,0,0,0,0,0,0,0,0,0
2020-02-05,"New South Wales","NSW",0,4,0,0,0,0,0,0,0,0,0,0,0,0,0,0,0,0
2020-02-05,"Northern Territory","NT",0,0,0,0,0,0,0,0,0,0,0,0,0,0,0,0,0,0
2020-02-05,"Queensland","QLD",1,4,0,0,0,0,0,0,0,0,0,0,0,0,0,0,0,0
2020-02-05,"South Australia","SA",0,2,0,0,0,0,0,0,0,0,0,0,0,0,0,0,0,0
2020-02-05,"Tasmania","TAS",0,0,0,0,0,0,0,0,0,0,0,0,0,0,0,0,0,0
2020-02-05,"Victoria","VIC",0,4,0,0,0,0,0,0,0,0,0,0,0,0,0,0,0,0
2020-02-05,"Western Australia","WA",0,0,0,0,0,0,0,0,0,0,0,0,0,0,0,0,0,0
2020-02-06,"Australian Capital Territory","ACT",0,0,0,0,0,0,0,0,0,0,0,0,0,0,0,0,0,0
2020-02-06,"New South Wales","NSW",0,4,0,0,0,0,0,0,0,0,0,0,0,0,0,0,0,0
2020-02-06,"Northern Territory","NT",0,0,0,0,0,0,0,0,0,0,0,0,0,0,0,0,0,0
2020-02-06,"Queensland","QLD",1,5,0,0,0,0,0,0,0,0,0,0,0,0,0,0,0,0
2020-02-06,"South Australia","SA",0,2,0,0,0,0,0,0,0,0,0,0,0,0,0,0,0,0
2020-02-06,"Tasmania","TAS",0,0,0,0,0,0,0,0,0,0,0,0,0,0,0,0,0,0
2020-02-06,"Victoria","VIC",0,4,0,0,0,0,0,0,0,0,0,0,0,0,0,0,0,0
2020-02-06,"Western Australia","WA",0,0,0,0,0,0,0,0,0,0,0,0,0,0,0,0,0,0
2020-02-07,"Australian Capital Territory","ACT",0,0,0,0,0,0,0,0,0,0,0,0,0,0,0,0,0,0
2020-02-07,"New South Wales","NSW",0,4,0,0,0,0,0,0,0,0,0,0,0,0,0,0,0,0
2020-02-07,"Northern Territory","NT",0,0,0,0,0,0,0,0,0,0,0,0,0,0,0,0,0,0
2020-02-07,"Queensland","QLD",0,5,0,0,0,0,0,0,0,0,0,0,0,0,0,0,0,0
2020-02-07,"South Australia","SA",0,2,0,0,0,0,0,0,0,0,0,0,0,0,0,0,0,0
2020-02-07,"Tasmania","TAS",0,0,0,0,0,0,0,0,0,0,0,0,0,0,0,0,0,0
2020-02-07,"Victoria","VIC",0,4,0,0,0,0,0,0,0,0,0,0,0,0,0,0,0,0
2020-02-07,"Western Australia","WA",0,0,0,0,0,0,0,0,0,0,0,0,0,0,0,0,0,0
2020-02-08,"Australian Capital Territory","ACT",0,0,0,0,0,0,0,0,0,0,0,0,0,0,0,0,0,0
2020-02-08,"New South Wales","NSW",0,4,0,0,0,0,0,0,0,0,0,0,0,0,0,0,0,0
2020-02-08,"Northern Territory","NT",0,0,0,0,0,0,0,0,0,0,0,0,0,0,0,0,0,0
2020-02-08,"Queensland","QLD",0,5,0,0,0,0,0,0,0,0,0,0,0,0,0,0,0,0
2020-02-08,"South Australia","SA",0,2,0,0,0,0,0,0,0,0,0,0,0,0,0,0,0,0
2020-02-08,"Tasmania","TAS",0,0,0,0,0,0,0,0,0,0,0,0,0,0,0,0,0,0
2020-02-08,"Victoria","VIC",0,4,0,0,0,0,0,0,0,0,0,0,0,0,0,0,0,0
2020-02-08,"Western Australia","WA",0,0,0,0,0,0,0,0,0,0,0,0,0,0,0,0,0,0
2020-02-09,"Australian Capital Territory","ACT",0,0,0,0,0,0,0,0,0,0,0,0,0,0,0,0,0,0
2020-02-09,"New South Wales","NSW",0,4,0,0,0,0,0,0,0,0,0,0,0,0,0,0,0,0
2020-02-09,"Northern Territory","NT",0,0,0,0,0,0,0,0,0,0,0,0,0,0,0,0,0,0
2020-02-09,"Queensland","QLD",0,5,0,0,0,0,0,0,0,0,0,0,0,0,0,0,0,0
2020-02-09,"South Australia","SA",0,2,0,0,0,0,0,0,0,0,0,0,0,0,0,0,0,0
2020-02-09,"Tasmania","TAS",0,0,0,0,0,0,0,0,0,0,0,0,0,0,0,0,0,0
2020-02-09,"Victoria","VIC",0,4,0,0,0,0,0,0,0,0,0,0,0,0,0,0,0,0
2020-02-09,"Western Australia","WA",0,0,0,0,0,0,0,0,0,0,0,0,0,0,0,0,0,0
2020-02-10,"Australian Capital Territory","ACT",0,0,0,0,0,0,0,0,0,0,0,0,0,0,0,0,0,0
2020-02-10,"New South Wales","NSW",0,4,0,0,0,0,0,0,0,0,0,0,0,0,0,0,0,0
2020-02-10,"Northern Territory","NT",0,0,0,0,0,0,0,0,0,0,0,0,0,0,0,0,0,0
2020-02-10,"Queensland","QLD",0,5,0,0,0,0,0,0,0,0,0,0,0,0,0,0,0,0
2020-02-10,"South Australia","SA",0,2,0,0,0,0,0,0,0,0,0,0,0,0,0,0,0,0
2020-02-10,"Tasmania","TAS",0,0,0,0,0,0,0,0,0,0,0,0,0,0,0,0,0,0
2020-02-10,"Victoria","VIC",0,4,0,0,0,0,0,0,0,0,0,0,0,0,0,0,0,0
2020-02-10,"Western Australia","WA",0,0,0,0,0,0,0,0,0,0,0,0,0,0,0,0,0,0
2020-02-11,"Australian Capital Territory","ACT",0,0,0,0,0,0,0,0,0,0,0,0,0,0,0,0,0,0
2020-02-11,"New South Wales","NSW",0,4,0,0,0,0,0,0,0,0,0,0,0,0,0,0,0,0
2020-02-11,"Northern Territory","NT",0,0,0,0,0,0,0,0,0,0,0,0,0,0,0,0,0,0
2020-02-11,"Queensland","QLD",0,5,0,0,0,0,0,0,0,0,0,0,0,0,0,0,0,0
2020-02-11,"South Australia","SA",0,2,0,0,0,0,0,0,0,0,0,0,0,0,0,0,0,0
2020-02-11,"Tasmania","TAS",0,0,0,0,0,0,0,0,0,0,0,0,0,0,0,0,0,0
2020-02-11,"Victoria","VIC",0,4,0,0,0,0,0,0,0,0,0,0,0,0,0,0,0,0
2020-02-11,"Western Australia","WA",0,0,0,0,0,0,0,0,0,0,0,0,0,0,0,0,0,0
2020-02-12,"Australian Capital Territory","ACT",0,0,0,0,0,0,0,0,0,0,0,0,0,0,0,0,0,0
2020-02-12,"New South Wales","NSW",0,4,0,0,0,0,0,0,0,0,0,0,0,0,0,0,0,0
2020-02-12,"Northern Territory","NT",0,0,0,0,0,0,0,0,0,0,0,0,0,0,0,0,0,0
2020-02-12,"Queensland","QLD",0,5,0,0,0,0,0,0,0,0,0,0,0,0,0,0,0,0
2020-02-12,"South Australia","SA",0,2,0,0,0,0,0,0,0,0,0,0,0,0,0,0,0,0
2020-02-12,"Tasmania","TAS",0,0,0,0,0,0,0,0,0,0,0,0,0,0,0,0,0,0
2020-02-12,"Victoria","VIC",0,4,0,0,0,0,0,0,0,0,0,0,0,0,0,0,0,0
2020-02-12,"Western Australia","WA",0,0,0,0,0,0,0,0,0,0,0,0,0,0,0,0,0,0
2020-02-13,"Australian Capital Territory","ACT",0,0,0,0,0,0,0,0,0,0,0,0,0,0,0,0,0,0
2020-02-13,"New South Wales","NSW",0,4,0,0,0,0,0,0,0,0,0,0,0,0,0,0,0,0
2020-02-13,"Northern Territory","NT",0,0,0,0,0,0,0,0,0,0,0,0,0,0,0,0,0,0
2020-02-13,"Queensland","QLD",0,5,0,0,0,0,0,0,0,0,0,0,0,0,0,0,0,0
2020-02-13,"South Australia","SA",0,2,0,0,0,0,0,0,0,0,0,0,0,0,0,0,0,0
2020-02-13,"Tasmania","TAS",0,0,0,0,0,0,0,0,0,0,0,0,0,0,0,0,0,0
2020-02-13,"Victoria","VIC",0,4,0,0,0,0,0,0,0,0,0,0,0,0,0,0,0,0
2020-02-13,"Western Australia","WA",0,0,0,0,0,0,0,0,0,0,0,0,0,0,0,0,0,0
2020-02-14,"Australian Capital Territory","ACT",0,0,0,0,0,0,0,0,0,0,0,0,0,0,0,0,0,0
2020-02-14,"New South Wales","NSW",0,4,0,0,0,0,0,0,0,0,0,0,0,0,0,0,0,0
2020-02-14,"Northern Territory","NT",0,0,0,0,0,0,0,0,0,0,0,0,0,0,0,0,0,0
2020-02-14,"Queensland","QLD",0,5,0,0,0,0,0,0,0,0,0,0,0,0,0,0,0,0
2020-02-14,"South Australia","SA",0,2,0,0,0,0,0,0,0,0,0,0,0,0,0,0,0,0
2020-02-14,"Tasmania","TAS",0,0,0,0,0,0,0,0,0,0,0,0,0,0,0,0,0,0
2020-02-14,"Victoria","VIC",0,4,0,0,0,0,0,0,0,0,0,0,0,0,0,0,0,0
2020-02-14,"Western Australia","WA",0,0,0,0,0,0,0,0,0,0,0,0,0,0,0,0,0,0
2020-02-15,"Australian Capital Territory","ACT",0,0,0,0,0,0,0,0,0,0,0,0,0,0,0,0,0,0
2020-02-15,"New South Wales","NSW",0,4,0,0,0,0,0,0,0,0,0,0,0,0,0,0,0,0
2020-02-15,"Northern Territory","NT",0,0,0,0,0,0,0,0,0,0,0,0,0,0,0,0,0,0
2020-02-15,"Queensland","QLD",0,5,0,0,0,0,0,0,0,0,0,0,0,0,0,0,0,0
2020-02-15,"South Australia","SA",0,2,0,0,0,0,0,0,0,0,0,0,0,0,0,0,0,0
2020-02-15,"Tasmania","TAS",0,0,0,0,0,0,0,0,0,0,0,0,0,0,0,0,0,0
2020-02-15,"Victoria","VIC",0,4,0,0,0,0,0,0,0,0,0,0,0,0,0,0,0,0
2020-02-15,"Western Australia","WA",0,0,0,0,0,0,0,0,0,0,0,0,0,0,0,0,0,0
2020-02-16,"Australian Capital Territory","ACT",0,0,0,0,0,0,0,0,0,0,0,0,0,0,0,0,0,0
2020-02-16,"New South Wales","NSW",0,4,0,0,0,0,0,0,0,0,0,0,0,0,0,0,0,0
2020-02-16,"Northern Territory","NT",0,0,0,0,0,0,0,0,0,0,0,0,0,0,0,0,0,0
2020-02-16,"Queensland","QLD",0,5,0,0,0,0,0,0,0,0,0,0,0,0,0,0,0,0
2020-02-16,"South Australia","SA",0,2,0,0,0,0,0,0,0,0,0,0,0,0,0,0,0,0
2020-02-16,"Tasmania","TAS",0,0,0,0,0,0,0,0,0,0,0,0,0,0,0,0,0,0
2020-02-16,"Victoria","VIC",0,4,0,0,0,0,0,0,0,0,0,0,0,0,0,0,0,0
2020-02-16,"Western Australia","WA",0,0,0,0,0,0,0,0,0,0,0,0,0,0,0,0,0,0
2020-02-17,"Australian Capital Territory","ACT",0,0,0,0,0,0,0,0,0,0,0,0,0,0,0,0,0,0
2020-02-17,"New South Wales","NSW",0,4,0,0,0,0,0,0,0,0,0,0,0,0,0,0,0,0
2020-02-17,"Northern Territory","NT",0,0,0,0,0,0,0,0,0,0,0,0,0,0,0,0,0,0
2020-02-17,"Queensland","QLD",0,5,0,0,0,0,0,0,0,0,0,0,0,0,0,0,0,0
2020-02-17,"South Australia","SA",0,2,0,0,0,0,0,0,0,0,0,0,0,0,0,0,0,0
2020-02-17,"Tasmania","TAS",0,0,0,0,0,0,0,0,0,0,0,0,0,0,0,0,0,0
2020-02-17,"Victoria","VIC",0,4,0,0,0,0,0,0,0,0,0,0,0,0,0,0,0,0
2020-02-17,"Western Australia","WA",0,0,0,0,0,0,0,0,0,0,0,0,0,0,0,0,0,0
2020-02-18,"Australian Capital Territory","ACT",0,0,0,0,0,0,0,0,0,0,0,0,0,0,0,0,0,0
2020-02-18,"New South Wales","NSW",0,4,0,0,0,0,0,0,0,0,0,0,0,0,0,0,0,0
2020-02-18,"Northern Territory","NT",0,0,0,0,0,0,0,0,0,0,0,0,0,0,0,0,0,0
2020-02-18,"Queensland","QLD",0,5,0,0,0,0,0,0,0,0,0,0,0,0,0,0,0,0
2020-02-18,"South Australia","SA",0,2,0,0,0,0,0,0,0,0,0,0,0,0,0,0,0,0
2020-02-18,"Tasmania","TAS",0,0,0,0,0,0,0,0,0,0,0,0,0,0,0,0,0,0
2020-02-18,"Victoria","VIC",0,4,0,0,0,0,0,0,0,0,0,0,0,0,0,0,0,0
2020-02-18,"Western Australia","WA",0,0,0,0,0,0,0,0,0,0,0,0,0,0,0,0,0,0
2020-02-19,"Australian Capital Territory","ACT",0,0,0,0,0,0,0,0,0,0,0,0,0,0,0,0,0,0
2020-02-19,"New South Wales","NSW",0,4,0,0,0,0,0,0,0,0,0,0,0,0,0,0,0,0
2020-02-19,"Northern Territory","NT",0,0,0,0,0,0,0,0,0,0,0,0,0,0,0,0,0,0
2020-02-19,"Queensland","QLD",0,5,0,0,0,0,0,0,0,0,0,0,0,0,0,0,0,0
2020-02-19,"South Australia","SA",0,2,0,0,0,0,0,0,0,0,0,0,0,0,0,0,0,0
2020-02-19,"Tasmania","TAS",0,0,0,0,0,0,0,0,0,0,0,0,0,0,0,0,0,0
2020-02-19,"Victoria","VIC",0,4,0,0,0,0,0,0,0,0,0,0,0,0,0,0,0,0
2020-02-19,"Western Australia","WA",0,0,0,0,0,0,0,0,0,0,0,0,0,0,0,0,0,0
2020-02-20,"Australian Capital Territory","ACT",0,0,0,0,0,0,0,0,0,0,0,0,0,0,0,0,0,0
2020-02-20,"New South Wales","NSW",0,4,0,0,0,0,0,0,0,0,0,0,0,0,0,0,0,0
2020-02-20,"Northern Territory","NT",0,0,0,0,0,0,0,0,0,0,0,0,0,0,0,0,0,0
2020-02-20,"Queensland","QLD",0,5,0,0,0,0,0,0,0,0,0,0,0,0,0,0,0,0
2020-02-20,"South Australia","SA",0,2,0,0,0,0,0,0,0,0,0,0,0,0,0,0,0,0
2020-02-20,"Tasmania","TAS",0,0,0,0,0,0,0,0,0,0,0,0,0,0,0,0,0,0
2020-02-20,"Victoria","VIC",0,4,0,0,0,0,0,0,0,0,0,0,0,0,0,0,0,0
2020-02-20,"Western Australia","WA",0,0,0,0,0,0,0,0,0,0,0,0,0,0,0,0,0,0
2020-02-21,"Australian Capital Territory","ACT",0,0,0,0,0,0,0,0,0,0,0,0,0,0,0,0,0,0
2020-02-21,"New South Wales","NSW",0,4,0,0,0,0,0,0,0,0,0,0,0,0,0,0,0,0
2020-02-21,"Northern Territory","NT",0,0,0,0,0,0,0,0,0,0,0,0,0,0,0,0,0,0
2020-02-21,"Queensland","QLD",2,7,0,0,0,0,0,0,0,0,0,0,0,0,0,0,0,0
2020-02-21,"South Australia","SA",1,3,0,0,0,0,0,0,0,0,0,0,0,0,0,0,0,0
2020-02-21,"Tasmania","TAS",0,0,0,0,0,0,0,0,0,0,0,0,0,0,0,0,0,0
2020-02-21,"Victoria","VIC",0,4,0,0,0,0,0,0,0,0,0,0,0,0,0,0,0,0
2020-02-21,"Western Australia","WA",1,1,0,0,0,0,0,0,0,0,0,0,0,0,0,0,0,0
2020-02-22,"Australian Capital Territory","ACT",0,0,0,0,0,0,0,0,0,0,0,0,0,0,0,0,0,0
2020-02-22,"New South Wales","NSW",0,4,0,0,0,0,0,0,0,0,0,0,0,0,0,0,0,0
2020-02-22,"Northern Territory","NT",0,0,0,0,0,0,0,0,0,0,0,0,0,0,0,0,0,0
2020-02-22,"Queensland","QLD",1,8,0,0,0,0,0,0,0,0,0,0,0,0,0,0,0,0
2020-02-22,"South Australia","SA",0,3,0,0,0,0,0,0,0,0,0,0,0,0,0,0,0,0
2020-02-22,"Tasmania","TAS",0,0,0,0,0,0,0,0,0,0,0,0,0,0,0,0,0,0
2020-02-22,"Victoria","VIC",0,4,0,0,0,0,0,0,0,0,0,0,0,0,0,0,0,0
2020-02-22,"Western Australia","WA",0,1,0,0,0,0,0,0,0,0,0,0,0,0,0,0,0,0
2020-02-23,"Australian Capital Territory","ACT",0,0,0,0,0,0,0,0,0,0,0,0,0,0,0,0,0,0
2020-02-23,"New South Wales","NSW",0,4,0,0,0,0,0,0,0,0,0,0,0,0,0,0,0,0
2020-02-23,"Northern Territory","NT",0,0,0,0,0,0,0,0,0,0,0,0,0,0,0,0,0,0
2020-02-23,"Queensland","QLD",0,8,0,0,0,0,0,0,0,0,0,0,0,0,0,0,0,0
2020-02-23,"South Australia","SA",0,3,0,0,0,0,0,0,0,0,0,0,0,0,0,0,0,0
2020-02-23,"Tasmania","TAS",0,0,0,0,0,0,0,0,0,0,0,0,0,0,0,0,0,0
2020-02-23,"Victoria","VIC",0,4,0,0,0,0,0,0,0,0,0,0,0,0,0,0,0,0
2020-02-23,"Western Australia","WA",0,1,0,0,0,0,0,0,0,0,0,0,0,0,0,0,0,0
2020-02-24,"Australian Capital Territory","ACT",0,0,0,0,0,0,0,0,0,0,0,0,0,0,0,0,0,0
2020-02-24,"New South Wales","NSW",0,4,0,0,0,0,0,0,0,0,0,0,0,0,0,0,0,0
2020-02-24,"Northern Territory","NT",0,0,0,0,0,0,0,0,0,0,0,0,0,0,0,0,0,0
2020-02-24,"Queensland","QLD",0,8,0,0,0,0,0,0,0,0,0,0,0,0,0,0,0,0
2020-02-24,"South Australia","SA",0,3,0,0,0,0,0,0,0,0,0,0,0,0,0,0,0,0
2020-02-24,"Tasmania","TAS",0,0,0,0,0,0,0,0,0,0,0,0,0,0,0,0,0,0
2020-02-24,"Victoria","VIC",0,4,0,0,0,0,0,0,0,0,0,0,0,0,0,0,0,0
2020-02-24,"Western Australia","WA",0,1,0,0,0,0,0,0,0,0,0,0,0,0,0,0,0,0
2020-02-25,"Australian Capital Territory","ACT",0,0,0,0,0,0,0,0,0,0,0,0,0,0,0,0,0,0
2020-02-25,"New South Wales","NSW",0,4,0,0,0,0,0,0,0,0,0,0,0,0,0,0,0,0
2020-02-25,"Northern Territory","NT",0,0,0,0,0,0,0,0,0,0,0,0,0,0,0,0,0,0
2020-02-25,"Queensland","QLD",0,8,0,0,0,0,0,0,0,0,0,0,0,0,0,0,0,0
2020-02-25,"South Australia","SA",0,3,0,0,0,0,0,0,0,0,0,0,0,0,0,0,0,0
2020-02-25,"Tasmania","TAS",0,0,0,0,0,0,0,0,0,0,0,0,0,0,0,0,0,0
2020-02-25,"Victoria","VIC",0,4,0,0,0,0,0,0,0,0,0,0,0,0,0,0,0,0
2020-02-25,"Western Australia","WA",0,1,0,0,0,0,0,0,0,0,0,0,0,0,0,0,0,0
2020-02-26,"Australian Capital Territory","ACT",0,0,0,0,0,0,0,0,0,0,0,0,0,0,0,0,0,0
2020-02-26,"New South Wales","NSW",0,4,0,0,0,0,0,0,0,0,0,0,0,0,0,0,0,0
2020-02-26,"Northern Territory","NT",0,0,0,0,0,0,0,0,0,0,0,0,0,0,0,0,0,0
2020-02-26,"Queensland","QLD",0,8,0,0,0,0,0,0,0,0,0,0,0,0,0,0,0,0
2020-02-26,"South Australia","SA",0,3,0,0,0,0,0,0,0,0,0,0,0,0,0,0,0,0
2020-02-26,"Tasmania","TAS",0,0,0,0,0,0,0,0,0,0,0,0,0,0,0,0,0,0
2020-02-26,"Victoria","VIC",0,4,0,0,0,0,0,0,0,0,0,0,0,0,0,0,0,0
2020-02-26,"Western Australia","WA",0,1,0,0,0,0,0,0,0,0,0,0,0,0,0,0,0,0
2020-02-27,"Australian Capital Territory","ACT",0,0,0,0,0,0,0,0,0,0,0,0,0,0,0,0,0,0
2020-02-27,"New South Wales","NSW",0,4,0,0,0,0,0,0,0,0,0,0,0,0,0,0,0,0
2020-02-27,"Northern Territory","NT",0,0,0,0,0,0,0,0,0,0,0,0,0,0,0,0,0,0
2020-02-27,"Queensland","QLD",0,8,0,0,0,0,0,0,0,0,0,0,0,0,0,0,0,0
2020-02-27,"South Australia","SA",0,3,0,0,0,0,0,0,0,0,0,0,0,0,0,0,0,0
2020-02-27,"Tasmania","TAS",0,0,0,0,0,0,0,0,0,0,0,0,0,0,0,0,0,0
2020-02-27,"Victoria","VIC",3,7,0,0,0,0,0,0,0,0,0,0,0,0,0,0,0,0
2020-02-27,"Western Australia","WA",0,1,0,0,0,0,0,0,0,0,0,0,0,0,0,0,0,0
2020-02-28,"Australian Capital Territory","ACT",0,0,0,0,0,0,0,0,0,0,0,0,0,0,0,0,0,0
2020-02-28,"New South Wales","NSW",0,4,0,0,0,0,0,0,0,0,0,0,0,0,0,0,0,0
2020-02-28,"Northern Territory","NT",0,0,0,0,0,0,0,0,0,0,0,0,0,0,0,0,0,0
2020-02-28,"Queensland","QLD",1,9,0,0,0,0,0,0,0,0,0,0,0,0,0,0,0,0
2020-02-28,"South Australia","SA",0,3,0,0,0,0,0,0,0,0,0,0,0,0,0,0,0,0
2020-02-28,"Tasmania","TAS",0,0,0,0,0,0,0,0,0,0,0,0,0,0,0,0,0,0
2020-02-28,"Victoria","VIC",0,7,0,0,0,0,0,0,0,0,0,0,0,0,0,0,0,0
2020-02-28,"Western Australia","WA",1,2,0,0,0,0,0,0,0,0,0,0,0,0,0,0,0,0
2020-02-29,"Australian Capital Territory","ACT",0,0,0,0,0,0,0,0,0,0,0,0,0,0,0,0,0,0
2020-02-29,"New South Wales","NSW",0,4,0,0,0,0,0,0,0,0,0,0,0,0,0,0,0,0
2020-02-29,"Northern Territory","NT",0,0,0,0,0,0,0,0,0,0,0,0,0,0,0,0,0,0
2020-02-29,"Queensland","QLD",0,9,0,0,0,0,0,0,0,0,0,0,0,0,0,0,0,0
2020-02-29,"South Australia","SA",0,3,0,0,0,0,0,0,0,0,0,0,0,0,0,0,0,0
2020-02-29,"Tasmania","TAS",0,0,0,0,0,0,0,0,0,0,0,0,0,0,0,0,0,0
2020-02-29,"Victoria","VIC",0,7,0,0,0,0,0,0,0,0,0,0,0,0,0,0,0,0
2020-02-29,"Western Australia","WA",0,2,0,0,0,0,0,0,0,0,0,0,0,0,0,0,0,0
2020-03-01,"Australian Capital Territory","ACT",0,0,0,0,0,0,0,0,0,0,0,0,0,0,0,0,0,0
2020-03-01,"New South Wales","NSW",1,5,0,0,0,0,0,5,0,0,0,0,0,0,0,0,0,0
2020-03-01,"Northern Territory","NT",0,0,0,0,0,0,0,0,0,0,0,0,0,0,0,0,0,0
2020-03-01,"Queensland","QLD",0,9,0,0,0,0,0,9,0,0,0,0,0,0,0,0,0,0
2020-03-01,"South Australia","SA",0,3,0,0,0,0,0,3,0,0,0,0,0,0,0,0,0,0
2020-03-01,"Tasmania","TAS",0,0,0,0,0,0,0,0,0,0,0,0,0,0,0,0,0,0
2020-03-01,"Victoria","VIC",2,9,0,0,0,0,0,9,0,0,0,0,0,0,0,0,0,0
2020-03-01,"Western Australia","WA",0,2,1,1,0,0,0,2,0,0,0,0,0,0,0,0,0,0
2020-03-02,"Australian Capital Territory","ACT",0,0,0,0,0,0,0,0,0,0,0,0,0,0,0,0,0,0
2020-03-02,"New South Wales","NSW",4,9,0,0,0,0,4,9,0,0,0,0,0,0,0,0,0,0
2020-03-02,"Northern Territory","NT",0,0,0,0,0,0,0,0,0,0,0,0,0,0,0,0,0,0
2020-03-02,"Queensland","QLD",0,9,0,0,0,0,0,9,0,0,0,0,0,0,0,0,0,0
2020-03-02,"South Australia","SA",0,3,0,0,0,0,0,3,0,0,0,0,0,0,0,0,0,0
2020-03-02,"Tasmania","TAS",0,0,0,0,0,0,0,0,0,0,0,0,0,0,0,0,0,0
2020-03-02,"Victoria","VIC",0,9,0,0,0,0,0,9,0,0,0,0,0,0,0,0,0,0
2020-03-02,"Western Australia","WA",0,2,0,1,0,0,0,2,0,0,0,0,0,0,0,0,0,0
2020-03-03,"Australian Capital Territory","ACT",0,0,0,0,0,0,0,0,0,0,0,0,0,0,0,0,0,0
2020-03-03,"New South Wales","NSW",6,15,0,0,0,0,6,15,0,0,0,0,0,0,0,0,0,0
2020-03-03,"Northern Territory","NT",0,0,0,0,0,0,0,0,0,0,0,0,0,0,0,0,0,0
2020-03-03,"Queensland","QLD",1,10,0,0,0,0,1,10,0,0,0,0,0,0,0,0,0,0
2020-03-03,"South Australia","SA",0,3,0,0,0,0,0,3,0,0,0,0,0,0,0,0,0,0
2020-03-03,"Tasmania","TAS",1,1,0,0,0,0,1,1,0,0,0,0,0,0,0,0,0,0
2020-03-03,"Victoria","VIC",0,9,0,0,0,0,0,9,0,0,0,0,0,0,0,0,0,0
2020-03-03,"Western Australia","WA",0,2,0,1,0,0,0,2,0,0,0,0,0,0,0,0,0,0
2020-03-04,"Australian Capital Territory","ACT",0,0,0,0,0,0,0,0,0,0,0,0,0,0,0,0,0,0
2020-03-04,"New South Wales","NSW",7,22,1,1,0,0,7,22,0,0,0,0,0,0,0,0,0,0
2020-03-04,"Northern Territory","NT",0,0,0,0,0,0,0,0,0,0,0,0,0,0,0,0,0,0
2020-03-04,"Queensland","QLD",1,11,0,0,0,0,1,11,0,0,0,0,0,0,0,0,0,0
2020-03-04,"South Australia","SA",2,5,0,0,0,0,2,5,0,0,0,0,0,0,0,0,0,0
2020-03-04,"Tasmania","TAS",0,1,0,0,0,0,0,1,0,0,0,0,0,0,0,0,0,0
2020-03-04,"Victoria","VIC",1,10,0,0,0,0,1,10,0,0,0,0,0,0,0,0,0,0
2020-03-04,"Western Australia","WA",0,2,0,1,0,0,0,2,0,0,0,0,0,0,0,0,0,0
2020-03-05,"Australian Capital Territory","ACT",0,0,0,0,0,0,0,0,0,0,0,0,0,0,0,0,0,0
2020-03-05,"New South Wales","NSW",3,25,0,1,0,0,3,25,0,0,0,0,0,0,0,0,0,0
2020-03-05,"Northern Territory","NT",0,0,0,0,0,0,0,0,0,0,0,0,0,0,0,0,0,0
2020-03-05,"Queensland","QLD",2,13,0,0,0,0,2,13,0,0,0,0,0,0,0,0,0,0
2020-03-05,"South Australia","SA",2,7,0,0,0,0,2,7,0,0,0,0,0,0,0,0,0,0
2020-03-05,"Tasmania","TAS",0,1,0,0,0,0,0,1,0,0,0,0,0,0,0,0,0,0
2020-03-05,"Victoria","VIC",0,10,0,0,0,0,0,10,0,0,0,0,0,0,0,0,0,0
2020-03-05,"Western Australia","WA",1,3,0,1,0,0,1,3,0,0,0,0,0,0,0,0,0,0
2020-03-06,"Australian Capital Territory","ACT",0,0,0,0,0,0,0,0,0,0,0,0,0,0,0,0,0,0
2020-03-06,"New South Wales","NSW",3,28,0,1,0,0,3,28,0,0,0,0,0,0,0,0,0,0
2020-03-06,"Northern Territory","NT",0,0,0,0,0,0,0,0,0,0,0,0,0,0,0,0,0,0
2020-03-06,"Queensland","QLD",1,14,0,0,0,0,1,14,0,0,0,0,0,0,0,0,0,0
2020-03-06,"South Australia","SA",0,7,0,0,0,0,0,7,0,0,0,0,0,0,0,0,0,0
2020-03-06,"Tasmania","TAS",0,1,0,0,0,0,0,1,0,0,0,0,0,0,0,0,0,0
2020-03-06,"Victoria","VIC",0,10,0,0,0,0,0,10,0,0,0,0,0,0,0,0,0,0
2020-03-06,"Western Australia","WA",0,3,0,1,0,0,0,3,0,0,0,0,0,0,0,0,0,0
2020-03-07,"Australian Capital Territory","ACT",0,0,0,0,0,0,0,0,0,0,0,0,0,0,0,0,0,0
2020-03-07,"New South Wales","NSW",8,36,0,1,7214,7214,8,36,0,0,0,0,0,0,0,0,0,0
2020-03-07,"Northern Territory","NT",0,0,0,0,0,0,0,0,0,0,0,0,0,0,0,0,0,0
2020-03-07,"Queensland","QLD",0,14,0,0,0,0,0,14,0,0,0,0,0,0,0,0,0,0
2020-03-07,"South Australia","SA",0,7,0,0,0,0,0,7,0,0,0,0,0,0,0,0,0,0
2020-03-07,"Tasmania","TAS",1,2,0,0,0,0,1,2,0,0,0,0,0,0,0,0,0,0
2020-03-07,"Victoria","VIC",1,11,0,0,0,0,1,11,0,0,0,0,0,0,0,0,0,0
2020-03-07,"Western Australia","WA",0,3,0,1,0,0,0,3,0,0,0,0,0,0,0,0,0,0
2020-03-08,"Australian Capital Territory","ACT",0,0,0,0,0,0,0,0,0,0,0,0,0,0,0,0,0,0
2020-03-08,"New South Wales","NSW",4,40,1,2,794,8008,4,40,0,0,0,0,0,0,0,0,0,0
2020-03-08,"Northern Territory","NT",0,0,0,0,0,0,0,0,0,0,0,0,0,0,0,0,0,0
2020-03-08,"Queensland","QLD",1,15,0,0,0,0,1,15,0,0,0,0,0,0,0,0,0,0
2020-03-08,"South Australia","SA",0,7,0,0,0,0,0,7,0,0,0,0,0,0,0,0,0,0
2020-03-08,"Tasmania","TAS",0,2,0,0,0,0,0,2,0,0,0,0,0,0,0,0,0,0
2020-03-08,"Victoria","VIC",1,12,0,0,0,0,1,12,0,0,0,0,0,0,0,0,0,0
2020-03-08,"Western Australia","WA",1,4,0,1,0,0,1,4,0,0,0,0,0,0,0,0,0,0
2020-03-09,"Australian Capital Territory","ACT",0,0,0,0,0,0,0,0,0,0,0,0,0,0,0,0,0,0
2020-03-09,"New South Wales","NSW",7,47,0,2,363,8371,7,47,0,0,0,0,0,0,0,0,0,0
2020-03-09,"Northern Territory","NT",0,0,0,0,0,0,0,0,0,0,0,0,0,0,0,0,0,0
2020-03-09,"Queensland","QLD",0,15,0,0,0,0,0,15,0,0,0,0,0,0,0,0,0,0
2020-03-09,"South Australia","SA",0,7,0,0,0,0,0,7,0,0,0,0,0,0,0,0,0,0
2020-03-09,"Tasmania","TAS",0,2,0,0,0,0,0,2,0,0,0,0,0,0,0,0,0,0
2020-03-09,"Victoria","VIC",3,15,0,0,0,0,3,15,0,0,0,0,0,0,0,0,0,0
2020-03-09,"Western Australia","WA",2,6,0,1,0,0,2,6,0,0,0,0,0,0,0,0,0,0
2020-03-10,"Australian Capital Territory","ACT",0,0,0,0,0,0,0,0,0,0,0,0,0,0,0,0,0,0
2020-03-10,"New South Wales","NSW",14,61,0,2,1794,10165,14,61,0,0,0,0,0,0,0,0,0,0
2020-03-10,"Northern Territory","NT",0,0,0,0,0,0,0,0,0,0,0,0,0,0,0,0,0,0
2020-03-10,"Queensland","QLD",3,18,0,0,0,0,3,18,0,0,0,0,0,0,0,0,0,0
2020-03-10,"South Australia","SA",0,7,0,0,0,0,0,7,0,0,0,0,0,0,0,0,0,0
2020-03-10,"Tasmania","TAS",0,2,0,0,0,0,0,2,0,0,0,0,0,0,0,0,0,0
2020-03-10,"Victoria","VIC",3,18,0,0,0,0,3,18,0,0,0,0,0,0,0,0,0,0
2020-03-10,"Western Australia","WA",0,6,0,1,0,0,0,6,0,0,0,0,0,0,0,0,0,0
2020-03-11,"Australian Capital Territory","ACT",0,0,0,0,0,0,0,0,0,0,0,0,0,0,0,0,0,0
2020-03-11,"New South Wales","NSW",4,65,0,2,56,10221,4,65,0,0,0,0,0,0,0,0,0,0
2020-03-11,"Northern Territory","NT",0,0,0,0,0,0,0,0,0,0,0,0,0,0,0,0,0,0
2020-03-11,"Queensland","QLD",2,20,0,0,0,0,2,20,0,0,0,0,0,0,0,0,0,0
2020-03-11,"South Australia","SA",2,9,0,0,0,0,2,9,0,0,0,0,0,0,0,0,0,0
2020-03-11,"Tasmania","TAS",1,3,0,0,0,0,1,3,0,0,0,0,0,0,0,0,0,0
2020-03-11,"Victoria","VIC",3,21,0,0,0,0,3,21,0,0,0,0,0,0,0,0,0,0
2020-03-11,"Western Australia","WA",3,9,0,1,0,0,3,9,0,0,0,0,0,0,0,0,0,0
2020-03-12,"Australian Capital Territory","ACT",1,1,0,0,0,0,1,1,0,0,0,0,0,0,0,0,0,0
2020-03-12,"New South Wales","NSW",13,78,0,2,4635,14856,13,78,0,0,0,0,0,0,0,0,0,0
2020-03-12,"Northern Territory","NT",0,0,0,0,0,0,0,0,0,0,0,0,0,0,0,0,0,0
2020-03-12,"Queensland","QLD",7,27,0,0,0,0,7,27,0,0,0,0,0,0,0,0,0,0
2020-03-12,"South Australia","SA",3,12,0,0,0,0,3,12,0,0,0,0,0,0,0,0,0,0
2020-03-12,"Tasmania","TAS",0,3,0,0,0,0,0,3,0,0,0,0,0,0,0,0,0,0
2020-03-12,"Victoria","VIC",6,27,0,0,0,0,6,27,0,0,0,0,0,0,0,0,0,0
2020-03-12,"Western Australia","WA",0,9,0,1,0,0,0,9,0,0,0,0,0,0,0,0,0,0
2020-03-13,"Australian Capital Territory","ACT",0,1,0,0,0,0,0,1,0,0,0,0,0,0,0,0,0,0
2020-03-13,"New South Wales","NSW",14,92,0,2,1829,16685,14,92,0,0,0,0,0,0,0,0,0,0
2020-03-13,"Northern Territory","NT",0,0,0,0,0,0,0,0,0,0,0,0,0,0,0,0,0,0
2020-03-13,"Queensland","QLD",8,35,1,1,0,0,8,35,0,0,0,0,0,0,0,0,0,0
2020-03-13,"South Australia","SA",4,16,0,0,0,0,4,16,0,0,0,0,0,0,0,0,0,0
2020-03-13,"Tasmania","TAS",1,4,0,0,0,0,1,4,0,0,0,0,0,0,0,0,0,0
2020-03-13,"Victoria","VIC",9,36,0,0,0,0,9,36,0,0,0,0,0,0,0,0,0,0
2020-03-13,"Western Australia","WA",5,14,0,1,0,0,5,14,0,0,0,0,0,0,0,0,0,0
2020-03-14,"Australian Capital Territory","ACT",0,1,0,0,0,0,0,1,0,0,0,0,0,0,0,0,0,0
2020-03-14,"New South Wales","NSW",20,112,0,2,3811,20496,20,112,0,0,0,0,0,0,0,0,0,0
2020-03-14,"Northern Territory","NT",0,0,0,0,0,0,0,0,0,0,0,0,0,0,0,0,0,0
2020-03-14,"Queensland","QLD",11,46,0,1,0,0,11,46,0,0,0,0,0,0,0,0,0,0
2020-03-14,"South Australia","SA",3,19,0,0,0,0,3,19,0,0,0,0,0,0,0,0,0,0
2020-03-14,"Tasmania","TAS",1,5,0,0,0,0,1,5,0,0,0,0,0,0,0,0,0,0
2020-03-14,"Victoria","VIC",13,49,0,0,0,0,13,49,0,0,0,0,0,0,0,0,0,0
2020-03-14,"Western Australia","WA",3,17,0,1,0,0,3,17,0,0,0,0,0,0,0,0,0,0
2020-03-15,"Australian Capital Territory","ACT",0,1,0,0,0,0,0,1,0,0,0,0,0,0,0,0,0,0
2020-03-15,"New South Wales","NSW",22,134,2,4,2071,22567,22,134,0,0,0,0,0,0,0,0,0,0
2020-03-15,"Northern Territory","NT",0,0,0,0,0,0,0,0,0,0,0,0,0,0,0,0,0,0
2020-03-15,"Queensland","QLD",15,61,0,1,0,0,15,61,0,0,0,0,0,0,0,0,0,0
2020-03-15,"South Australia","SA",1,20,0,0,0,0,1,20,0,0,0,0,0,0,0,0,0,0
2020-03-15,"Tasmania","TAS",1,6,0,0,0,0,1,6,0,0,0,0,0,0,0,0,0,0
2020-03-15,"Victoria","VIC",8,57,0,0,0,0,8,57,0,0,0,0,0,0,0,0,0,0
2020-03-15,"Western Australia","WA",1,18,0,1,0,0,1,18,0,0,0,0,0,0,0,0,0,0
2020-03-16,"Australian Capital Territory","ACT",1,2,0,0,0,0,1,2,0,0,0,0,0,0,0,0,0,0
2020-03-16,"New South Wales","NSW",37,171,0,4,4397,26964,37,171,0,0,0,0,0,0,0,0,0,0
2020-03-16,"Northern Territory","NT",0,0,0,0,0,0,0,0,0,0,0,0,0,0,0,0,0,0
2020-03-16,"Queensland","QLD",7,68,0,1,0,0,7,68,0,0,0,0,0,0,0,0,0,0
2020-03-16,"South Australia","SA",9,29,0,0,0,0,9,29,0,0,0,0,0,0,0,0,0,0
2020-03-16,"Tasmania","TAS",1,7,0,0,0,0,1,7,0,0,0,0,0,0,0,0,0,0
2020-03-16,"Victoria","VIC",14,71,0,0,11700,11700,14,71,0,0,0,0,0,0,0,0,0,0
2020-03-16,"Western Australia","WA",10,28,0,1,0,0,10,28,0,0,0,0,0,0,0,0,0,0
2020-03-17,"Australian Capital Territory","ACT",0,2,0,0,0,0,0,2,0,0,0,0,0,0,0,0,0,0
2020-03-17,"New South Wales","NSW",39,210,0,4,3280,30244,39,210,0,0,0,0,0,0,0,0,0,0
2020-03-17,"Northern Territory","NT",0,0,0,0,0,0,0,0,0,0,0,0,0,0,0,0,0,0
2020-03-17,"Queensland","QLD",10,78,0,1,0,0,10,78,0,0,0,0,0,0,0,0,0,0
2020-03-17,"South Australia","SA",3,32,0,0,0,0,3,32,0,0,0,0,0,0,0,0,0,0
2020-03-17,"Tasmania","TAS",0,7,0,0,0,0,0,7,0,0,0,0,0,0,0,0,0,0
2020-03-17,"Victoria","VIC",23,94,0,0,2500,14200,23,94,0,0,0,0,0,0,0,0,0,0
2020-03-17,"Western Australia","WA",3,31,0,1,0,0,3,31,0,0,0,0,0,0,0,0,0,0
2020-03-18,"Australian Capital Territory","ACT",1,3,0,0,0,0,1,3,0,0,0,0,0,0,0,0,0,0
2020-03-18,"New South Wales","NSW",57,267,1,5,5556,35800,57,267,0,0,0,0,0,0,0,0,0,0
2020-03-18,"Northern Territory","NT",0,0,0,0,0,0,0,0,0,0,0,0,0,0,0,0,0,0
2020-03-18,"Queensland","QLD",16,94,0,1,0,0,16,94,0,0,0,0,0,0,0,0,0,0
2020-03-18,"South Australia","SA",5,37,0,0,0,0,5,37,0,0,0,0,0,0,0,0,0,0
2020-03-18,"Tasmania","TAS",3,10,0,0,0,0,3,10,0,0,0,0,0,0,0,0,0,0
2020-03-18,"Victoria","VIC",27,121,0,0,1000,15200,27,121,0,0,0,0,0,0,0,0,0,0
2020-03-18,"Western Australia","WA",4,35,0,1,0,0,4,35,0,0,0,0,0,0,0,0,0,0
2020-03-19,"Australian Capital Territory","ACT",1,4,0,0,0,0,1,4,0,0,0,0,0,0,0,0,0,0
2020-03-19,"New South Wales","NSW",40,307,0,5,3289,39089,40,307,0,0,0,0,0,0,0,0,0,0
2020-03-19,"Northern Territory","NT",0,0,0,0,0,0,0,0,0,0,0,0,0,0,0,0,0,0
2020-03-19,"Queensland","QLD",50,144,0,1,27064,27064,50,144,0,0,0,0,0,0,0,0,0,0
2020-03-19,"South Australia","SA",5,42,0,0,0,0,5,42,0,0,0,0,0,0,0,0,0,0
2020-03-19,"Tasmania","TAS",0,10,0,0,0,0,0,10,0,0,0,0,0,0,0,0,0,0
2020-03-19,"Victoria","VIC",29,150,0,0,1980,17180,29,150,28,28,0,0,0,0,0,0,0,0
2020-03-19,"Western Australia","WA",17,52,0,1,0,0,17,52,0,0,0,0,0,0,0,0,0,0
2020-03-20,"Australian Capital Territory","ACT",2,6,0,0,2218,2218,2,6,0,0,0,0,0,0,0,0,0,0
2020-03-20,"New South Wales","NSW",46,353,1,6,1562,40651,46,353,0,0,0,0,0,0,0,0,0,0
2020-03-20,"Northern Territory","NT",2,2,0,0,0,0,2,2,0,0,0,0,0,0,0,0,0,0
2020-03-20,"Queensland","QLD",40,184,0,1,1322,28386,40,184,0,0,0,0,0,0,0,0,0,0
2020-03-20,"South Australia","SA",8,50,0,0,0,0,8,50,0,0,0,0,0,0,0,0,0,0
2020-03-20,"Tasmania","TAS",0,10,0,0,807,807,0,10,0,0,0,0,0,0,0,0,0,0
2020-03-20,"Victoria","VIC",28,178,0,0,2157,19337,28,178,11,39,0,0,0,0,0,0,0,0
2020-03-20,"Western Australia","WA",12,64,0,1,0,0,12,64,0,0,0,0,0,0,0,0,0,0
2020-03-21,"Australian Capital Territory","ACT",3,9,0,0,0,2218,3,9,0,0,0,0,0,0,0,0,0,0
2020-03-21,"New South Wales","NSW",83,436,0,6,6241,46892,83,436,0,0,0,0,0,0,0,0,0,0
2020-03-21,"Northern Territory","NT",2,4,0,0,0,0,2,4,0,0,0,0,0,0,0,0,0,0
2020-03-21,"Queensland","QLD",37,221,0,1,1481,29867,37,221,0,0,0,0,0,0,0,0,0,0
2020-03-21,"South Australia","SA",17,67,0,0,0,0,17,67,0,0,0,0,0,0,0,0,0,0
2020-03-21,"Tasmania","TAS",6,16,0,0,0,807,6,16,0,0,0,0,0,0,0,0,0,0
2020-03-21,"Victoria","VIC",51,229,0,0,1163,20500,51,229,12,51,0,0,0,0,0,0,0,0
2020-03-21,"Western Australia","WA",26,90,0,1,0,0,26,90,0,0,0,0,0,0,0,0,0,0
2020-03-22,"Australian Capital Territory","ACT",10,19,0,0,196,2414,10,19,0,0,0,0,0,0,0,0,0,0
2020-03-22,"New South Wales","NSW",97,533,0,6,5771,52663,97,533,0,0,0,0,0,0,0,0,0,0
2020-03-22,"Northern Territory","NT",0,4,0,0,0,0,0,4,0,0,0,0,0,0,0,0,0,0
2020-03-22,"Queensland","QLD",38,259,0,1,1442,31309,38,259,0,0,0,0,0,0,0,0,0,0
2020-03-22,"South Australia","SA",33,100,0,0,0,0,33,100,0,0,0,0,0,0,0,0,0,0
2020-03-22,"Tasmania","TAS",5,21,0,0,-807,0,5,21,0,0,0,0,0,0,0,0,0,0
2020-03-22,"Victoria","VIC",67,296,0,0,2400,22900,67,296,19,70,0,0,0,0,0,0,0,0
2020-03-22,"Western Australia","WA",30,120,0,1,0,0,30,120,0,0,0,0,0,0,0,0,0,0
2020-03-23,"Australian Capital Territory","ACT",13,32,0,0,194,2608,13,32,0,0,0,0,0,0,0,0,0,0
2020-03-23,"New South Wales","NSW",136,669,0,6,4278,56941,136,669,0,0,0,0,0,0,0,0,0,0
2020-03-23,"Northern Territory","NT",0,4,0,0,0,0,0,4,0,0,0,0,0,0,0,0,0,0
2020-03-23,"Queensland","QLD",60,319,0,1,1085,32394,60,319,0,0,0,0,0,0,0,0,0,0
2020-03-23,"South Australia","SA",34,134,0,0,0,0,34,134,0,0,0,0,0,0,0,0,0,0
2020-03-23,"Tasmania","TAS",6,27,0,0,0,0,6,27,0,0,0,0,0,0,0,0,0,0
2020-03-23,"Victoria","VIC",59,355,0,0,800,23700,59,355,27,97,0,0,0,0,0,0,0,0
2020-03-23,"Western Australia","WA",20,140,0,1,0,0,20,140,0,0,0,0,0,0,0,0,0,0
2020-03-24,"Australian Capital Territory","ACT",7,39,0,0,211,2819,7,39,0,0,0,0,0,0,0,0,0,0
2020-03-24,"New South Wales","NSW",149,818,1,7,4907,61848,149,818,0,0,0,0,0,0,0,0,0,0
2020-03-24,"Northern Territory","NT",1,5,0,0,0,0,1,5,0,0,0,0,0,0,0,0,0,0
2020-03-24,"Queensland","QLD",78,397,0,1,0,32394,78,397,0,0,0,0,0,0,0,0,0,0
2020-03-24,"South Australia","SA",36,170,0,0,0,0,36,170,0,0,0,0,0,0,0,0,0,0
2020-03-24,"Tasmania","TAS",8,35,0,0,1139,1139,8,35,0,0,0,0,0,0,0,0,0,0
2020-03-24,"Victoria","VIC",56,411,0,0,1300,25000,56,411,16,113,0,0,0,0,0,0,0,0
2020-03-24,"Western Australia","WA",35,175,0,1,0,0,35,175,0,0,0,0,0,0,0,0,0,0
2020-03-25,"Australian Capital Territory","ACT",5,44,0,0,189,3008,5,44,0,0,0,0,0,0,0,0,0,0
2020-03-25,"New South Wales","NSW",211,1029,0,7,6329,68177,211,1029,0,0,0,0,0,0,0,0,0,0
2020-03-25,"Northern Territory","NT",0,5,0,0,0,0,0,5,1,1,0,0,0,0,0,0,0,0
2020-03-25,"Queensland","QLD",46,443,1,2,6466,38860,46,443,0,0,0,0,0,0,0,0,0,0
2020-03-25,"South Australia","SA",27,197,0,0,19269,19269,27,197,0,0,0,0,0,0,0,0,0,0
2020-03-25,"Tasmania","TAS",6,41,0,0,133,1272,6,41,0,0,0,0,0,0,0,0,0,0
2020-03-25,"Victoria","VIC",55,466,0,0,500,25500,55,466,15,128,0,0,0,0,0,0,0,0
2020-03-25,"Western Australia","WA",30,205,0,1,0,0,30,205,0,0,0,0,0,0,0,0,0,0
2020-03-26,"Australian Capital Territory","ACT",9,53,0,0,264,3272,9,53,1,1,0,0,0,0,0,0,0,0
2020-03-26,"New South Wales","NSW",190,1219,0,7,5829,74006,190,1219,0,0,0,0,0,0,0,0,0,0
2020-03-26,"Northern Territory","NT",7,12,0,0,0,0,7,12,0,1,0,0,0,0,0,0,0,0
2020-03-26,"Queensland","QLD",50,493,0,2,0,38860,50,493,0,0,0,0,0,0,0,0,0,0
2020-03-26,"South Australia","SA",38,235,0,0,1407,20676,38,235,0,0,0,0,0,0,0,0,0,0
2020-03-26,"Tasmania","TAS",5,46,0,0,0,1272,5,46,0,0,0,0,0,0,0,0,0,0
2020-03-26,"Victoria","VIC",54,520,3,3,1400,26900,54,520,21,149,0,0,0,0,0,0,0,0
2020-03-26,"Western Australia","WA",26,231,1,2,11519,11519,26,231,0,0,0,0,0,0,0,0,0,0
2020-03-27,"Australian Capital Territory","ACT",9,62,0,0,488,3760,9,62,1,2,0,0,0,0,0,0,0,0
2020-03-27,"New South Wales","NSW",186,1405,0,7,3683,77689,186,1405,0,0,0,0,0,0,0,0,0,0
2020-03-27,"Northern Territory","NT",2,14,0,0,0,0,2,14,1,2,0,0,0,0,0,0,0,0
2020-03-27,"Queensland","QLD",62,555,0,2,4105,42965,62,555,0,0,0,0,0,0,0,0,0,0
2020-03-27,"South Australia","SA",22,257,0,0,2824,23500,22,257,0,0,0,0,0,0,0,0,0,0
2020-03-27,"Tasmania","TAS",12,58,0,0,507,1779,12,58,0,0,0,0,0,0,0,0,0,0
2020-03-27,"Victoria","VIC",54,574,0,3,4100,31000,54,574,23,172,0,0,0,0,0,0,0,0
2020-03-27,"Western Australia","WA",24,255,0,2,572,12091,24,255,28,28,0,0,0,0,0,0,0,0
2020-03-28,"Australian Capital Territory","ACT",9,71,0,0,299,4059,9,71,0,2,0,0,0,0,0,0,0,0
2020-03-28,"New South Wales","NSW",212,1617,1,8,8835,86524,212,1617,0,0,0,0,0,0,0,0,0,0
2020-03-28,"Northern Territory","NT",1,15,0,0,0,0,1,15,0,2,0,0,0,0,0,0,0,0
2020-03-28,"Queensland","QLD",70,625,0,2,0,42965,70,625,0,0,0,0,0,0,0,0,0,0
2020-03-28,"South Australia","SA",30,287,0,0,1237,24737,30,287,0,0,0,0,0,0,0,0,0,0
2020-03-28,"Tasmania","TAS",4,62,0,0,0,1779,4,62,0,0,0,0,0,0,0,0,0,0
2020-03-28,"Victoria","VIC",111,685,0,3,4000,35000,111,685,19,191,0,0,0,0,0,0,0,0
2020-03-28,"Western Australia","WA",23,278,0,2,880,12971,23,278,0,28,0,0,0,0,0,0,0,0
2020-03-29,"Australian Capital Territory","ACT",6,77,0,0,248,4307,6,77,0,2,0,0,0,0,0,0,0,0
2020-03-29,"New South Wales","NSW",174,1791,0,8,6575,93099,174,1791,0,0,0,0,0,0,0,0,0,0
2020-03-29,"Northern Territory","NT",0,15,0,0,1000,1000,0,15,0,2,0,0,0,0,0,0,0,0
2020-03-29,"Queensland","QLD",31,656,1,3,2034,44999,31,656,0,0,0,0,0,0,0,0,0,0
2020-03-29,"South Australia","SA",12,299,0,0,945,25682,12,299,0,0,0,0,0,0,0,0,0,0
2020-03-29,"Tasmania","TAS",4,66,0,0,0,1779,4,66,0,0,0,0,0,0,0,0,0,0
2020-03-29,"Victoria","VIC",84,769,1,4,4000,39000,84,769,2,193,0,0,0,0,0,0,0,0
2020-03-29,"Western Australia","WA",33,311,0,2,677,13648,33,311,0,28,0,0,0,0,0,0,0,0
2020-03-30,"Australian Capital Territory","ACT",1,78,1,1,0,4307,1,78,-2,0,0,0,0,0,0,0,0,0
2020-03-30,"New South Wales","NSW",127,1918,0,8,3347,96446,127,1918,0,0,0,0,0,0,0,0,0,0
2020-03-30,"Northern Territory","NT",0,15,0,0,0,1000,0,15,0,2,0,0,0,0,0,0,0,0
2020-03-30,"Queensland","QLD",33,689,0,3,2026,47025,33,689,0,0,0,0,0,0,0,0,0,0
2020-03-30,"South Australia","SA",6,305,0,0,520,26202,6,305,0,0,0,0,0,0,0,0,0,0
2020-03-30,"Tasmania","TAS",3,69,1,1,-1779,0,3,69,0,0,0,0,0,0,0,0,0,0
2020-03-30,"Victoria","VIC",52,821,0,4,3000,42000,52,821,55,248,0,0,0,0,0,0,0,0
2020-03-30,"Western Australia","WA",44,355,0,2,540,14188,44,355,13,41,0,0,0,0,0,0,0,0
2020-03-31,"Australian Capital Territory","ACT",2,80,0,1,136,4443,2,80,3,3,0,0,0,0,0,0,0,0
2020-03-31,"New South Wales","NSW",114,2032,0,8,3505,99951,114,2032,0,0,0,0,0,0,0,0,0,0
2020-03-31,"Northern Territory","NT",4,19,0,0,1100,2100,4,19,1,3,0,0,0,0,0,0,0,0
2020-03-31,"Queensland","QLD",54,743,0,3,2357,49382,54,743,0,0,0,0,0,0,0,0,0,0
2020-03-31,"South Australia","SA",32,337,0,0,1142,27344,32,337,0,0,0,0,0,0,0,0,0,0
2020-03-31,"Tasmania","TAS",0,69,1,2,0,0,0,69,0,0,0,0,0,0,0,0,0,0
2020-03-31,"Victoria","VIC",96,917,0,4,3000,45000,96,917,43,291,32,32,6,6,0,0,0,0
2020-03-31,"Western Australia","WA",9,364,0,2,516,14704,9,364,7,48,0,0,0,0,0,0,0,0
2020-04-01,"Australian Capital Territory","ACT",4,84,0,1,415,4858,4,84,5,8,8,8,2,2,2,2,0,0
2020-04-01,"New South Wales","NSW",150,2182,1,9,5592,105543,150,2182,0,0,218,218,42,42,23,23,0,0
2020-04-01,"Northern Territory","NT",0,19,0,0,31,2131,0,19,0,3,16,16,1,1,1,1,0,0
2020-04-01,"Queensland","QLD",38,781,0,3,1471,50853,38,781,0,0,66,66,9,9,7,7,0,0
2020-04-01,"South Australia","SA",30,367,0,0,1484,28828,30,367,0,0,23,23,8,8,0,0,0,0
2020-04-01,"Tasmania","TAS",2,71,0,2,2218,2218,2,71,0,0,9,9,0,0,0,0,0,0
2020-04-01,"Victoria","VIC",51,968,0,4,2000,47000,51,968,52,343,4,36,0,6,0,0,0,0
2020-04-01,"Western Australia","WA",28,392,0,2,818,15522,28,392,16,64,24,24,8,8,0,0,0,0
2020-04-02,"Australian Capital Territory","ACT",3,87,0,1,160,5018,3,87,3,11,3,11,2,4,0,2,0,0
2020-04-02,"New South Wales","NSW",116,2298,1,10,4994,110537,116,2298,0,0,13,231,1,43,-2,21,0,0
2020-04-02,"Northern Territory","NT",3,22,0,0,142,2273,3,22,0,3,2,18,0,1,0,1,0,0
2020-04-02,"Queensland","QLD",54,835,1,4,932,51785,54,835,0,0,-6,60,0,9,1,8,0,0
2020-04-02,"South Australia","SA",18,385,0,0,1048,29876,18,385,44,44,-4,19,-1,7,0,0,0,0
2020-04-02,"Tasmania","TAS",3,74,0,2,0,2218,3,74,0,0,1,10,1,1,0,0,0,0
2020-04-02,"Victoria","VIC",68,1036,2,6,2000,49000,68,1036,79,422,1,37,1,7,0,0,0,0
2020-04-02,"Western Australia","WA",8,400,0,2,668,16190,8,400,28,92,5,29,1,9,0,0,0,0
2020-04-03,"Australian Capital Territory","ACT",4,91,0,1,204,5222,4,91,7,18,1,12,4,8,0,2,0,0
2020-04-03,"New South Wales","NSW",91,2389,2,12,3918,114455,91,2389,0,0,0,231,-1,42,1,22,0,0
2020-04-03,"Northern Territory","NT",4,26,0,0,193,2466,4,26,0,3,1,19,0,1,-1,0,0,0
2020-04-03,"Queensland","QLD",38,873,0,4,2656,54441,38,873,0,0,-6,54,1,10,0,8,0,0
2020-04-03,"South Australia","SA",11,396,0,0,1046,30922,11,396,2,46,-1,18,1,8,0,0,0,0
2020-04-03,"Tasmania","TAS",6,80,0,2,-2218,0,6,80,0,0,0,10,0,1,0,0,0,0
2020-04-03,"Victoria","VIC",49,1085,1,7,2000,51000,49,1085,54,476,0,37,0,7,0,0,0,0
2020-04-03,"Western Australia","WA",22,422,1,3,676,16866,22,422,0,92,0,29,0,9,0,0,0,0
2020-04-04,"Australian Capital Territory","ACT",2,93,1,2,106,5328,2,93,0,18,-6,6,-5,3,0,2,0,0
2020-04-04,"New South Wales","NSW",104,2493,0,12,3178,117633,104,2493,0,0,20,251,-1,41,1,23,0,0
2020-04-04,"Northern Territory","NT",0,26,0,0,176,2642,0,26,0,3,4,23,-1,0,0,0,0,0
2020-04-04,"Queensland","QLD",27,900,0,4,1559,56000,27,900,0,0,-7,47,1,11,0,8,0,0
2020-04-04,"South Australia","SA",11,407,0,0,1115,32037,11,407,0,46,1,19,0,8,0,0,0,0
2020-04-04,"Tasmania","TAS",2,82,0,2,0,0,2,82,0,0,1,11,1,2,0,0,0,0
2020-04-04,"Victoria","VIC",30,1115,1,8,3000,54000,30,1115,51,527,5,42,3,10,0,0,0,0
2020-04-04,"Western Australia","WA",14,436,0,3,385,17251,14,436,0,92,32,61,8,17,0,0,0,0
2020-04-05,"Australian Capital Territory","ACT",3,96,0,2,-70,5258,3,96,0,18,1,7,0,3,0,2,0,0
2020-04-05,"New South Wales","NSW",87,2580,4,16,3800,121433,87,2580,0,0,-1,250,-1,40,0,23,0,0
2020-04-05,"Northern Territory","NT",1,27,0,0,111,2753,1,27,0,3,1,24,0,0,0,0,0,0
2020-04-05,"Queensland","QLD",7,907,1,5,1795,57795,7,907,0,0,-4,43,1,12,0,8,0,0
2020-04-05,"South Australia","SA",2,409,0,0,826,32863,2,409,0,46,1,20,2,10,0,0,0,0
2020-04-05,"Tasmania","TAS",4,86,0,2,2845,2845,4,86,0,0,0,11,0,2,0,0,0,0
2020-04-05,"Victoria","VIC",20,1135,0,8,2000,56000,20,1135,46,573,5,47,1,11,0,0,0,0
2020-04-05,"Western Australia","WA",17,453,0,3,946,18197,17,453,56,148,-3,58,1,18,0,0,0,0
2020-04-06,"Australian Capital Territory","ACT",0,96,0,2,71,5329,0,96,0,18,0,7,0,3,0,2,0,0
2020-04-06,"New South Wales","NSW",57,2637,2,18,2605,124038,57,2637,0,0,0,250,0,40,0,23,0,0
2020-04-06,"Northern Territory","NT",0,27,0,0,52,2805,0,27,0,3,0,24,0,0,0,0,0,0
2020-04-06,"Queensland","QLD",14,921,0,5,695,58490,14,921,0,0,0,43,0,12,2,10,0,0
2020-04-06,"South Australia","SA",2,411,0,0,440,33303,2,411,0,46,0,20,0,10,0,0,0,0
2020-04-06,"Tasmania","TAS",3,89,0,2,127,2972,3,89,0,0,0,11,0,2,0,0,0,0
2020-04-06,"Victoria","VIC",23,1158,2,10,1000,57000,23,1158,47,620,-2,45,0,11,0,0,0,0
2020-04-06,"Western Australia","WA",7,460,1,4,529,18726,7,460,14,162,0,58,0,18,0,0,0,0
2020-04-07,"Australian Capital Territory","ACT",1,97,0,2,168,5497,1,97,24,42,-1,6,0,3,0,2,0,0
2020-04-07,"New South Wales","NSW",49,2686,3,21,2108,126146,49,2686,1356,1356,-147,103,-3,37,1,24,0,0
2020-04-07,"Northern Territory","NT",0,27,0,0,194,2999,0,27,0,3,0,24,0,0,0,0,0,0
2020-04-07,"Queensland","QLD",13,934,0,5,3344,61834,13,934,173,173,-1,42,1,13,1,11,0,0
2020-04-07,"South Australia","SA",4,415,1,1,528,33831,4,415,43,89,-4,16,0,10,0,0,0,0
2020-04-07,"Tasmania","TAS",9,98,1,3,220,3192,9,98,30,30,2,13,0,2,0,0,0,0
2020-04-07,"Victoria","VIC",33,1191,1,11,1000,58000,33,1191,66,686,2,47,2,13,0,0,0,0
2020-04-07,"Western Australia","WA",10,470,2,6,475,19201,10,470,8,170,-4,54,-3,15,0,0,0,0
2020-04-08,"Australian Capital Territory","ACT",2,99,0,2,182,5679,2,99,5,47,-2,4,0,3,0,2,0,0
2020-04-08,"New South Wales","NSW",48,2734,0,21,2945,129091,48,2734,0,1356,-11,92,-1,36,-1,23,0,0
2020-04-08,"Northern Territory","NT",0,27,0,0,63,3062,0,27,0,3,0,24,0,0,0,0,0,0
2020-04-08,"Queensland","QLD",9,943,0,5,1718,63552,9,943,172,345,-7,35,-2,11,0,11,0,0
2020-04-08,"South Australia","SA",5,420,1,2,762,34593,5,420,31,120,0,16,-2,8,0,0,0,0
2020-04-08,"Tasmania","TAS",9,107,0,3,103,3295,9,107,8,38,0,13,0,2,0,0,0,0
2020-04-08,"Victoria","VIC",21,1212,1,12,2000,60000,21,1212,50,736,-2,45,-1,12,0,0,0,0
2020-04-08,"Western Australia","WA",11,481,0,6,895,20096,11,481,0,170,-20,34,0,15,0,0,0,0
2020-04-09,"Australian Capital Territory","ACT",1,100,0,2,123,5802,1,100,7,54,-1,3,-1,2,0,2,0,0
2020-04-09,"New South Wales","NSW",39,2773,0,21,3906,132997,39,2773,0,1356,-4,88,-5,31,-1,22,0,0
2020-04-09,"Northern Territory","NT",0,27,0,0,112,3174,0,27,0,3,0,24,0,0,0,0,0,0
2020-04-09,"Queensland","QLD",10,953,0,5,3214,66766,10,953,27,372,-2,33,1,12,1,12,0,0
2020-04-09,"South Australia","SA",1,421,1,3,693,35286,1,421,45,165,-1,15,-2,6,0,0,0,0
2020-04-09,"Tasmania","TAS",4,111,0,3,102,3397,4,111,8,46,2,15,0,2,0,0,0,0
2020-04-09,"Victoria","VIC",16,1228,0,12,2000,62000,16,1228,70,806,5,50,1,13,0,0,0,0
2020-04-09,"Western Australia","WA",14,495,0,6,616,20712,14,495,17,187,0,34,0,15,0,0,0,0
2020-04-10,"Australian Capital Territory","ACT",3,103,0,2,215,6017,3,103,5,59,1,4,0,2,0,2,0,0
2020-04-10,"New South Wales","NSW",49,2822,1,22,4444,137441,49,2822,0,1356,-5,83,-2,29,2,24,0,0
2020-04-10,"Northern Territory","NT",0,27,0,0,69,3243,0,27,0,3,0,24,0,0,0,0,0,0
2020-04-10,"Queensland","QLD",12,965,0,5,2428,69194,12,965,-4,368,3,36,0,12,0,12,0,0
2020-04-10,"South Australia","SA",7,428,0,3,430,35716,7,428,14,179,0,15,0,6,0,0,0,0
2020-04-10,"Tasmania","TAS",11,122,1,4,194,3591,11,122,2,48,-7,8,0,2,0,0,0,0
2020-04-10,"Victoria","VIC",13,1241,1,13,0,62000,13,1241,120,926,-7,43,0,13,0,0,0,0
2020-04-10,"Western Australia","WA",11,506,0,6,432,21144,11,506,16,203,-11,23,-5,10,0,0,0,0
2020-04-11,"Australian Capital Territory","ACT",0,103,0,2,86,6103,0,103,3,62,0,4,0,2,0,2,0,0
2020-04-11,"New South Wales","NSW",35,2857,1,23,649,138090,35,2857,0,1356,-5,78,1,30,0,24,0,0
2020-04-11,"Northern Territory","NT",0,27,0,0,57,3300,0,27,0,3,0,24,0,0,0,0,0,0
2020-04-11,"Queensland","QLD",9,974,0,5,2305,71499,9,974,0,368,-8,28,0,12,0,12,0,0
2020-04-11,"South Australia","SA",1,429,0,3,443,36159,1,429,46,225,0,15,1,7,0,0,0,0
2020-04-11,"Tasmania","TAS",11,133,0,4,0,3591,11,133,2,50,0,8,0,2,0,0,0,0
2020-04-11,"Victoria","VIC",24,1265,1,14,5000,67000,24,1265,60,986,1,44,2,15,0,0,0,0
2020-04-11,"Western Australia","WA",8,514,0,6,961,22105,8,514,13,216,16,39,2,12,0,0,0,0
2020-04-12,"Australian Capital Territory","ACT",-1,102,0,2,56,6159,-1,102,5,67,-1,3,0,2,0,2,0,0
2020-04-12,"New South Wales","NSW",-3,2854,1,24,3687,141777,-3,2854,0,1356,0,78,0,30,-2,22,0,0
2020-04-12,"Northern Territory","NT",0,27,0,0,55,3355,0,27,1,4,-2,22,0,0,0,0,0,0
2020-04-12,"Queensland","QLD",9,983,0,5,814,72313,9,983,0,368,2,30,0,12,-1,11,0,0
2020-04-12,"South Australia","SA",0,429,1,4,290,36449,0,429,14,239,-1,14,-1,6,0,0,0,0
2020-04-12,"Tasmania","TAS",11,144,1,5,179,3770,11,144,0,50,2,10,0,2,0,0,0,0
2020-04-12,"Victoria","VIC",3,1268,0,14,0,67000,3,1268,29,1015,0,44,-1,14,0,0,0,0
2020-04-12,"Western Australia","WA",3,517,0,6,1013,23118,3,517,23,239,-1,38,3,15,0,0,0,0
2020-04-13,"Australian Capital Territory","ACT",1,103,0,2,32,6191,1,103,5,72,0,3,0,2,-1,1,0,0
2020-04-13,"New South Wales","NSW",9,2863,2,26,2603,144380,9,2863,0,1356,-1,77,0,30,0,22,0,0
2020-04-13,"Northern Territory","NT",0,27,0,0,26,3381,0,27,0,4,0,22,0,0,0,0,0,0
2020-04-13,"Queensland","QLD",4,987,0,5,857,73170,4,987,74,442,-7,23,-1,11,0,11,0,0
2020-04-13,"South Australia","SA",2,431,0,4,255,36704,2,431,1,240,-1,13,0,6,0,0,0,0
2020-04-13,"Tasmania","TAS",6,150,0,5,605,4375,6,150,4,54,1,11,0,2,0,0,0,0
2020-04-13,"Victoria","VIC",13,1281,0,14,3000,70000,13,1281,60,1075,-4,40,0,14,12,12,0,0
2020-04-13,"Western Australia","WA",6,523,0,6,817,23935,6,523,12,251,0,38,-1,14,0,0,0,0
2020-04-14,"Australian Capital Territory","ACT",0,103,0,2,100,6291,0,103,3,75,0,3,0,2,0,1,0,0
2020-04-14,"New South Wales","NSW",7,2870,0,26,1429,145809,7,2870,0,1356,3,80,2,32,-2,20,0,0
2020-04-14,"Northern Territory","NT",0,27,0,0,61,3442,0,27,0,4,0,22,0,0,0,0,0,0
2020-04-14,"Queensland","QLD",11,998,0,5,843,74013,11,998,0,442,1,24,0,11,0,11,0,0
2020-04-14,"South Australia","SA",2,433,0,4,335,37039,2,433,13,253,-2,11,-2,4,0,0,0,0
2020-04-14,"Tasmania","TAS",15,165,1,6,127,4502,15,165,0,54,1,12,0,2,0,0,0,0
2020-04-14,"Victoria","VIC",10,1291,0,14,1000,71000,10,1291,43,1118,0,40,1,15,0,12,0,0
2020-04-14,"Western Australia","WA",4,527,0,6,462,24397,4,527,45,296,0,38,0,14,0,0,0,0
2020-04-15,"Australian Capital Territory","ACT",0,103,1,3,199,6490,0,103,2,77,-1,2,-1,1,0,1,0,0
2020-04-15,"New South Wales","NSW",205,3075,0,26,1305,147114,205,3075,0,1356,-7,73,-3,29,-1,19,0,0
2020-04-15,"Northern Territory","NT",0,27,0,0,47,3489,0,27,1,5,-1,21,0,0,0,0,0,0
2020-04-15,"Queensland","QLD",1,999,0,5,1467,75480,1,999,0,442,-1,23,0,11,-1,10,0,0
2020-04-15,"South Australia","SA",0,433,0,4,506,37545,0,433,26,279,-1,10,0,4,0,0,0,0
2020-04-15,"Tasmania","TAS",4,169,0,6,144,4646,4,169,0,54,1,13,0,2,0,0,0,0
2020-04-15,"Victoria","VIC",8,1299,0,14,1000,72000,8,1299,19,1137,-1,39,3,18,0,12,0,0
2020-04-15,"Western Australia","WA",5,532,0,6,216,24613,5,532,42,338,-5,33,-6,8,0,0,0,0
2020-04-16,"Australian Capital Territory","ACT",0,103,0,3,129,6619,0,103,2,79,0,2,0,1,-1,0,0,0
2020-04-16,"New South Wales","NSW",11,3086,0,26,3200,150314,11,3086,0,1356,-9,64,-3,26,1,20,0,0
2020-04-16,"Northern Territory","NT",0,27,0,0,32,3521,0,27,2,7,-1,20,0,0,0,0,0,0
2020-04-16,"Queensland","QLD",2,1001,0,5,2247,77727,2,1001,0,442,-2,21,0,11,-1,9,0,0
2020-04-16,"South Australia","SA",1,434,0,4,844,38389,1,434,29,308,0,10,0,4,0,0,0,0
2020-04-16,"Tasmania","TAS",11,180,0,6,164,4810,11,180,8,62,2,15,0,2,0,0,0,0
2020-04-16,"Victoria","VIC",2,1301,0,14,1000,73000,2,1301,16,1153,-3,36,-1,17,-3,9,0,0
2020-04-16,"Western Australia","WA",3,535,0,6,1010,25623,3,535,2,340,0,33,-2,6,0,0,0,0
2020-04-17,"Australian Capital Territory","ACT",0,103,0,3,135,6754,0,103,2,81,0,2,0,1,0,0,0,0
2020-04-17,"New South Wales","NSW",29,3115,0,26,4988,155302,29,3115,0,1356,-1,63,0,26,0,20,0,0
2020-04-17,"Northern Territory","NT",0,27,0,0,85,3606,0,27,2,9,-1,19,0,0,0,0,0,0
2020-04-17,"Queensland","QLD",6,1007,0,5,2500,80227,6,1007,0,442,-2,19,0,11,0,9,0,0
2020-04-17,"South Australia","SA",1,435,0,4,929,39318,1,435,23,331,-3,7,-3,1,0,0,0,0
2020-04-17,"Tasmania","TAS",4,184,1,7,288,5098,4,184,2,64,1,16,0,2,0,0,0,0
2020-04-17,"Victoria","VIC",1,1302,0,14,2000,75000,1,1302,6,1159,-4,32,-4,13,0,9,0,0
2020-04-17,"Western Australia","WA",6,541,1,7,602,26225,6,541,37,377,1,34,0,6,0,0,0,0
2020-04-18,"Australian Capital Territory","ACT",0,103,0,3,102,6856,0,103,7,88,-1,1,0,1,0,0,0,0
2020-04-18,"New South Wales","NSW",10,3125,1,27,5152,160454,10,3125,0,1356,-6,57,-1,25,-1,19,0,0
2020-04-18,"Northern Territory","NT",0,27,0,0,19,3625,0,27,1,10,-2,17,0,0,0,0,0,0
2020-04-18,"Queensland","QLD",8,1015,1,6,2536,82763,8,1015,296,738,3,22,-2,9,-2,7,0,0
2020-04-18,"South Australia","SA",0,435,0,4,1943,41261,0,435,15,346,0,7,0,1,0,0,0,0
2020-04-18,"Tasmania","TAS",4,188,1,8,278,5376,4,188,1,65,1,17,0,2,0,0,0,0
2020-04-18,"Victoria","VIC",17,1319,0,14,4000,79000,17,1319,13,1172,-2,30,-1,12,-1,8,0,0
2020-04-18,"Western Australia","WA",3,544,0,7,950,27175,3,544,11,388,-1,33,0,6,0,0,0,0
2020-04-19,"Australian Capital Territory","ACT",0,103,0,3,37,6893,0,103,1,89,0,1,-1,0,0,0,0,0
2020-04-19,"New South Wales","NSW",21,3146,1,28,4683,165137,21,3146,0,1356,0,57,-4,21,-1,18,0,0
2020-04-19,"Northern Territory","NT",0,27,0,0,88,3713,0,27,1,11,-1,16,0,0,0,0,0,0
2020-04-19,"Queensland","QLD",4,1019,0,6,1972,84735,4,1019,0,738,0,22,-1,8,0,7,0,0
2020-04-19,"South Australia","SA",0,435,0,4,2049,43310,0,435,8,354,0,7,0,1,0,0,0,0
2020-04-19,"Tasmania","TAS",9,197,0,8,944,6320,9,197,3,68,1,18,0,2,0,0,0,0
2020-04-19,"Victoria","VIC",9,1328,1,15,3000,82000,9,1328,16,1188,-1,29,-2,10,0,8,0,0
2020-04-19,"Western Australia","WA",1,545,0,7,1713,28888,1,545,38,426,-5,28,0,6,0,0,0,0
2020-04-20,"Australian Capital Territory","ACT",1,104,0,3,170,7063,1,104,2,91,0,1,0,0,0,0,0,0
2020-04-20,"New South Wales","NSW",6,3152,1,29,3489,168626,6,3152,0,1356,-4,53,1,22,-2,16,0,0
2020-04-20,"Northern Territory","NT",0,27,0,0,18,3731,0,27,0,11,0,16,0,0,0,0,0,0
2020-04-20,"Queensland","QLD",0,1019,0,6,1135,85870,0,1019,0,738,-2,20,-1,7,0,7,0,0
2020-04-20,"South Australia","SA",0,435,0,4,968,44278,0,435,9,363,-1,6,0,1,0,0,0,0
2020-04-20,"Tasmania","TAS",5,202,0,8,377,6697,5,202,0,68,1,19,0,2,0,0,0,0
2020-04-20,"Victoria","VIC",1,1329,0,15,4000,86000,1,1329,8,1196,-1,28,1,11,1,9,0,0
2020-04-20,"Western Australia","WA",0,545,0,7,581,29469,0,545,9,435,-1,27,0,6,0,0,0,0
2020-04-21,"Australian Capital Territory","ACT",0,104,0,3,63,7126,0,104,1,92,0,1,0,0,0,0,0,0
2020-04-21,"New South Wales","NSW",6,3158,0,29,2502,171128,6,3158,399,1755,2,55,-1,21,2,18,0,0
2020-04-21,"Northern Territory","NT",0,27,0,0,79,3810,0,27,4,15,-2,14,0,0,0,0,0,0
2020-04-21,"Queensland","QLD",5,1024,0,6,1600,87470,5,1024,0,738,1,21,0,7,-1,6,0,0
2020-04-21,"South Australia","SA",2,437,0,4,1217,45495,2,437,13,376,-1,5,0,1,0,0,0,0
2020-04-21,"Tasmania","TAS",1,203,0,8,4,6701,1,203,6,74,-2,17,-1,1,0,0,0,0
2020-04-21,"Victoria","VIC",7,1336,0,15,2000,88000,7,1336,6,1202,0,28,1,12,0,9,0,0
2020-04-21,"Western Australia","WA",1,546,0,7,643,30112,1,546,8,443,-1,26,-1,5,0,0,0,0
2020-04-22,"Australian Capital Territory","ACT",0,104,0,3,130,7256,0,104,1,93,0,1,0,0,0,0,0,0
2020-04-22,"New South Wales","NSW",2,3160,3,32,4291,175419,2,3160,171,1926,-5,50,-1,20,-1,17,0,0
2020-04-22,"Northern Territory","NT",0,27,0,0,162,3972,0,27,1,16,0,14,0,0,0,0,0,0
2020-04-22,"Queensland","QLD",0,1024,0,6,2698,90168,0,1024,0,738,-1,20,0,7,0,6,0,0
2020-04-22,"South Australia","SA",1,438,0,4,1743,47238,1,438,12,388,-1,4,0,1,0,0,0,0
2020-04-22,"Tasmania","TAS",4,207,0,8,547,7248,4,207,6,80,1,18,0,1,0,0,0,0
2020-04-22,"Victoria","VIC",0,1336,0,15,2000,90000,0,1336,41,1243,2,30,1,13,-1,8,0,0
2020-04-22,"Western Australia","WA",0,546,0,7,1028,31140,0,546,8,451,-1,25,0,5,0,0,0,0
2020-04-23,"Australian Capital Territory","ACT",0,104,0,3,111,7367,0,104,0,93,0,1,0,0,0,0,0,0
2020-04-23,"New South Wales","NSW",5,3165,0,32,5645,181064,5,3165,80,2006,-3,47,1,21,-1,16,0,0
2020-04-23,"Northern Territory","NT",0,27,0,0,73,4045,0,27,0,16,-1,13,0,0,0,0,0,0
2020-04-23,"Queensland","QLD",2,1026,0,6,2531,92699,2,1026,0,738,0,20,0,7,0,6,0,0
2020-04-23,"South Australia","SA",0,438,0,4,1489,48727,0,438,6,394,0,4,1,2,0,0,0,0
2020-04-23,"Tasmania","TAS",0,207,0,8,359,7607,0,207,9,89,-2,16,0,1,0,0,0,0
2020-04-23,"Victoria","VIC",1,1337,1,16,3000,93000,1,1337,8,1251,-3,27,-3,10,-1,7,0,0
2020-04-23,"Western Australia","WA",0,546,0,7,1010,32150,0,546,7,458,-1,24,0,5,0,0,0,0
2020-04-24,"Australian Capital Territory","ACT",1,105,0,3,73,7440,1,105,4,97,0,1,0,0,0,0,0,0
2020-04-24,"New South Wales","NSW",6,3171,1,33,7352,188416,6,3171,50,2056,-4,43,-2,19,-1,15,0,0
2020-04-24,"Northern Territory","NT",0,27,0,0,75,4120,0,27,4,20,-3,10,0,0,0,0,0,0
2020-04-24,"Queensland","QLD",0,1026,0,6,2278,94977,0,1026,0,738,-2,18,-1,6,0,6,0,0
2020-04-24,"South Australia","SA",0,438,0,4,1669,50396,0,438,7,401,0,4,0,2,0,0,0,0
2020-04-24,"Tasmania","TAS",2,209,1,9,276,7883,2,209,17,106,0,16,-1,0,0,0,0,0
2020-04-24,"Victoria","VIC",6,1343,0,16,3000,96000,6,1343,3,1254,0,27,1,11,0,7,0,0
2020-04-24,"Western Australia","WA",2,548,1,8,988,33138,2,548,6,464,-4,20,-1,4,0,0,0,0
2020-04-25,"Australian Capital Territory","ACT",1,106,0,3,298,7738,1,106,1,98,0,1,1,1,0,0,0,0
2020-04-25,"New South Wales","NSW",12,3183,1,34,4840,193256,12,3183,137,2193,-4,39,0,19,0,15,0,0
2020-04-25,"Northern Territory","NT",0,27,0,0,69,4189,0,27,0,20,-5,5,0,0,0,0,0,0
2020-04-25,"Queensland","QLD",0,1026,0,6,2080,97057,0,1026,65,803,0,18,0,6,0,6,0,0
2020-04-25,"South Australia","SA",0,438,0,4,1140,51536,0,438,1,402,0,4,0,2,0,0,0,0
2020-04-25,"Tasmania","TAS",1,210,1,10,399,8282,1,210,11,117,-2,14,0,0,0,0,0,0
2020-04-25,"Victoria","VIC",3,1346,0,16,2000,98000,3,1346,8,1262,-3,24,0,11,0,7,0,0
2020-04-25,"Western Australia","WA",1,549,0,8,1061,34199,1,549,14,478,4,24,0,4,0,0,0,0
2020-04-26,"Australian Capital Territory","ACT",0,106,0,3,148,7886,0,106,1,99,0,1,0,1,0,0,0,0
2020-04-26,"New South Wales","NSW",8,3191,1,35,5459,198715,8,3191,15,2208,-2,37,0,19,0,15,0,0
2020-04-26,"Northern Territory","NT",0,27,0,0,42,4231,0,27,3,23,0,5,0,0,0,0,0,0
2020-04-26,"Queensland","QLD",4,1030,0,6,1365,98422,4,1030,123,926,0,18,0,6,-1,5,0,0
2020-04-26,"South Australia","SA",0,438,0,4,1135,52671,0,438,9,411,0,4,0,2,0,0,0,0
2020-04-26,"Tasmania","TAS",4,214,1,11,437,8719,4,214,6,123,-1,13,1,1,0,0,0,0
2020-04-26,"Victoria","VIC",3,1349,1,17,3000,101000,3,1349,3,1265,-3,21,-1,10,-2,5,0,0
2020-04-26,"Western Australia","WA",0,549,0,8,606,34805,0,549,8,486,-8,16,0,4,0,0,0,0
2020-04-27,"Australian Capital Territory","ACT",0,106,0,3,216,8102,0,106,1,100,0,1,0,1,0,0,0,0
2020-04-27,"New South Wales","NSW",2,3193,0,35,4416,203131,2,3193,19,2227,-2,35,0,19,0,15,0,0
2020-04-27,"Northern Territory","NT",0,27,0,0,14,4245,0,27,0,23,0,5,0,0,0,0,0,0
2020-04-27,"Queensland","QLD",3,1033,0,6,1105,99527,3,1033,0,926,-3,15,0,6,1,6,0,0
2020-04-27,"South Australia","SA",0,438,0,4,612,53283,0,438,3,414,0,4,0,2,0,0,0,0
2020-04-27,"Tasmania","TAS",2,216,0,11,665,9384,2,216,9,132,1,14,0,1,0,0,0,0
2020-04-27,"Victoria","VIC",0,1349,0,17,3000,104000,0,1349,15,1280,2,23,1,11,1,6,0,0
2020-04-27,"Western Australia","WA",0,549,0,8,586,35391,0,549,0,486,0,16,0,4,0,0,0,0
2020-04-28,"Australian Capital Territory","ACT",0,106,0,3,246,8348,0,106,1,101,0,1,0,1,0,0,0,0
2020-04-28,"New South Wales","NSW",5,3198,1,36,4114,207245,5,3198,16,2243,-2,33,0,19,0,15,0,0
2020-04-28,"Northern Territory","NT",0,27,0,0,93,4338,0,27,0,23,0,5,0,0,0,0,0,0
2020-04-28,"Queensland","QLD",0,1033,0,6,2240,101767,0,1033,8,934,-1,14,0,6,0,6,0,0
2020-04-28,"South Australia","SA",0,438,0,4,799,54082,0,438,6,420,0,4,0,2,0,0,0,0
2020-04-28,"Tasmania","TAS",4,220,0,11,761,10145,4,220,3,135,0,14,-1,0,0,0,0,0
2020-04-28,"Victoria","VIC",2,1351,0,17,5049,109049,2,1351,-1,1279,0,23,0,11,0,6,0,0
2020-04-28,"Western Australia","WA",1,550,0,8,314,35705,1,550,9,495,0,16,0,4,0,0,0,0
2020-04-29,"Australian Capital Territory","ACT",0,106,0,3,94,8442,0,106,0,101,-1,0,-1,0,0,0,0,0
2020-04-29,"New South Wales","NSW",7,3205,4,40,5414,212659,7,3205,23,2266,-5,28,-2,17,-1,14,0,0
2020-04-29,"Northern Territory","NT",0,27,0,0,83,4421,0,27,2,25,-2,3,0,0,0,0,0,0
2020-04-29,"Queensland","QLD",1,1034,0,6,3183,104950,1,1034,0,934,-2,12,0,6,0,6,0,0
2020-04-29,"South Australia","SA",0,438,0,4,1335,55417,0,438,0,420,0,4,0,2,0,0,0,0
2020-04-29,"Tasmania","TAS",1,221,0,11,753,10898,1,221,2,137,0,14,0,0,0,0,0,0
2020-04-29,"Victoria","VIC",3,1354,1,18,2043,111092,3,1354,8,1287,-4,19,-2,9,0,6,0,0
2020-04-29,"Western Australia","WA",1,551,0,8,826,36531,1,551,5,500,-2,14,0,4,0,0,0,0
2020-04-30,"Australian Capital Territory","ACT",0,106,0,3,232,8674,0,106,2,103,0,0,0,0,0,0,0,0
2020-04-30,"New South Wales","NSW",0,3205,1,41,7387,220046,0,3205,18,2284,-1,27,-2,15,-1,13,0,0
2020-04-30,"Northern Territory","NT",0,27,0,0,111,4532,0,27,0,25,0,3,0,0,0,0,0,0
2020-04-30,"Queensland","QLD",-1,1033,0,6,3187,108137,-1,1033,9,943,-1,11,0,6,-2,4,0,0
2020-04-30,"South Australia","SA",0,438,0,4,2006,57423,0,438,0,420,-1,3,-1,1,0,0,0,0
2020-04-30,"Tasmania","TAS",2,223,1,12,1011,11909,2,223,7,144,0,14,0,0,0,0,0,0
2020-04-30,"Victoria","VIC",7,1361,0,18,4026,115118,7,1361,4,1291,-1,18,0,9,-1,5,0,0
2020-04-30,"Western Australia","WA",0,551,0,8,1271,37802,0,551,7,507,-1,13,-1,3,0,0,0,0
2020-05-01,"Australian Capital Territory","ACT",0,106,0,3,307,8981,0,106,0,103,0,0,0,0,0,0,0,0
2020-05-01,"New South Wales","NSW",10,3215,1,42,7038,227084,10,3215,9,2293,0,27,-1,14,-1,12,0,0
2020-05-01,"Northern Territory","NT",0,27,0,0,111,4643,0,27,-1,24,0,3,0,0,0,0,0,0
2020-05-01,"Queensland","QLD",0,1033,0,6,2880,111017,0,1033,5,948,0,11,-2,4,0,4,0,0
2020-05-01,"South Australia","SA",0,438,0,4,1247,58670,0,438,2,422,0,3,0,1,0,0,0,0
2020-05-01,"Tasmania","TAS",0,223,1,13,1065,12974,0,223,9,153,-2,12,0,0,0,0,0,0
2020-05-01,"Victoria","VIC",3,1364,0,18,8589,123707,3,1364,2,1293,-2,16,-2,7,0,5,0,0
2020-05-01,"Western Australia","WA",0,551,0,8,3990,41792,0,551,4,511,-2,11,0,3,0,0,0,0
2020-05-02,"Australian Capital Territory","ACT",0,106,0,3,262,9243,0,106,0,103,0,0,0,0,0,0,0,0
2020-05-02,"New South Wales","NSW",5,3220,0,42,8810,235894,5,3220,7,2300,1,28,0,14,0,12,0,0
2020-05-02,"Northern Territory","NT",2,29,0,0,78,4721,2,29,0,24,2,5,0,0,0,0,0,0
2020-05-02,"Queensland","QLD",1,1034,0,6,2584,113601,1,1034,17,965,-1,10,0,4,0,4,0,0
2020-05-02,"South Australia","SA",0,438,0,4,1165,59835,0,438,5,427,0,3,-1,0,0,0,0,0
2020-05-02,"Tasmania","TAS",0,223,0,13,855,13829,0,223,4,157,1,13,0,0,0,0,0,0
2020-05-02,"Victoria","VIC",7,1371,0,18,5521,129228,7,1371,7,1300,-4,12,0,7,0,5,0,0
2020-05-02,"Western Australia","WA",0,551,0,8,3440,45232,0,551,9,520,-3,8,0,3,0,0,0,0
2020-05-03,"Australian Capital Territory","ACT",0,106,0,3,159,9402,0,106,0,103,0,0,0,0,0,0,0,0
2020-05-03,"New South Wales","NSW",4,3224,1,43,7234,243128,4,3224,6,2306,-1,27,0,14,-1,11,0,0
2020-05-03,"Northern Territory","NT",0,29,0,0,107,4828,0,29,0,24,0,5,0,0,0,0,0,0
2020-05-03,"Queensland","QLD",1,1035,0,6,1997,115598,1,1035,11,976,-1,9,0,4,0,4,0,0
2020-05-03,"South Australia","SA",0,438,0,4,934,60769,0,438,0,427,0,3,0,0,0,0,0,0
2020-05-03,"Tasmania","TAS",0,223,0,13,953,14782,0,223,1,158,-2,11,0,0,0,0,0,0
2020-05-03,"Victoria","VIC",13,1384,0,18,9205,138433,13,1384,0,1300,0,12,0,7,0,5,0,0
2020-05-03,"Western Australia","WA",0,551,1,9,935,46167,0,551,3,523,0,8,0,3,0,0,0,0
2020-05-04,"Australian Capital Territory","ACT",1,107,0,3,226,9628,1,107,0,103,0,0,0,0,0,0,0,0
2020-05-04,"New South Wales","NSW",-2,3222,0,43,5571,248699,-2,3222,22,2328,0,27,0,14,-1,10,0,0
2020-05-04,"Northern Territory","NT",0,29,0,0,27,4855,0,29,0,24,0,5,0,0,0,0,0,0
2020-05-04,"Queensland","QLD",3,1038,0,6,1052,116650,3,1038,4,980,0,9,0,4,-1,3,0,0
2020-05-04,"South Australia","SA",0,438,0,4,567,61336,0,438,0,427,0,3,0,0,0,0,0,0
2020-05-04,"Tasmania","TAS",0,223,0,13,574,15356,0,223,6,164,-3,8,1,1,1,1,0,0
2020-05-04,"Victoria","VIC",22,1406,0,18,8228,146661,22,1406,10,1310,-1,11,-1,6,1,6,0,0
2020-05-04,"Western Australia","WA",0,551,0,9,862,47029,0,551,4,527,-1,7,0,3,0,0,0,0
2020-05-05,"Australian Capital Territory","ACT",0,107,0,3,201,9829,0,107,0,103,0,0,0,0,0,0,0,0
2020-05-05,"New South Wales","NSW",2,3224,2,45,5296,253995,2,3224,21,2349,-2,25,-1,13,1,11,0,0
2020-05-05,"Northern Territory","NT",0,29,0,0,70,4925,0,29,2,26,-2,3,0,0,0,0,0,0
2020-05-05,"Queensland","QLD",5,1043,0,6,1071,117721,5,1043,0,980,0,9,0,4,0,3,0,0
2020-05-05,"South Australia","SA",0,438,0,4,803,62139,0,438,1,428,-1,2,0,0,0,0,0,0
2020-05-05,"Tasmania","TAS",2,225,0,13,661,16017,2,225,1,165,0,8,0,1,0,1,0,0
2020-05-05,"Victoria","VIC",17,1423,0,18,5316,151977,17,1423,1,1311,1,12,0,6,-1,5,0,0
2020-05-05,"Western Australia","WA",0,551,0,9,1124,48153,0,551,1,528,0,7,0,3,0,0,0,0
2020-05-06,"Australian Capital Territory","ACT",0,107,0,3,273,10102,0,107,0,103,0,0,0,0,0,0,0,0
2020-05-06,"New South Wales","NSW",7,3231,0,45,7256,261251,7,3231,69,2418,0,25,0,13,-2,9,0,0
2020-05-06,"Northern Territory","NT",0,29,0,0,78,5003,0,29,0,26,0,3,0,0,0,0,0,0
2020-05-06,"Queensland","QLD",0,1043,0,6,2483,120204,0,1043,5,985,0,9,0,4,0,3,0,0
2020-05-06,"South Australia","SA",0,438,0,4,1512,63651,0,438,2,430,0,2,0,0,0,0,0,0
2020-05-06,"Tasmania","TAS",0,225,0,13,459,16476,0,225,3,168,0,8,0,1,0,1,0,0
2020-05-06,"Victoria","VIC",17,1440,0,18,10100,162077,17,1440,10,1321,-4,8,0,6,0,5,0,0
2020-05-06,"Western Australia","WA",0,551,0,9,1739,49892,0,551,0,528,0,7,0,3,0,0,0,0
2020-05-07,"Australian Capital Territory","ACT",0,107,0,3,376,10478,0,107,0,103,0,0,0,0,0,0,0,0
2020-05-07,"New South Wales","NSW",2,3233,0,45,10545,271796,2,3233,45,2463,-1,24,-3,10,-1,8,0,0
2020-05-07,"Northern Territory","NT",0,29,0,0,114,5117,0,29,1,27,-1,2,0,0,0,0,0,0
2020-05-07,"Queensland","QLD",2,1045,0,6,4694,124898,2,1045,4,989,-1,8,-1,3,0,3,0,0
2020-05-07,"South Australia","SA",1,439,0,4,1516,65167,1,439,3,433,0,2,0,0,0,0,0,0
2020-05-07,"Tasmania","TAS",2,227,0,13,758,17234,2,227,2,170,0,8,0,1,0,1,0,0
2020-05-07,"Victoria","VIC",15,1455,0,18,14430,176507,15,1455,1,1322,0,8,0,6,0,5,0,0
2020-05-07,"Western Australia","WA",0,551,0,9,1460,51352,0,551,3,531,-1,6,0,3,0,0,0,0
2020-05-08,"Australian Capital Territory","ACT",0,107,0,3,479,10957,0,107,0,103,0,0,0,0,0,0,0,0
2020-05-08,"New South Wales","NSW",3,3236,0,45,9461,281257,3,3236,23,2486,-1,23,0,10,0,8,0,0
2020-05-08,"Northern Territory","NT",0,29,0,0,150,5267,0,29,0,27,0,2,0,0,0,0,0,0
2020-05-08,"Queensland","QLD",0,1045,0,6,4297,129195,0,1045,5,994,1,9,0,3,0,3,0,0
2020-05-08,"South Australia","SA",0,439,0,4,1510,66677,0,439,0,433,0,2,0,0,0,0,0,0
2020-05-08,"Tasmania","TAS",0,227,0,13,573,17807,0,227,5,175,0,8,0,1,0,1,0,0
2020-05-08,"Victoria","VIC",14,1469,0,18,16758,193265,14,1469,10,1332,0,8,0,6,-1,4,0,0
2020-05-08,"Western Australia","WA",1,552,0,9,1473,52825,1,552,3,534,-2,4,-2,1,0,0,0,0
2020-05-09,"Australian Capital Territory","ACT",0,107,0,3,317,11274,0,107,0,103,0,0,0,0,0,0,0,0
2020-05-09,"New South Wales","NSW",4,3240,0,45,13692,294949,4,3240,18,2504,-3,20,-2,8,-1,7,0,0
2020-05-09,"Northern Territory","NT",0,29,0,0,122,5389,0,29,0,27,0,2,0,0,0,0,0,0
2020-05-09,"Queensland","QLD",0,1045,0,6,3821,133016,0,1045,25,1019,0,9,0,3,0,3,0,0
2020-05-09,"South Australia","SA",0,439,0,4,1335,68012,0,439,0,433,-1,1,0,0,0,0,0,0
2020-05-09,"Tasmania","TAS",0,227,0,13,541,18348,0,227,4,179,0,8,0,1,0,1,0,0
2020-05-09,"Victoria","VIC",10,1479,0,18,16640,209905,10,1479,4,1336,-1,7,0,6,0,4,0,0
2020-05-09,"Western Australia","WA",0,552,0,9,1738,54563,0,552,2,536,0,4,0,1,0,0,0,0
2020-05-10,"Australian Capital Territory","ACT",0,107,0,3,463,11737,0,107,1,104,0,0,0,0,0,0,0,0
2020-05-10,"New South Wales","NSW",2,3242,0,45,9515,304464,2,3242,11,2515,-7,13,0,8,0,7,0,0
2020-05-10,"Northern Territory","NT",0,29,0,0,106,5495,0,29,0,27,0,2,0,0,0,0,0,0
2020-05-10,"Queensland","QLD",0,1045,0,6,2790,135806,0,1045,0,1019,-1,8,0,3,0,3,0,0
2020-05-10,"South Australia","SA",0,439,0,4,1166,69178,0,439,1,434,0,1,0,0,0,0,0,0
2020-05-10,"Tasmania","TAS",0,227,0,13,197,18545,0,227,6,185,0,8,0,1,0,1,0,0
2020-05-10,"Victoria","VIC",10,1489,0,18,16984,226889,10,1489,10,1346,0,7,-1,5,0,4,0,0
2020-05-10,"Western Australia","WA",0,552,0,9,1195,55758,0,552,0,536,0,4,0,1,0,0,0,0
2020-05-11,"Australian Capital Territory","ACT",0,107,0,3,202,11939,0,107,0,104,0,0,0,0,0,0,0,0
2020-05-11,"New South Wales","NSW",0,3242,0,45,5258,309722,0,3242,2,2517,7,20,-1,7,0,7,0,0
2020-05-11,"Northern Territory","NT",0,29,0,0,32,5527,0,29,0,27,0,2,0,0,0,0,0,0
2020-05-11,"Queensland","QLD",0,1045,0,6,1203,137009,0,1045,2,1021,-1,7,0,3,0,3,0,0
2020-05-11,"South Australia","SA",0,439,0,4,969,70147,0,439,0,434,0,1,0,0,0,0,0,0
2020-05-11,"Tasmania","TAS",0,227,0,13,806,19351,0,227,-2,183,0,8,-1,0,-1,0,0,0
2020-05-11,"Victoria","VIC",7,1496,0,18,18437,245326,7,1496,14,1360,0,7,0,5,0,4,0,0
2020-05-11,"Western Australia","WA",0,552,0,9,340,56098,0,552,0,536,0,4,0,1,0,0,0,0
2020-05-12,"Australian Capital Territory","ACT",0,107,0,3,428,12367,0,107,0,104,0,0,0,0,0,0,0,0
2020-05-12,"New South Wales","NSW",0,3242,0,45,6048,315770,0,3242,26,2543,-1,19,1,8,1,8,0,0
2020-05-12,"Northern Territory","NT",0,29,0,0,119,5646,0,29,0,27,0,2,0,0,0,0,0,0
2020-05-12,"Queensland","QLD",6,1051,0,6,1883,138892,6,1051,6,1027,0,7,0,3,0,3,0,0
2020-05-12,"South Australia","SA",0,439,0,4,889,71036,0,439,0,434,0,1,0,0,0,0,0,0
2020-05-12,"Tasmania","TAS",0,227,0,13,188,19539,0,227,2,185,0,8,0,0,0,0,0,0
2020-05-12,"Victoria","VIC",13,1509,0,18,13125,258451,13,1509,16,1376,1,8,-1,4,0,4,0,0
2020-05-12,"Western Australia","WA",1,553,0,9,128,56226,1,553,1,537,-2,2,0,1,0,0,0,0
2020-05-13,"Australian Capital Territory","ACT",0,107,0,3,270,12637,0,107,0,104,0,0,0,0,0,0,0,0
2020-05-13,"New South Wales","NSW",6,3248,1,46,8117,323887,6,3248,28,2571,3,22,-1,7,-1,7,0,0
2020-05-13,"Northern Territory","NT",0,29,0,0,113,5759,0,29,0,27,0,2,0,0,0,0,0,0
2020-05-13,"Queensland","QLD",0,1051,0,6,3148,142040,0,1051,1,1028,0,7,0,3,0,3,0,0
2020-05-13,"South Australia","SA",0,439,0,4,1689,72725,0,439,0,434,0,1,0,0,0,0,0,0
2020-05-13,"Tasmania","TAS",0,227,0,13,549,20088,0,227,2,187,0,8,0,0,0,0,0,0
2020-05-13,"Victoria","VIC",5,1514,0,18,14804,273255,5,1514,9,1385,1,9,2,6,0,4,0,0
2020-05-13,"Western Australia","WA",0,553,0,9,2408,58634,0,553,1,538,-1,1,0,1,0,0,0,0
2020-05-14,"Australian Capital Territory","ACT",0,107,0,3,429,13066,0,107,0,104,0,0,0,0,0,0,0,0
2020-05-14,"New South Wales","NSW",4,3252,0,46,9747,333634,4,3252,24,2595,1,23,1,8,-1,6,0,0
2020-05-14,"Northern Territory","NT",0,29,0,0,0,5759,0,29,0,27,0,2,0,0,0,0,0,0
2020-05-14,"Queensland","QLD",1,1052,0,6,3142,145182,1,1052,1,1029,0,7,0,3,0,3,0,0
2020-05-14,"South Australia","SA",0,439,0,4,1568,74293,0,439,0,434,0,1,0,0,0,0,0,0
2020-05-14,"Tasmania","TAS",0,227,0,13,569,20657,0,227,0,187,0,8,0,0,0,0,0,0
2020-05-14,"Victoria","VIC",9,1523,0,18,16186,289441,9,1523,0,1385,0,9,0,6,0,4,0,0
2020-05-14,"Western Australia","WA",1,554,0,9,2633,61267,1,554,0,538,0,1,0,1,0,0,0,0
2020-05-15,"Australian Capital Territory","ACT",0,107,0,3,427,13493,0,107,0,104,0,0,0,0,0,0,0,0
2020-05-15,"New South Wales","NSW",8,3260,0,46,12212,345846,8,3260,10,2605,-1,22,-1,7,-1,5,0,0
2020-05-15,"Northern Territory","NT",0,29,0,0,357,6116,0,29,0,27,0,2,0,0,0,0,0,0
2020-05-15,"Queensland","QLD",2,1054,0,6,3425,148607,2,1054,1,1030,-1,6,0,3,0,3,0,0
2020-05-15,"South Australia","SA",0,439,0,4,1665,75958,0,439,1,435,0,1,0,0,0,0,0,0
2020-05-15,"Tasmania","TAS",1,228,0,13,432,21089,1,228,3,190,-2,6,0,0,0,0,0,0
2020-05-15,"Victoria","VIC",20,1543,0,18,20018,309459,20,1543,22,1407,0,9,1,7,1,5,0,0
2020-05-15,"Western Australia","WA",0,554,0,9,1981,63248,0,554,0,538,0,1,0,1,0,0,0,0
2020-05-16,"Australian Capital Territory","ACT",0,107,0,3,361,13854,0,107,0,104,0,0,0,0,0,0,0,0
2020-05-16,"New South Wales","NSW",3,3263,0,46,9892,355738,3,3263,6,2611,0,22,-1,6,-2,3,0,0
2020-05-16,"Northern Territory","NT",0,29,0,0,142,6258,0,29,0,27,0,2,0,0,0,0,0,0
2020-05-16,"Queensland","QLD",1,1055,0,6,3247,151854,1,1055,6,1036,-1,5,0,3,0,3,0,0
2020-05-16,"South Australia","SA",0,439,0,4,1770,77728,0,439,0,435,0,1,0,0,0,0,0,0
2020-05-16,"Tasmania","TAS",0,228,0,13,515,21604,0,228,5,195,1,7,0,0,0,0,0,0
2020-05-16,"Victoria","VIC",11,1554,0,18,14511,323970,11,1554,10,1417,2,11,0,7,1,6,0,0
2020-05-16,"Western Australia","WA",2,556,0,9,1398,64646,2,556,3,541,0,1,-1,0,0,0,0,0
2020-05-17,"Australian Capital Territory","ACT",0,107,0,3,204,14058,0,107,0,104,0,0,0,0,0,0,0,0
2020-05-17,"New South Wales","NSW",1,3264,0,46,7104,362842,1,3264,1,2612,0,22,1,7,1,4,0,0
2020-05-17,"Northern Territory","NT",0,29,0,0,112,6370,0,29,0,27,0,2,0,0,0,0,0,0
2020-05-17,"Queensland","QLD",0,1055,0,6,2366,154220,0,1055,1,1037,0,5,-1,2,-1,2,0,0
2020-05-17,"South Australia","SA",0,439,0,4,1105,78833,0,439,0,435,0,1,0,0,0,0,0,0
2020-05-17,"Tasmania","TAS",0,228,0,13,282,21886,0,228,0,195,1,8,0,0,0,0,0,0
2020-05-17,"Victoria","VIC",7,1561,0,18,14249,338219,7,1561,0,1417,0,11,0,7,0,6,0,0
2020-05-17,"Western Australia","WA",0,556,0,9,1052,65698,0,556,1,542,0,1,0,0,0,0,0,0
2020-05-18,"Australian Capital Territory","ACT",0,107,0,3,232,14290,0,107,0,104,0,0,0,0,0,0,0,0
2020-05-18,"New South Wales","NSW",1,3265,1,47,9039,371881,1,3265,0,2612,0,22,-1,6,-2,2,0,0
2020-05-18,"Northern Territory","NT",0,29,0,0,47,6417,0,29,0,27,0,2,0,0,0,0,0,0
2020-05-18,"Queensland","QLD",2,1057,0,6,1535,155755,2,1057,1,1038,-1,4,-1,1,-1,1,0,0
2020-05-18,"South Australia","SA",0,439,0,4,783,79616,0,439,0,435,0,1,0,0,0,0,0,0
2020-05-18,"Tasmania","TAS",0,228,0,13,360,22246,0,228,2,197,-2,6,0,0,0,0,0,0
2020-05-18,"Victoria","VIC",6,1567,0,18,7071,345290,6,1567,22,1439,-2,9,-2,5,-2,4,0,0
2020-05-18,"Western Australia","WA",0,556,0,9,841,66539,0,556,2,544,0,1,0,0,0,0,0,0
2020-05-19,"Australian Capital Territory","ACT",0,107,0,3,158,14448,0,107,0,104,0,0,0,0,0,0,0,0
2020-05-19,"New South Wales","NSW",2,3267,0,47,5304,377185,2,3267,2,2614,0,22,-1,5,0,2,0,0
2020-05-19,"Northern Territory","NT",0,29,0,0,100,6517,0,29,0,27,0,2,0,0,0,0,0,0
2020-05-19,"Queensland","QLD",0,1057,0,6,2886,158641,0,1057,1,1039,0,4,0,1,0,1,0,0
2020-05-19,"South Australia","SA",0,439,0,4,1097,80713,0,439,0,435,0,1,0,0,0,0,0,0
2020-05-19,"Tasmania","TAS",0,228,0,13,351,22597,0,228,1,198,0,6,0,0,0,0,0,0
2020-05-19,"Victoria","VIC",6,1573,0,18,12830,358120,6,1573,15,1454,2,11,0,5,0,4,0,0
2020-05-19,"Western Australia","WA",0,556,0,9,1110,67649,0,556,0,544,0,1,0,0,0,0,0,0
2020-05-20,"Australian Capital Territory","ACT",0,107,0,3,264,14712,0,107,0,104,0,0,0,0,0,0,0,0
2020-05-20,"New South Wales","NSW",3,3270,1,48,7093,384278,3,3270,17,2631,-2,20,-2,3,0,2,0,0
2020-05-20,"Northern Territory","NT",0,29,0,0,156,6673,0,29,1,28,0,2,0,0,0,0,0,0
2020-05-20,"Queensland","QLD",1,1058,0,6,4919,163560,1,1058,1,1040,0,4,0,1,0,1,0,0
2020-05-20,"South Australia","SA",0,439,0,4,1688,82401,0,439,0,435,0,1,0,0,0,0,0,0
2020-05-20,"Tasmania","TAS",0,228,0,13,430,23027,0,228,0,198,0,6,0,0,0,0,0,0
2020-05-20,"Victoria","VIC",7,1580,0,18,9152,367272,7,1580,11,1465,-1,10,0,5,0,4,0,0
2020-05-20,"Western Australia","WA",0,556,0,9,1995,69644,0,556,0,544,0,1,0,0,0,0,0,0
2020-05-21,"Australian Capital Territory","ACT",0,107,0,3,204,14916,0,107,0,104,0,0,0,0,0,0,0,0
2020-05-21,"New South Wales","NSW",1,3271,0,48,6652,390930,1,3271,17,2648,0,20,0,3,0,2,0,0
2020-05-21,"Northern Territory","NT",0,29,0,0,136,6809,0,29,1,29,-1,1,0,0,0,0,0,0
2020-05-21,"Queensland","QLD",0,1058,0,6,3317,166877,0,1058,0,1040,0,4,0,1,0,1,0,0
2020-05-21,"South Australia","SA",0,439,0,4,1988,84389,0,439,0,435,0,1,0,0,0,0,0,0
2020-05-21,"Tasmania","TAS",0,228,0,13,421,23448,0,228,1,199,-1,5,0,0,0,0,0,0
2020-05-21,"Victoria","VIC",1,1581,0,18,11401,378673,1,1581,8,1473,0,10,0,5,0,4,0,0
2020-05-21,"Western Australia","WA",0,556,0,9,1998,71642,0,556,0,544,-1,0,0,0,0,0,0,0
2020-05-22,"Australian Capital Territory","ACT",0,107,0,3,337,15253,0,107,0,104,0,0,0,0,0,0,0,0
2020-05-22,"New South Wales","NSW",2,3273,1,49,11693,402623,2,3273,0,2648,0,20,-2,1,-1,1,0,0
2020-05-22,"Northern Territory","NT",0,29,0,0,0,6809,0,29,0,29,0,1,0,0,0,0,0,0
2020-05-22,"Queensland","QLD",0,1058,0,6,2986,169863,0,1058,0,1040,0,4,0,1,0,1,0,0
2020-05-22,"South Australia","SA",0,439,0,4,1700,86089,0,439,0,435,0,1,0,0,0,0,0,0
2020-05-22,"Tasmania","TAS",0,228,0,13,188,23636,0,228,2,201,-1,4,0,0,0,0,0,0
2020-05-22,"Victoria","VIC",12,1593,0,18,14430,393103,12,1593,6,1479,0,10,0,5,0,4,0,0
2020-05-22,"Western Australia","WA",0,556,0,9,1664,73306,0,556,0,544,0,0,0,0,0,0,0,0
2020-05-23,"Australian Capital Territory","ACT",0,107,0,3,314,15567,0,107,0,104,0,0,0,0,0,0,0,0
2020-05-23,"New South Wales","NSW",2,3275,0,49,8995,411618,2,3275,5,2653,-3,17,0,1,0,1,0,0
2020-05-23,"Northern Territory","NT",0,29,0,0,296,7105,0,29,0,29,0,1,0,0,0,0,0,0
2020-05-23,"Queensland","QLD",2,1060,0,6,2349,172212,2,1060,1,1041,0,4,0,1,0,1,0,0
2020-05-23,"South Australia","SA",0,439,0,4,1362,87451,0,439,0,435,-1,0,0,0,0,0,0,0
2020-05-23,"Tasmania","TAS",0,228,0,13,363,23999,0,228,0,201,0,4,0,0,0,0,0,0
2020-05-23,"Victoria","VIC",9,1602,1,19,5723,398826,9,1602,5,1484,0,10,-2,3,-1,3,0,0
2020-05-23,"Western Australia","WA",0,556,0,9,2178,75484,0,556,1,545,0,0,0,0,0,0,0,0
2020-05-24,"Australian Capital Territory","ACT",0,107,0,3,193,15760,0,107,0,104,0,0,0,0,0,0,0,0
2020-05-24,"New South Wales","NSW",1,3276,0,49,6809,418427,1,3276,0,2653,-1,16,0,1,0,1,0,0
2020-05-24,"Northern Territory","NT",0,29,0,0,112,7217,0,29,0,29,-1,0,0,0,0,0,0,0
2020-05-24,"Queensland","QLD",1,1061,0,6,1652,173864,1,1061,0,1041,0,4,0,1,0,1,0,0
2020-05-24,"South Australia","SA",0,439,0,4,995,88446,0,439,0,435,0,0,0,0,0,0,0,0
2020-05-24,"Tasmania","TAS",0,228,0,13,192,24191,0,228,1,202,0,4,0,0,0,0,0,0
2020-05-24,"Victoria","VIC",1,1603,0,19,21420,420246,1,1603,14,1498,-1,9,0,3,0,3,0,0
2020-05-24,"Western Australia","WA",0,556,0,9,1160,76644,0,556,0,545,0,0,0,0,0,0,0,0
2020-05-25,"Australian Capital Territory","ACT",0,107,0,3,246,16006,0,107,0,104,0,0,0,0,0,0,0,0
2020-05-25,"New South Wales","NSW",3,3279,0,49,4276,422703,3,3279,3,2656,-1,15,0,1,0,1,0,0
2020-05-25,"Northern Territory","NT",0,29,0,0,16,7233,0,29,0,29,0,0,0,0,0,0,0,0
2020-05-25,"Queensland","QLD",-5,1056,0,6,1110,174974,-5,1056,-3,1038,0,4,0,1,0,1,0,0
2020-05-25,"South Australia","SA",0,439,0,4,799,89245,0,439,0,435,0,0,0,0,0,0,0,0
2020-05-25,"Tasmania","TAS",0,228,0,13,472,24663,0,228,1,203,0,4,0,0,0,0,0,0
2020-05-25,"Victoria","VIC",2,1605,0,19,11632,431878,2,1605,22,1520,-1,8,0,3,0,3,0,0
2020-05-25,"Western Australia","WA",4,560,0,9,857,77501,4,560,0,545,0,0,0,0,0,0,0,0
2020-05-26,"Australian Capital Territory","ACT",0,107,0,3,190,16196,0,107,0,104,0,0,0,0,0,0,0,0
2020-05-26,"New South Wales","NSW",2,3281,0,49,34021,456724,2,3281,5,2661,-1,14,0,1,0,1,0,0
2020-05-26,"Northern Territory","NT",0,29,0,0,163,7396,0,29,0,29,0,0,0,0,0,0,0,0
2020-05-26,"Queensland","QLD",1,1057,0,6,1587,176561,1,1057,1,1039,0,4,0,1,0,1,0,0
2020-05-26,"South Australia","SA",1,440,0,4,1139,90384,1,440,0,435,0,0,0,0,0,0,0,0
2020-05-26,"Tasmania","TAS",0,228,0,13,585,25248,0,228,2,205,0,4,0,0,0,0,0,0
2020-05-26,"Victoria","VIC",5,1610,0,19,5528,437406,5,1610,13,1533,0,8,0,3,0,3,0,0
2020-05-26,"Western Australia","WA",6,566,0,9,807,78308,6,566,0,545,0,0,0,0,0,0,0,0
2020-05-27,"Australian Capital Territory","ACT",0,107,0,3,379,16575,0,107,0,104,0,0,0,0,0,0,0,0
2020-05-27,"New South Wales","NSW",-3,3278,0,49,7627,464351,-3,3278,2,2663,0,14,0,1,0,1,0,0
2020-05-27,"Northern Territory","NT",0,29,0,0,132,7528,0,29,0,29,0,0,0,0,0,0,0,0
2020-05-27,"Queensland","QLD",1,1058,0,6,3810,180371,1,1058,5,1044,0,4,0,1,0,1,0,0
2020-05-27,"South Australia","SA",0,440,0,4,2519,92903,0,440,0,435,0,0,0,0,0,0,0,0
2020-05-27,"Tasmania","TAS",0,228,0,13,347,25595,0,228,0,205,0,4,0,0,0,0,0,0
2020-05-27,"Victoria","VIC",8,1618,0,19,33426,470832,8,1618,0,1533,0,8,1,4,-2,1,0,0
2020-05-27,"Western Australia","WA",0,566,0,9,1858,80166,0,566,0,545,0,0,0,0,0,0,0,0
2020-05-28,"Australian Capital Territory","ACT",0,107,0,3,494,17069,0,107,0,104,0,0,0,0,0,0,0,0
2020-05-28,"New South Wales","NSW",1,3279,0,49,9872,474223,1,3279,7,2670,-1,13,0,1,0,1,0,0
2020-05-28,"Northern Territory","NT",0,29,0,0,170,7698,0,29,0,29,0,0,0,0,0,0,0,0
2020-05-28,"Queensland","QLD",0,1058,0,6,3668,184039,0,1058,1,1045,0,4,0,1,0,1,0,0
2020-05-28,"South Australia","SA",0,440,0,4,909,93812,0,440,0,435,0,0,0,0,0,0,0,0
2020-05-28,"Tasmania","TAS",0,228,0,13,997,26592,0,228,0,205,0,4,0,0,0,0,0,0
2020-05-28,"Victoria","VIC",10,1628,0,19,9861,480693,10,1628,13,1546,0,8,-1,3,0,1,0,0
2020-05-28,"Western Australia","WA",7,573,0,9,3152,83318,7,573,1,546,0,0,0,0,0,0,0,0
2020-05-29,"Australian Capital Territory","ACT",0,107,0,3,305,17374,0,107,0,104,0,0,0,0,0,0,0,0
2020-05-29,"New South Wales","NSW",2,3281,0,49,9962,484185,2,3281,-4,2666,0,13,0,1,0,1,0,0
2020-05-29,"Northern Territory","NT",0,29,0,0,220,7918,0,29,0,29,0,0,0,0,0,0,0,0
2020-05-29,"Queensland","QLD",0,1058,0,6,1897,185936,0,1058,0,1045,-3,1,0,1,0,1,0,0
2020-05-29,"South Australia","SA",0,440,0,4,2076,95888,0,440,0,435,0,0,0,0,0,0,0,0
2020-05-29,"Tasmania","TAS",0,228,0,13,906,27498,0,228,0,205,-2,2,0,0,0,0,0,0
2020-05-29,"Victoria","VIC",6,1634,0,19,12392,493085,6,1634,3,1549,-1,7,-1,2,0,1,0,0
2020-05-29,"Western Australia","WA",8,581,0,9,2420,85738,8,581,1,547,0,0,0,0,0,0,0,0
2020-05-30,"Australian Capital Territory","ACT",0,107,0,3,418,17792,0,107,0,104,0,0,0,0,0,0,0,0
2020-05-30,"New South Wales","NSW",0,3281,0,49,9452,493637,0,3281,17,2683,-1,12,0,1,0,1,0,0
2020-05-30,"Northern Territory","NT",0,29,0,0,164,8082,0,29,0,29,0,0,0,0,0,0,0,0
2020-05-30,"Queensland","QLD",0,1058,0,6,6126,192062,0,1058,0,1045,0,1,0,1,0,1,0,0
2020-05-30,"South Australia","SA",0,440,0,4,2152,98040,0,440,0,435,0,0,0,0,0,0,0,0
2020-05-30,"Tasmania","TAS",0,228,0,13,660,28158,0,228,2,207,0,2,0,0,0,0,0,0
2020-05-30,"Victoria","VIC",11,1645,0,19,8480,501565,11,1645,15,1564,0,7,0,2,0,1,0,0
2020-05-30,"Western Australia","WA",0,581,0,9,3464,89202,0,581,-1,546,0,0,0,0,0,0,0,0
2020-05-31,"Australian Capital Territory","ACT",0,107,0,3,322,18114,0,107,0,104,0,0,0,0,0,0,0,0
2020-05-31,"New South Wales","NSW",3,3284,0,49,9827,503464,3,3284,2,2685,-1,11,0,1,-1,0,0,0
2020-05-31,"Northern Territory","NT",0,29,0,0,138,8220,0,29,0,29,0,0,0,0,0,0,0,0
2020-05-31,"Queensland","QLD",0,1058,0,6,3375,195437,0,1058,1,1046,0,1,0,1,-1,0,0,0
2020-05-31,"South Australia","SA",0,440,0,4,1425,99465,0,440,0,435,0,0,0,0,0,0,0,0
2020-05-31,"Tasmania","TAS",0,228,0,13,489,28647,0,228,1,208,0,2,0,0,0,0,0,0
2020-05-31,"Victoria","VIC",4,1649,0,19,8126,509691,4,1649,-7,1557,-1,6,0,2,0,1,0,0
2020-05-31,"Western Australia","WA",3,584,0,9,2328,91530,3,584,1,547,0,0,0,0,0,0,0,0
2020-06-01,"Australian Capital Territory","ACT",0,107,0,3,311,18425,0,107,0,104,0,0,0,0,0,0,0,0
2020-06-01,"New South Wales","NSW",3,3287,0,49,5763,509227,3,3287,0,2685,-1,10,0,1,0,0,0,0
2020-06-01,"Northern Territory","NT",0,29,0,0,20,8240,0,29,0,29,0,0,0,0,0,0,0,0
2020-06-01,"Queensland","QLD",0,1058,0,6,1930,197367,0,1058,0,1046,0,1,0,1,0,0,0,0
2020-06-01,"South Australia","SA",0,440,0,4,905,100370,0,440,0,435,0,0,0,0,0,0,0,0
2020-06-01,"Tasmania","TAS",0,228,0,13,402,29049,0,228,1,209,0,2,0,0,0,0,0,0
2020-06-01,"Victoria","VIC",4,1653,0,19,5850,515541,4,1653,3,1560,0,6,-1,1,0,1,0,0
2020-06-01,"Western Australia","WA",1,585,0,9,2471,94001,1,585,0,547,1,1,0,0,0,0,0,0
2020-06-02,"Australian Capital Territory","ACT",0,107,0,3,209,18634,0,107,0,104,0,0,0,0,0,0,0,0
2020-06-02,"New South Wales","NSW",6,3293,0,49,5424,514651,6,3293,2,2687,1,11,0,1,0,0,0,0
2020-06-02,"Northern Territory","NT",0,29,0,0,166,8406,0,29,0,29,0,0,0,0,0,0,0,0
2020-06-02,"Queensland","QLD",1,1059,0,6,3024,200391,1,1059,0,1046,1,2,0,1,1,1,0,0
2020-06-02,"South Australia","SA",0,440,0,4,2018,102388,0,440,0,435,0,0,0,0,0,0,0,0
2020-06-02,"Tasmania","TAS",0,228,0,13,561,29610,0,228,0,209,0,2,0,0,0,0,0,0
2020-06-02,"Victoria","VIC",10,1663,0,19,5818,521359,10,1663,3,1563,3,9,1,2,0,1,0,0
2020-06-02,"Western Australia","WA",0,585,0,9,947,94948,0,585,0,547,1,2,0,0,0,0,0,0
2020-06-03,"Australian Capital Territory","ACT",0,107,0,3,265,18899,0,107,0,104,0,0,0,0,0,0,0,0
2020-06-03,"New South Wales","NSW",0,3293,0,49,7018,521669,0,3293,4,2691,0,11,1,2,0,0,0,0
2020-06-03,"Northern Territory","NT",0,29,0,0,185,8591,0,29,0,29,0,0,0,0,0,0,0,0
2020-06-03,"Queensland","QLD",0,1059,0,6,3867,204258,0,1059,0,1046,0,2,0,1,0,1,0,0
2020-06-03,"South Australia","SA",0,440,0,4,2160,104548,0,440,0,435,0,0,0,0,0,0,0,0
2020-06-03,"Tasmania","TAS",0,228,0,13,706,30316,0,228,1,210,0,2,0,0,0,0,0,0
2020-06-03,"Victoria","VIC",7,1670,0,19,5148,526507,7,1670,6,1569,0,9,0,2,0,1,0,0
2020-06-03,"Western Australia","WA",1,586,0,9,2964,97912,1,586,4,551,-1,1,0,0,0,0,0,0
2020-06-04,"Australian Capital Territory","ACT",0,107,0,3,438,19337,0,107,0,104,0,0,0,0,0,0,0,0
2020-06-04,"New South Wales","NSW",2,3295,0,49,11365,533034,2,3295,9,2700,0,11,-1,1,0,0,0,0
2020-06-04,"Northern Territory","NT",0,29,0,0,392,8983,0,29,0,29,0,0,0,0,0,0,0,0
2020-06-04,"Queensland","QLD",1,1060,0,6,4500,208758,1,1060,0,1046,0,2,0,1,0,1,0,0
2020-06-04,"South Australia","SA",0,440,0,4,2325,106873,0,440,1,436,0,0,0,0,0,0,0,0
2020-06-04,"Tasmania","TAS",0,228,0,13,747,31063,0,228,0,210,0,2,0,0,0,0,0,0
2020-06-04,"Victoria","VIC",8,1678,0,19,9683,536190,8,1678,15,1584,-2,7,0,2,0,1,0,0
2020-06-04,"Western Australia","WA",0,586,0,9,4179,102091,0,586,0,551,0,1,0,0,0,0,0,0
2020-06-05,"Australian Capital Territory","ACT",0,107,0,3,399,19736,0,107,0,104,0,0,0,0,0,0,0,0
2020-06-05,"New South Wales","NSW",4,3299,0,49,10171,543205,4,3299,14,2714,-1,10,0,1,0,0,0,0
2020-06-05,"Northern Territory","NT",0,29,0,0,191,9174,0,29,0,29,0,0,0,0,0,0,0,0
2020-06-05,"Queensland","QLD",0,1060,0,6,4112,212870,0,1060,0,1046,0,2,0,1,0,1,0,0
2020-06-05,"South Australia","SA",0,440,0,4,4752,111625,0,440,0,436,0,0,0,0,0,0,0,0
2020-06-05,"Tasmania","TAS",0,228,0,13,750,31813,0,228,0,210,0,2,0,0,0,0,0,0
2020-06-05,"Victoria","VIC",3,1681,0,19,6768,542958,3,1681,2,1586,0,7,-1,1,0,1,0,0
2020-06-05,"Western Australia","WA",4,590,0,9,5720,107811,4,590,0,551,-1,0,0,0,0,0,0,0
2020-06-06,"Australian Capital Territory","ACT",0,107,0,3,396,20132,0,107,0,104,0,0,0,0,0,0,0,0
2020-06-06,"New South Wales","NSW",0,3299,0,49,12751,555956,0,3299,5,2719,-1,9,-1,0,0,0,0,0
2020-06-06,"Northern Territory","NT",0,29,0,0,156,9330,0,29,0,29,0,0,0,0,0,0,0,0
2020-06-06,"Queensland","QLD",1,1061,0,6,3588,216458,1,1061,0,1046,0,2,0,1,0,1,0,0
2020-06-06,"South Australia","SA",0,440,0,4,1878,113503,0,440,0,436,0,0,0,0,0,0,0,0
2020-06-06,"Tasmania","TAS",0,228,0,13,470,32283,0,228,0,210,0,2,0,0,0,0,0,0
2020-06-06,"Victoria","VIC",0,1681,0,19,-12142,530816,0,1681,3,1589,1,8,2,3,0,1,0,0
2020-06-06,"Western Australia","WA",1,591,0,9,4299,112110,1,591,0,551,0,0,0,0,0,0,0,0
2020-06-07,"Australian Capital Territory","ACT",1,108,0,3,355,20487,1,108,0,104,0,0,0,0,0,0,0,0
2020-06-07,"New South Wales","NSW",-1,3298,0,49,9207,565163,-1,3298,4,2723,0,9,0,0,0,0,0,0
2020-06-07,"Northern Territory","NT",0,29,0,0,124,9454,0,29,0,29,0,0,0,0,0,0,0,0
2020-06-07,"Queensland","QLD",0,1061,0,6,2964,219422,0,1061,0,1046,0,2,0,1,0,1,0,0
2020-06-07,"South Australia","SA",0,440,0,4,1246,114749,0,440,0,436,0,0,0,0,0,0,0,0
2020-06-07,"Tasmania","TAS",0,228,0,13,441,32724,0,228,1,211,-1,1,0,0,0,0,0,0
2020-06-07,"Victoria","VIC",4,1685,0,19,9140,539956,4,1685,4,1593,-2,6,-1,2,0,1,0,0
2020-06-07,"Western Australia","WA",0,591,0,9,3397,115507,0,591,0,551,0,0,0,0,0,0,0,0
2020-06-08,"Australian Capital Territory","ACT",0,108,0,3,196,20683,0,108,0,104,0,0,0,0,0,0,0,0
2020-06-08,"New South Wales","NSW",3,3301,0,49,5950,571113,3,3301,1,2724,0,9,0,0,0,0,0,0
2020-06-08,"Northern Territory","NT",0,29,0,0,23,9477,0,29,0,29,0,0,0,0,0,0,0,0
2020-06-08,"Queensland","QLD",1,1062,0,6,1790,221212,1,1062,4,1050,0,2,0,1,0,1,0,0
2020-06-08,"South Australia","SA",0,440,0,4,1053,115802,0,440,0,436,0,0,0,0,0,0,0,0
2020-06-08,"Tasmania","TAS",0,228,0,13,299,33023,0,228,0,211,0,1,0,0,0,0,0,0
2020-06-08,"Victoria","VIC",2,1687,0,19,3752,543708,2,1687,2,1595,1,7,0,2,0,1,0,0
2020-06-08,"Western Australia","WA",0,591,0,9,2990,118497,0,591,0,551,0,0,0,0,0,0,0,0
2020-06-09,"Australian Capital Territory","ACT",0,108,0,3,292,20975,0,108,0,104,0,0,0,0,0,0,0,0
2020-06-09,"New South Wales","NSW",2,3303,0,49,4743,575856,2,3303,5,2729,0,9,0,0,0,0,0,0
2020-06-09,"Northern Territory","NT",0,29,0,0,81,9558,0,29,0,29,0,0,0,0,0,0,0,0
2020-06-09,"Queensland","QLD",0,1062,0,6,2838,224050,0,1062,1,1051,0,2,0,1,0,1,0,0
2020-06-09,"South Australia","SA",0,440,0,4,759,116561,0,440,0,436,0,0,0,0,0,0,0,0
2020-06-09,"Tasmania","TAS",0,228,0,13,375,33398,0,228,0,211,0,1,0,0,0,0,0,0
2020-06-09,"Victoria","VIC",0,1687,0,19,4191,547899,0,1687,7,1602,0,7,-1,1,0,1,0,0
2020-06-09,"Western Australia","WA",0,591,0,9,3890,122387,0,591,1,552,0,0,0,0,0,0,0,0
2020-06-10,"Australian Capital Territory","ACT",0,108,0,3,436,21411,0,108,0,104,0,0,0,0,0,0,0,0
2020-06-10,"New South Wales","NSW",3,3306,0,49,5703,581559,3,3306,6,2735,0,9,0,0,0,0,0,0
2020-06-10,"Northern Territory","NT",0,29,0,0,189,9747,0,29,0,29,0,0,0,0,0,0,0,0
2020-06-10,"Queensland","QLD",0,1062,0,6,6742,230792,0,1062,0,1051,-1,1,0,1,0,1,0,0
2020-06-10,"South Australia","SA",0,440,0,4,1286,117847,0,440,0,436,0,0,0,0,0,0,0,0
2020-06-10,"Tasmania","TAS",0,228,0,13,656,34054,0,228,0,211,0,1,0,0,0,0,0,0
2020-06-10,"Victoria","VIC",4,1691,0,19,9945,557844,4,1691,14,1616,2,9,1,2,0,1,0,0
2020-06-10,"Western Australia","WA",0,591,0,9,4313,126700,0,591,2,554,0,0,0,0,0,0,0,0
2020-06-11,"Australian Capital Territory","ACT",0,108,0,3,527,21938,0,108,0,104,0,0,0,0,0,0,0,0
2020-06-11,"New South Wales","NSW",0,3306,0,49,9746,591305,0,3306,3,2738,1,10,0,0,0,0,0,0
2020-06-11,"Northern Territory","NT",0,29,0,0,192,9939,0,29,0,29,0,0,0,0,0,0,0,0
2020-06-11,"Queensland","QLD",1,1063,0,6,5125,235917,1,1063,0,1051,0,1,0,1,0,1,0,0
2020-06-11,"South Australia","SA",0,440,0,4,2134,119981,0,440,0,436,0,0,0,0,0,0,0,0
2020-06-11,"Tasmania","TAS",0,228,0,13,620,34674,0,228,0,211,0,1,0,0,0,0,0,0
2020-06-11,"Victoria","VIC",8,1699,0,19,6348,564192,8,1699,5,1621,-3,6,-1,1,0,1,0,0
2020-06-11,"Western Australia","WA",0,591,0,9,6577,133277,0,591,7,561,0,0,0,0,0,0,0,0
2020-06-12,"Australian Capital Territory","ACT",0,108,0,3,554,22492,0,108,0,104,0,0,0,0,0,0,0,0
2020-06-12,"New South Wales","NSW",-2,3304,0,49,15220,606525,-2,3304,5,2743,0,10,0,0,0,0,0,0
2020-06-12,"Northern Territory","NT",0,29,0,0,278,10217,0,29,0,29,0,0,0,0,0,0,0,0
2020-06-12,"Queensland","QLD",1,1064,0,6,4944,240861,1,1064,0,1051,1,2,0,1,0,1,0,0
2020-06-12,"South Australia","SA",0,440,0,4,2500,122481,0,440,0,436,0,0,0,0,0,0,0,0
2020-06-12,"Tasmania","TAS",0,228,0,13,824,35498,0,228,2,213,0,1,0,0,0,0,0,0
2020-06-12,"Victoria","VIC",4,1703,0,19,8793,572985,4,1703,11,1632,-1,5,0,1,0,1,0,0
2020-06-12,"Western Australia","WA",1,592,0,9,1214,134491,1,592,4,565,0,0,0,0,0,0,0,0
2020-06-13,"Australian Capital Territory","ACT",0,108,0,3,287,22779,0,108,0,104,0,0,0,0,0,0,0,0
2020-06-13,"New South Wales","NSW",4,3308,0,49,14125,620650,4,3308,20,2763,-1,9,0,0,0,0,0,0
2020-06-13,"Northern Territory","NT",0,29,0,0,123,10340,0,29,0,29,0,0,0,0,0,0,0,0
2020-06-13,"Queensland","QLD",1,1065,0,6,4852,245713,1,1065,0,1051,0,2,0,1,0,1,0,0
2020-06-13,"South Australia","SA",0,440,0,4,2060,124541,0,440,0,436,0,0,0,0,0,0,0,0
2020-06-13,"Tasmania","TAS",0,228,0,13,510,36008,0,228,0,213,-1,0,0,0,0,0,0,0
2020-06-13,"Victoria","VIC",8,1711,0,19,9529,582514,8,1711,9,1641,0,5,0,1,-1,0,0,0
2020-06-13,"Western Australia","WA",0,592,0,9,5615,140106,0,592,0,565,0,0,0,0,0,0,0,0
2020-06-14,"Australian Capital Territory","ACT",0,108,0,3,438,23217,0,108,0,104,0,0,0,0,0,0,0,0
2020-06-14,"New South Wales","NSW",9,3317,0,49,13591,634241,9,3317,3,2766,0,9,0,0,0,0,0,0
2020-06-14,"Northern Territory","NT",0,29,0,0,124,10464,0,29,0,29,0,0,0,0,0,0,0,0
2020-06-14,"Queensland","QLD",0,1065,0,6,3914,249627,0,1065,0,1051,-1,1,0,1,0,1,0,0
2020-06-14,"South Australia","SA",0,440,0,4,1191,125732,0,440,0,436,0,0,0,0,0,0,0,0
2020-06-14,"Tasmania","TAS",0,228,0,13,306,36314,0,228,0,213,0,0,0,0,0,0,0,0
2020-06-14,"Victoria","VIC",9,1720,0,19,8339,590853,9,1720,16,1657,1,6,1,2,0,0,0,0
2020-06-14,"Western Australia","WA",0,592,0,9,1799,141905,0,592,7,572,0,0,0,0,0,0,0,0
2020-06-15,"Australian Capital Territory","ACT",0,108,0,3,354,23571,0,108,0,104,0,0,0,0,0,0,0,0
2020-06-15,"New South Wales","NSW",3,3320,0,49,7201,641442,3,3320,0,2766,0,9,0,0,0,0,0,0
2020-06-15,"Northern Territory","NT",0,29,0,0,24,10488,0,29,0,29,0,0,0,0,0,0,0,0
2020-06-15,"Queensland","QLD",0,1065,0,6,1695,251322,0,1065,0,1051,0,1,0,1,0,1,0,0
2020-06-15,"South Australia","SA",0,440,0,4,840,126572,0,440,0,436,0,0,0,0,0,0,0,0
2020-06-15,"Tasmania","TAS",0,228,0,13,157,36471,0,228,0,213,0,0,0,0,0,0,0,0
2020-06-15,"Victoria","VIC",12,1732,0,19,4012,594865,12,1732,4,1661,1,7,1,3,0,0,0,0
2020-06-15,"Western Australia","WA",0,592,0,9,1513,143418,0,592,9,581,0,0,0,0,0,0,0,0
2020-06-16,"Australian Capital Territory","ACT",0,108,0,3,266,23837,0,108,0,104,0,0,0,0,0,0,0,0
2020-06-16,"New South Wales","NSW",3,3323,0,49,7895,649337,3,3323,2,2768,1,10,0,0,0,0,0,0
2020-06-16,"Northern Territory","NT",0,29,0,0,177,10665,0,29,0,29,0,0,0,0,0,0,0,0
2020-06-16,"Queensland","QLD",0,1065,0,6,3232,254554,0,1065,0,1051,0,1,0,1,0,1,0,0
2020-06-16,"South Australia","SA",0,440,0,4,1243,127815,0,440,0,436,0,0,0,0,0,0,0,0
2020-06-16,"Tasmania","TAS",0,228,0,13,2355,38826,0,228,0,213,0,0,0,0,0,0,0,0
2020-06-16,"Victoria","VIC",9,1741,0,19,5030,599895,9,1741,3,1664,-1,6,-1,2,1,1,0,0
2020-06-16,"Western Australia","WA",0,592,0,9,0,143418,0,592,0,581,0,0,0,0,0,0,0,0
2020-06-17,"Australian Capital Territory","ACT",0,108,0,3,591,24428,0,108,1,105,0,0,0,0,0,0,0,0
2020-06-17,"New South Wales","NSW",1,3324,0,49,11889,661226,1,3324,2,2770,0,10,0,0,0,0,0,0
2020-06-17,"Northern Territory","NT",0,29,0,0,175,10840,0,29,0,29,0,0,0,0,0,0,0,0
2020-06-17,"Queensland","QLD",1,1066,0,6,5348,259902,1,1066,1,1052,0,1,0,1,0,1,0,0
2020-06-17,"South Australia","SA",0,440,0,4,2306,130121,0,440,0,436,0,0,0,0,0,0,0,0
2020-06-17,"Tasmania","TAS",0,228,0,13,-1470,37356,0,228,2,215,0,0,0,0,0,0,0,0
2020-06-17,"Victoria","VIC",21,1762,0,19,8931,608826,21,1762,7,1671,-1,5,0,2,1,2,0,0
2020-06-17,"Western Australia","WA",0,592,0,9,5402,148820,0,592,1,582,0,0,0,0,0,0,0,0
2020-06-18,"Australian Capital Territory","ACT",0,108,0,3,543,24971,0,108,0,105,0,0,0,0,0,0,0,0
2020-06-18,"New South Wales","NSW",2,3326,0,49,17392,678618,2,3326,0,2770,-1,9,0,0,0,0,0,0
2020-06-18,"Northern Territory","NT",0,29,0,0,248,11088,0,29,0,29,0,0,0,0,0,0,0,0
2020-06-18,"Queensland","QLD",0,1066,0,6,4204,264106,0,1066,0,1052,0,1,0,1,-1,0,0,0
2020-06-18,"South Australia","SA",0,440,0,4,2369,132490,0,440,0,436,0,0,0,0,0,0,0,0
2020-06-18,"Tasmania","TAS",0,228,0,13,5039,42395,0,228,0,215,0,0,0,0,0,0,0,0
2020-06-18,"Victoria","VIC",18,1780,0,19,12400,621226,18,1780,0,1671,-1,4,0,2,0,2,0,0
2020-06-18,"Western Australia","WA",1,593,0,9,3783,152603,1,593,0,582,0,0,0,0,0,0,0,0
2020-06-19,"Australian Capital Territory","ACT",0,108,0,3,329,25300,0,108,0,105,0,0,0,0,0,0,0,0
2020-06-19,"New South Wales","NSW",6,3332,0,49,17363,695981,6,3332,0,2770,0,9,0,0,0,0,0,0
2020-06-19,"Northern Territory","NT",0,29,0,0,155,11243,0,29,0,29,0,0,0,0,0,0,0,0
2020-06-19,"Queensland","QLD",0,1066,0,6,4180,268286,0,1066,1,1053,0,1,-1,0,0,0,0,0
2020-06-19,"South Australia","SA",0,440,0,4,2198,134688,0,440,0,436,0,0,0,0,0,0,0,0
2020-06-19,"Tasmania","TAS",0,228,0,13,600,42995,0,228,0,215,0,0,0,0,0,0,0,0
2020-06-19,"Victoria","VIC",12,1792,0,19,14671,635897,12,1792,9,1680,1,5,0,2,0,2,0,0
2020-06-19,"Western Australia","WA",0,593,0,9,3212,155815,0,593,0,582,0,0,0,0,0,0,0,0
2020-06-20,"Australian Capital Territory","ACT",0,108,0,3,264,25564,0,108,0,105,0,0,0,0,0,0,0,0
2020-06-20,"New South Wales","NSW",1,3333,0,49,16193,712174,1,3333,1,2771,1,10,0,0,0,0,0,0
2020-06-20,"Northern Territory","NT",0,29,0,0,174,11417,0,29,0,29,0,0,0,0,0,0,0,0
2020-06-20,"Queensland","QLD",0,1066,0,6,3574,271860,0,1066,0,1053,0,1,0,0,0,0,0,0
2020-06-20,"South Australia","SA",0,440,0,4,1690,136378,0,440,0,436,0,0,0,0,0,0,0,0
2020-06-20,"Tasmania","TAS",0,228,0,13,827,43822,0,228,0,215,0,0,0,0,0,0,0,0
2020-06-20,"Victoria","VIC",25,1817,0,19,9504,645401,25,1817,6,1686,1,6,1,3,-2,0,0,0
2020-06-20,"Western Australia","WA",0,593,0,9,2947,158762,0,593,0,582,0,0,0,0,0,0,0,0
2020-06-21,"Australian Capital Territory","ACT",0,108,0,3,341,25905,0,108,0,105,0,0,0,0,0,0,0,0
2020-06-21,"New South Wales","NSW",5,3338,0,49,13643,725817,5,3338,0,2771,-2,8,0,0,0,0,0,0
2020-06-21,"Northern Territory","NT",0,29,0,0,116,11533,0,29,0,29,0,0,0,0,0,0,0,0
2020-06-21,"Queensland","QLD",0,1066,0,6,2828,274688,0,1066,0,1053,0,1,0,0,0,0,0,0
2020-06-21,"South Australia","SA",0,440,0,4,912,137290,0,440,0,436,0,0,0,0,0,0,0,0
2020-06-21,"Tasmania","TAS",0,228,0,13,203,44025,0,228,0,215,0,0,0,0,0,0,0,0
2020-06-21,"Victoria","VIC",19,1836,0,19,15400,660801,19,1836,8,1694,-1,5,-1,2,0,0,0,0
2020-06-21,"Western Australia","WA",1,594,0,9,2503,161265,1,594,0,582,0,0,0,0,0,0,0,0
2020-06-22,"Australian Capital Territory","ACT",0,108,0,3,170,26075,0,108,0,105,0,0,0,0,0,0,0,0
2020-06-22,"New South Wales","NSW",2,3340,0,49,8852,734669,2,3340,0,2771,0,8,0,0,0,0,0,0
2020-06-22,"Northern Territory","NT",0,29,0,0,33,11566,0,29,0,29,0,0,0,0,0,0,0,0
2020-06-22,"Queensland","QLD",0,1066,0,6,49207,323895,0,1066,0,1053,0,1,0,0,0,0,0,0
2020-06-22,"South Australia","SA",0,440,0,4,880,138170,0,440,0,436,0,0,0,0,0,0,0,0
2020-06-22,"Tasmania","TAS",0,228,0,13,269,44294,0,228,0,215,0,0,0,0,0,0,0,0
2020-06-22,"Victoria","VIC",11,1847,0,19,6314,667115,11,1847,7,1701,2,7,0,2,0,0,0,0
2020-06-22,"Western Australia","WA",0,594,0,9,800,162065,0,594,0,582,0,0,0,0,0,0,0,0
2020-06-23,"Australian Capital Territory","ACT",0,108,0,3,405,26480,0,108,0,105,0,0,0,0,0,0,0,0
2020-06-23,"New South Wales","NSW",-1,3339,0,49,8293,742962,-1,3339,0,2771,1,9,0,0,0,0,0,0
2020-06-23,"Northern Territory","NT",0,29,0,0,312,11878,0,29,0,29,0,0,0,0,0,0,0,0
2020-06-23,"Queensland","QLD",0,1066,0,6,3635,327530,0,1066,0,1053,0,1,0,0,0,0,0,0
2020-06-23,"South Australia","SA",0,440,0,4,1424,139594,0,440,0,436,0,0,0,0,0,0,0,0
2020-06-23,"Tasmania","TAS",0,228,0,13,672,44966,0,228,0,215,0,0,0,0,0,0,0,0
2020-06-23,"Victoria","VIC",17,1864,0,19,8149,675264,17,1864,11,1712,2,9,1,3,0,0,0,0
2020-06-23,"Western Australia","WA",2,596,0,9,2082,164147,2,596,1,583,0,0,0,0,0,0,0,0
2020-06-24,"Australian Capital Territory","ACT",0,108,0,3,457,26937,0,108,0,105,0,0,0,0,0,0,0,0
2020-06-24,"New South Wales","NSW",9,3348,0,49,13278,756240,9,3348,0,2771,-1,8,0,0,0,0,0,0
2020-06-24,"Northern Territory","NT",0,29,0,0,221,12099,0,29,0,29,0,0,0,0,0,0,0,0
2020-06-24,"Queensland","QLD",0,1066,0,6,6554,334084,0,1066,0,1053,0,1,0,0,0,0,0,0
2020-06-24,"South Australia","SA",0,440,0,4,2036,141630,0,440,0,436,0,0,0,0,0,0,0,0
2020-06-24,"Tasmania","TAS",0,228,0,13,1004,45970,0,228,0,215,0,0,0,0,0,0,0,0
2020-06-24,"Victoria","VIC",20,1884,1,20,20999,696263,20,1884,9,1721,-2,7,-1,2,0,0,0,0
2020-06-24,"Western Australia","WA",0,596,0,9,3054,167201,0,596,0,583,0,0,0,0,0,0,0,0
2020-06-25,"Australian Capital Territory","ACT",0,108,0,3,592,27529,0,108,0,105,0,0,0,0,0,0,0,0
2020-06-25,"New South Wales","NSW",3,3351,1,50,17175,773415,3,3351,5,2776,0,8,0,0,0,0,0,0
2020-06-25,"Northern Territory","NT",0,29,0,0,226,12325,0,29,0,29,0,0,0,0,0,0,0,0
2020-06-25,"Queensland","QLD",0,1066,0,6,6497,340581,0,1066,1,1054,0,1,0,0,0,0,0,0
2020-06-25,"South Australia","SA",0,440,0,4,2275,143905,0,440,0,436,0,0,0,0,0,0,0,0
2020-06-25,"Tasmania","TAS",0,228,0,13,854,46824,0,228,0,215,0,0,0,0,0,0,0,0
2020-06-25,"Victoria","VIC",33,1917,0,20,20304,716567,33,1917,11,1732,0,7,0,2,0,0,0,0
2020-06-25,"Western Australia","WA",0,596,0,9,3994,171195,0,596,0,583,0,0,0,0,0,0,0,0
2020-06-26,"Australian Capital Territory","ACT",0,108,0,3,524,28053,0,108,0,105,0,0,0,0,0,0,0,0
2020-06-26,"New South Wales","NSW",6,3357,0,50,15278,788693,6,3357,6,2782,-4,4,0,0,0,0,0,0
2020-06-26,"Northern Territory","NT",0,29,0,0,281,12606,0,29,0,29,0,0,0,0,0,0,0,0
2020-06-26,"Queensland","QLD",1,1067,0,6,7029,347610,1,1067,0,1054,1,2,0,0,0,0,0,0
2020-06-26,"South Australia","SA",0,440,0,4,2222,146127,0,440,0,436,0,0,0,0,0,0,0,0
2020-06-26,"Tasmania","TAS",0,228,0,13,861,47685,0,228,0,215,0,0,0,0,0,0,0,0
2020-06-26,"Victoria","VIC",30,1947,0,20,20168,736735,30,1947,10,1742,-1,6,-1,1,0,0,0,0
2020-06-26,"Western Australia","WA",0,596,0,9,3135,174330,0,596,0,583,0,0,0,0,0,0,0,0
2020-06-27,"Australian Capital Territory","ACT",0,108,0,3,311,28364,0,108,0,105,0,0,0,0,0,0,0,0
2020-06-27,"New South Wales","NSW",6,3363,0,50,23734,812427,6,3363,2,2784,1,5,0,0,0,0,0,0
2020-06-27,"Northern Territory","NT",0,29,0,0,326,12932,0,29,0,29,0,0,0,0,0,0,0,0
2020-06-27,"Queensland","QLD",0,1067,0,6,5475,353085,0,1067,0,1054,0,2,0,0,0,0,0,0
2020-06-27,"South Australia","SA",0,440,0,4,1719,147846,0,440,0,436,0,0,0,0,0,0,0,0
2020-06-27,"Tasmania","TAS",0,228,0,13,554,48239,0,228,0,215,0,0,0,0,0,0,0,0
2020-06-27,"Victoria","VIC",40,1987,0,20,22103,758838,40,1987,19,1761,-1,5,0,1,0,0,0,0
2020-06-27,"Western Australia","WA",0,596,0,9,0,174330,0,596,0,583,0,0,0,0,0,0,0,0
2020-06-28,"Australian Capital Territory","ACT",0,108,0,3,644,29008,0,108,0,105,0,0,0,0,0,0,0,0
2020-06-28,"New South Wales","NSW",3,3366,0,50,18114,830541,3,3366,0,2784,-2,3,0,0,0,0,0,0
2020-06-28,"Northern Territory","NT",0,29,0,0,277,13209,0,29,0,29,0,0,0,0,0,0,0,0
2020-06-28,"Queensland","QLD",0,1067,0,6,4830,357915,0,1067,0,1054,-1,1,0,0,0,0,0,0
2020-06-28,"South Australia","SA",0,440,0,4,998,148844,0,440,0,436,0,0,0,0,0,0,0,0
2020-06-28,"Tasmania","TAS",0,228,0,13,297,48536,0,228,0,215,0,0,0,0,0,0,0,0
2020-06-28,"Victoria","VIC",41,2028,0,20,17954,776792,41,2028,14,1775,2,7,0,1,0,0,0,0
2020-06-28,"Western Australia","WA",1,597,0,9,0,174330,1,597,0,583,0,0,0,0,0,0,0,0
2020-06-29,"Australian Capital Territory","ACT",0,108,0,3,274,29282,0,108,0,105,0,0,0,0,0,0,0,0
2020-06-29,"New South Wales","NSW",7,3373,0,50,11833,842374,7,3373,0,2784,2,5,0,0,0,0,0,0
2020-06-29,"Northern Territory","NT",0,29,0,0,36,13245,0,29,0,29,0,0,0,0,0,0,0,0
2020-06-29,"Queensland","QLD",0,1067,0,6,2554,360469,0,1067,0,1054,0,1,0,0,0,0,0,0
2020-06-29,"South Australia","SA",3,443,0,4,1065,149909,3,443,0,436,0,0,0,0,0,0,0,0
2020-06-29,"Tasmania","TAS",0,228,0,13,381,48917,0,228,0,215,0,0,0,0,0,0,0,0
2020-06-29,"Victoria","VIC",71,2099,0,20,15381,792173,71,2099,14,1789,2,9,0,1,0,0,0,0
2020-06-29,"Western Australia","WA",0,597,0,9,4996,179326,0,597,1,584,0,0,0,0,0,0,0,0
2020-06-30,"Australian Capital Territory","ACT",0,108,0,3,311,29593,0,108,0,105,0,0,0,0,0,0,0,0
2020-06-30,"New South Wales","NSW",5,3378,0,50,12950,855324,5,3378,0,2784,-1,4,0,0,0,0,0,0
2020-06-30,"Northern Territory","NT",0,29,0,0,62,13307,0,29,0,29,0,0,0,0,0,0,0,0
2020-06-30,"Queensland","QLD",0,1067,0,6,4512,364981,0,1067,0,1054,0,1,0,0,0,0,0,0
2020-06-30,"South Australia","SA",0,443,0,4,1376,151285,0,443,0,436,0,0,0,0,0,0,0,0
2020-06-30,"Tasmania","TAS",0,228,0,13,473,49390,0,228,0,215,0,0,0,0,0,0,0,0
2020-06-30,"Victoria","VIC",60,2159,0,20,17416,809589,60,2159,27,1816,0,9,0,1,0,0,0,0
2020-06-30,"Western Australia","WA",2,599,0,9,3187,182513,2,599,0,584,0,0,0,0,0,0,0,0
2020-07-01,"Australian Capital Territory","ACT",0,108,0,3,739,30332,0,108,0,105,0,0,0,0,0,0,0,0
2020-07-01,"New South Wales","NSW",14,3392,0,50,16243,871567,14,3392,3,2787,-2,2,1,1,0,0,0,0
2020-07-01,"Northern Territory","NT",0,29,0,0,297,13604,0,29,0,29,0,0,0,0,0,0,0,0
2020-07-01,"Queensland","QLD",0,1067,0,6,5992,370973,0,1067,0,1054,0,1,0,0,0,0,0,0
2020-07-01,"South Australia","SA",0,443,0,4,2274,153559,0,443,0,436,0,0,0,0,0,0,0,0
2020-07-01,"Tasmania","TAS",0,228,0,13,377,49767,0,228,0,215,0,0,0,0,0,0,0,0
2020-07-01,"Victoria","VIC",72,2231,0,20,20682,830271,72,2231,23,1839,6,15,1,2,0,0,0,0
2020-07-01,"Western Australia","WA",0,599,0,9,3337,185850,0,599,2,586,0,0,0,0,0,0,0,0
2020-07-02,"Australian Capital Territory","ACT",0,108,0,3,865,31197,0,108,0,105,0,0,0,0,0,0,0,0
2020-07-02,"New South Wales","NSW",8,3400,0,50,18347,889914,8,3400,0,2787,0,2,0,1,0,0,0,0
2020-07-02,"Northern Territory","NT",1,30,0,0,355,13959,1,30,0,29,1,1,0,0,0,0,0,0
2020-07-02,"Queensland","QLD",0,1067,0,6,5746,376719,0,1067,0,1054,0,1,0,0,0,0,0,0
2020-07-02,"South Australia","SA",0,443,0,4,1923,155482,0,443,0,436,0,0,0,0,0,0,0,0
2020-07-02,"Tasmania","TAS",0,228,0,13,1200,50967,0,228,0,215,0,0,0,0,0,0,0,0
2020-07-02,"Victoria","VIC",72,2303,0,20,26320,856591,72,2303,27,1866,5,20,2,4,0,0,0,0
2020-07-02,"Western Australia","WA",0,599,0,9,3103,188953,0,599,0,586,0,0,0,0,0,0,0,0
2020-07-03,"Australian Capital Territory","ACT",0,108,0,3,366,31563,0,108,0,105,0,0,0,0,0,0,0,0
2020-07-03,"New South Wales","NSW",0,3400,0,50,17848,907762,0,3400,0,2787,0,2,0,1,0,0,0,0
2020-07-03,"Northern Territory","NT",0,30,0,0,255,14214,0,30,0,29,0,1,0,0,0,0,0,0
2020-07-03,"Queensland","QLD",0,1067,0,6,5395,382114,0,1067,0,1054,0,1,0,0,0,0,0,0
2020-07-03,"South Australia","SA",0,443,0,4,2489,157971,0,443,0,436,0,0,0,0,0,0,0,0
2020-07-03,"Tasmania","TAS",0,228,0,13,1035,52002,0,228,0,215,0,0,0,0,0,0,0,0
2020-07-03,"Victoria","VIC",65,2368,0,20,24430,881021,65,2368,38,1904,3,23,2,6,0,0,0,0
2020-07-03,"Western Australia","WA",0,599,0,9,2260,191213,0,599,0,586,0,0,0,0,0,0,0,0
2020-07-04,"Australian Capital Territory","ACT",0,108,0,3,453,32016,0,108,0,105,0,0,0,0,0,0,0,0
2020-07-04,"New South Wales","NSW",5,3405,0,50,16556,924318,5,3405,1,2788,0,2,0,1,0,0,0,0
2020-07-04,"Northern Territory","NT",0,30,0,0,309,14523,0,30,0,29,0,1,0,0,0,0,0,0
2020-07-04,"Queensland","QLD",0,1067,0,6,4613,386727,0,1067,1,1055,0,1,0,0,0,0,0,0
2020-07-04,"South Australia","SA",0,443,0,4,2029,160000,0,443,0,436,0,0,0,0,0,0,0,0
2020-07-04,"Tasmania","TAS",0,228,0,13,663,52665,0,228,0,215,0,0,0,0,0,0,0,0
2020-07-04,"Victoria","VIC",101,2469,0,20,25553,906574,101,2469,34,1938,2,25,-3,3,0,0,0,0
2020-07-04,"Western Australia","WA",0,599,0,9,0,191213,0,599,1,587,0,0,0,0,0,0,0,0
2020-07-05,"Australian Capital Territory","ACT",0,108,0,3,257,32273,0,108,0,105,0,0,0,0,0,0,0,0
2020-07-05,"New South Wales","NSW",14,3419,0,50,18114,942432,14,3419,11,2799,0,2,0,1,0,0,0,0
2020-07-05,"Northern Territory","NT",0,30,0,0,225,14748,0,30,0,29,0,1,0,0,0,0,0,0
2020-07-05,"Queensland","QLD",0,1067,0,6,3845,390572,0,1067,0,1055,0,1,0,0,0,0,0,0
2020-07-05,"South Australia","SA",0,443,0,4,1092,161092,0,443,0,436,0,0,0,0,0,0,0,0
2020-07-05,"Tasmania","TAS",0,228,0,13,269,52934,0,228,0,215,0,0,0,0,0,0,0,0
2020-07-05,"Victoria","VIC",67,2536,0,20,21597,928171,67,2536,33,1971,1,26,0,3,0,0,0,0
2020-07-05,"Western Australia","WA",6,605,0,9,0,191213,6,605,0,587,0,0,0,0,0,0,0,0
2020-07-06,"Australian Capital Territory","ACT",0,108,0,3,289,32562,0,108,0,105,0,0,0,0,0,0,0,0
2020-07-06,"New South Wales","NSW",10,3429,0,50,11555,953987,10,3429,0,2799,-1,1,0,1,0,0,0,0
2020-07-06,"Northern Territory","NT",0,30,0,0,25,14773,0,30,0,29,0,1,0,0,0,0,0,0
2020-07-06,"Queensland","QLD",0,1067,0,6,1666,392238,0,1067,0,1055,0,1,0,0,0,0,0,0
2020-07-06,"South Australia","SA",0,443,0,4,907,161999,0,443,0,436,0,0,0,0,0,0,0,0
2020-07-06,"Tasmania","TAS",0,228,0,13,1865,54799,0,228,0,215,0,0,0,0,0,0,0,0
2020-07-06,"Victoria","VIC",124,2660,2,22,24528,952699,124,2660,21,1992,5,31,2,5,0,0,0,0
2020-07-06,"Western Australia","WA",3,608,0,9,4895,196108,3,608,0,587,0,0,0,0,0,0,0,0
2020-07-07,"Australian Capital Territory","ACT",0,108,0,3,0,32562,0,108,0,105,0,0,0,0,0,0,0,0
2020-07-07,"New South Wales","NSW",4,3433,0,50,9746,963733,4,3433,-1,2798,1,2,0,1,0,0,0,0
2020-07-07,"Northern Territory","NT",0,30,0,0,339,15112,0,30,0,29,0,1,0,0,0,0,0,0
2020-07-07,"Queensland","QLD",1,1068,0,6,2789,395027,1,1068,0,1055,0,1,0,0,0,0,0,0
2020-07-07,"South Australia","SA",0,443,0,4,1445,163444,0,443,0,436,0,0,0,0,0,0,0,0
2020-07-07,"Tasmania","TAS",0,228,0,13,-707,54092,0,228,0,215,0,0,0,0,0,0,0,0
2020-07-07,"Victoria","VIC",164,2824,0,22,26554,979253,164,2824,36,2028,4,35,4,9,0,0,0,0
2020-07-07,"Western Australia","WA",0,608,0,9,1776,197884,0,608,0,587,0,0,0,0,0,0,0,0
2020-07-08,"Australian Capital Territory","ACT",3,111,0,3,661,33223,3,111,0,105,0,0,0,0,0,0,0,0
2020-07-08,"New South Wales","NSW",7,3440,0,50,15327,979060,7,3440,-1,2797,1,3,0,1,0,0,0,0
2020-07-08,"Northern Territory","NT",0,30,0,0,364,15476,0,30,0,29,0,1,0,0,0,0,0,0
2020-07-08,"Queensland","QLD",0,1068,0,6,3817,398844,0,1068,1,1056,0,1,0,0,0,0,0,0
2020-07-08,"South Australia","SA",0,443,0,4,2156,165600,0,443,0,436,0,0,0,0,0,0,0,0
2020-07-08,"Tasmania","TAS",0,228,0,13,547,54639,0,228,0,215,0,0,0,0,0,0,0,0
2020-07-08,"Victoria","VIC",118,2942,0,22,29424,1008677,118,2942,30,2058,6,41,-2,7,0,0,0,0
2020-07-08,"Western Australia","WA",2,610,0,9,3003,200887,2,610,1,588,0,0,0,0,0,0,0,0
2020-07-09,"Australian Capital Territory","ACT",1,112,0,3,697,33920,1,112,0,105,0,0,0,0,0,0,0,0
2020-07-09,"New South Wales","NSW",13,3453,0,50,18676,997736,13,3453,0,2797,0,3,0,1,0,0,0,0
2020-07-09,"Northern Territory","NT",0,30,0,0,308,15784,0,30,0,29,0,1,0,0,0,0,0,0
2020-07-09,"Queensland","QLD",0,1068,0,6,7828,406672,0,1068,1,1057,0,1,0,0,0,0,0,0
2020-07-09,"South Australia","SA",0,443,0,4,2053,167653,0,443,3,439,0,0,0,0,0,0,0,0
2020-07-09,"Tasmania","TAS",0,228,0,13,874,55513,0,228,0,215,0,0,0,0,0,0,0,0
2020-07-09,"Victoria","VIC",156,3098,0,22,21785,1030462,156,3098,84,2142,-1,40,2,9,0,0,0,0
2020-07-09,"Western Australia","WA",3,613,0,9,2204,203091,3,613,0,588,0,0,0,0,0,0,0,0
2020-07-10,"Australian Capital Territory","ACT",1,113,0,3,881,34801,1,113,0,105,0,0,0,0,0,0,0,0
2020-07-10,"New South Wales","NSW",14,3467,0,50,9926,1007662,14,3467,1,2798,1,4,0,1,0,0,0,0
2020-07-10,"Northern Territory","NT",1,31,0,0,308,16092,1,31,0,29,1,2,0,0,0,0,0,0
2020-07-10,"Queensland","QLD",0,1068,0,6,6166,412838,0,1068,0,1057,0,1,0,0,0,0,0,0
2020-07-10,"South Australia","SA",0,443,0,4,2104,169757,0,443,0,439,0,0,0,0,0,0,0,0
2020-07-10,"Tasmania","TAS",0,228,0,13,626,56139,0,228,0,215,0,0,0,0,0,0,0,0
2020-07-10,"Victoria","VIC",281,3379,0,22,37588,1068050,281,3379,59,2201,7,47,3,12,0,0,0,0
2020-07-10,"Western Australia","WA",3,616,0,9,1838,204929,3,616,0,588,0,0,0,0,0,0,0,0
2020-07-11,"Australian Capital Territory","ACT",0,113,0,3,1071,35872,0,113,0,105,0,0,0,0,0,0,0,0
2020-07-11,"New South Wales","NSW",7,3474,0,50,16748,1024410,7,3474,1,2799,-1,3,0,1,0,0,0,0
2020-07-11,"Northern Territory","NT",0,31,0,0,642,16734,0,31,0,29,0,2,0,0,0,0,0,0
2020-07-11,"Queensland","QLD",2,1070,0,6,5132,417970,2,1070,1,1058,0,1,0,0,0,0,0,0
2020-07-11,"South Australia","SA",0,443,0,4,0,169757,0,443,0,439,0,0,0,0,0,0,0,0
2020-07-11,"Tasmania","TAS",0,228,0,13,463,56602,0,228,0,215,0,0,0,0,0,0,0,0
2020-07-11,"Victoria","VIC",181,3560,1,23,27169,1095219,181,3560,85,2286,2,49,3,15,0,0,0,0
2020-07-11,"Western Australia","WA",2,618,0,9,0,204929,2,618,0,588,0,0,0,0,0,0,0,0
2020-07-12,"Australian Capital Territory","ACT",0,113,0,3,760,36632,0,113,0,105,0,0,0,0,0,0,0,0
2020-07-12,"New South Wales","NSW",4,3478,0,50,14975,1039385,4,3478,0,2799,4,7,0,1,0,0,0,0
2020-07-12,"Northern Territory","NT",0,31,0,0,228,16962,0,31,0,29,0,2,0,0,0,0,0,0
2020-07-12,"Queensland","QLD",0,1070,0,6,3768,421738,0,1070,0,1058,0,1,0,0,0,0,0,0
2020-07-12,"South Australia","SA",0,443,0,4,3539,173296,0,443,0,439,0,0,0,0,0,0,0,0
2020-07-12,"Tasmania","TAS",0,228,0,13,530,57132,0,228,0,215,0,0,0,0,0,0,0,0
2020-07-12,"Victoria","VIC",239,3799,1,24,30195,1125414,239,3799,3,2289,8,57,1,16,0,0,0,0
2020-07-12,"Western Australia","WA",1,619,0,9,0,204929,1,619,1,589,0,0,0,0,0,0,0,0
2020-07-13,"Australian Capital Territory","ACT",0,113,0,3,601,37233,0,113,0,105,0,0,0,0,0,0,0,0
2020-07-13,"New South Wales","NSW",14,3492,0,50,10786,1050171,14,3492,0,2799,10,17,0,1,0,0,0,0
2020-07-13,"Northern Territory","NT",0,31,0,0,66,17028,0,31,0,29,0,2,0,0,0,0,0,0
2020-07-13,"Queensland","QLD",1,1071,0,6,2173,423911,1,1071,0,1058,0,1,0,0,0,0,0,0
2020-07-13,"South Australia","SA",0,443,0,4,1257,174553,0,443,0,439,0,0,0,0,0,0,0,0
2020-07-13,"Tasmania","TAS",0,228,0,13,331,57463,0,228,0,215,0,0,0,0,0,0,0,0
2020-07-13,"Victoria","VIC",168,3967,0,24,22943,1148357,168,3967,40,2329,15,72,1,17,0,0,0,0
2020-07-13,"Western Australia","WA",0,619,0,9,4143,209072,0,619,1,590,0,0,0,0,0,0,0,0
2020-07-14,"Australian Capital Territory","ACT",0,113,0,3,323,37556,0,113,0,105,0,0,0,0,0,0,0,0
2020-07-14,"New South Wales","NSW",13,3505,0,50,12332,1062503,13,3505,0,2799,-15,2,0,1,0,0,0,0
2020-07-14,"Northern Territory","NT",0,31,0,0,2639,19667,0,31,0,29,0,2,0,0,0,0,0,0
2020-07-14,"Queensland","QLD",0,1071,0,6,4509,428420,0,1071,0,1058,0,1,0,0,0,0,0,0
2020-07-14,"South Australia","SA",0,443,0,4,1817,176370,0,443,0,439,0,0,0,0,0,0,0,0
2020-07-14,"Tasmania","TAS",0,228,0,13,339,57802,0,228,0,215,0,0,0,0,0,0,0,0
2020-07-14,"Victoria","VIC",257,4224,2,26,21995,1170352,257,4224,66,2395,13,85,9,26,0,0,0,0
2020-07-14,"Western Australia","WA",1,620,0,9,495,209567,1,620,0,590,0,0,0,0,0,0,0,0
2020-07-15,"Australian Capital Territory","ACT",0,113,0,3,1129,38685,0,113,0,105,0,0,0,0,0,0,0,0
2020-07-15,"New South Wales","NSW",12,3517,0,50,17660,1080163,12,3517,0,2799,0,2,0,1,0,0,0,0
2020-07-15,"Northern Territory","NT",0,31,0,0,-1022,18645,0,31,0,29,0,2,0,0,0,0,0,0
2020-07-15,"Queensland","QLD",0,1071,0,6,6778,435198,0,1071,0,1058,0,1,0,0,0,0,0,0
2020-07-15,"South Australia","SA",0,443,0,4,2499,178869,0,443,0,439,0,0,0,0,0,0,0,0
2020-07-15,"Tasmania","TAS",0,228,0,13,702,58504,0,228,0,215,0,0,0,0,0,0,0,0
2020-07-15,"Victoria","VIC",224,4448,1,27,27040,1197392,224,4448,93,2488,20,105,1,27,0,0,0,0
2020-07-15,"Western Australia","WA",8,628,0,9,5118,214685,8,628,0,590,1,1,0,0,0,0,0,0
2020-07-16,"Australian Capital Territory","ACT",0,113,0,3,973,39658,0,113,0,105,0,0,0,0,0,0,0,0
2020-07-16,"New South Wales","NSW",10,3527,0,50,22836,1102999,10,3527,0,2799,0,2,0,1,0,0,0,0
2020-07-16,"Northern Territory","NT",0,31,0,0,360,19005,0,31,0,29,-1,1,0,0,0,0,0,0
2020-07-16,"Queensland","QLD",0,1071,0,6,6800,441998,0,1071,0,1058,0,1,0,0,0,0,0,0
2020-07-16,"South Australia","SA",1,444,0,4,2544,181413,1,444,1,440,0,0,0,0,0,0,0,0
2020-07-16,"Tasmania","TAS",0,228,0,13,852,59356,0,228,0,215,0,0,0,0,0,0,0,0
2020-07-16,"Victoria","VIC",302,4750,2,29,28607,1225999,302,4750,103,2591,4,109,2,29,0,0,0,0
2020-07-16,"Western Australia","WA",2,630,0,9,2603,217288,2,630,4,594,0,1,0,0,0,0,0,0
2020-07-17,"Australian Capital Territory","ACT",0,113,0,3,875,40533,0,113,0,105,0,0,0,0,0,0,0,0
2020-07-17,"New South Wales","NSW",8,3535,0,50,24467,1127466,8,3535,0,2799,0,2,0,1,0,0,0,0
2020-07-17,"Northern Territory","NT",0,31,0,0,354,19359,0,31,0,29,0,1,0,0,0,0,0,0
2020-07-17,"Queensland","QLD",0,1071,0,6,6761,448759,0,1071,0,1058,0,1,0,0,0,0,0,0
2020-07-17,"South Australia","SA",0,444,0,4,2673,184086,0,444,0,440,0,0,0,0,0,0,0,0
2020-07-17,"Tasmania","TAS",0,228,0,13,739,60095,0,228,0,215,0,0,0,0,0,0,0,0
2020-07-17,"Victoria","VIC",415,5165,3,32,24409,1250408,415,5165,78,2669,13,122,2,31,22,22,0,0
2020-07-17,"Western Australia","WA",2,632,0,9,2470,219758,2,632,3,597,0,1,0,0,0,0,0,0
2020-07-18,"Australian Capital Territory","ACT",0,113,0,3,740,41273,0,113,0,105,0,0,0,0,0,0,0,0
2020-07-18,"New South Wales","NSW",15,3550,0,50,27702,1155168,15,3550,0,2799,1,3,0,1,0,0,0,0
2020-07-18,"Northern Territory","NT",0,31,0,0,296,19655,0,31,0,29,0,1,0,0,0,0,0,0
2020-07-18,"Queensland","QLD",0,1071,0,6,6072,454831,0,1071,1,1059,0,1,0,0,0,0,0,0
2020-07-18,"South Australia","SA",0,444,0,4,0,184086,0,444,0,440,0,0,0,0,0,0,0,0
2020-07-18,"Tasmania","TAS",0,228,0,13,453,60548,0,228,0,215,0,0,0,0,0,0,0,0
2020-07-18,"Victoria","VIC",188,5353,3,35,28104,1278512,188,5353,40,2709,-12,110,-6,25,-4,18,0,0
2020-07-18,"Western Australia","WA",1,633,0,9,0,219758,1,633,2,599,-1,0,0,0,0,0,0,0
2020-07-19,"Australian Capital Territory","ACT",0,113,0,3,730,42003,0,113,0,105,0,0,0,0,0,0,0,0
2020-07-19,"New South Wales","NSW",18,3568,0,50,25917,1181085,18,3568,0,2799,-1,2,0,1,0,0,0,0
2020-07-19,"Northern Territory","NT",0,31,0,0,252,19907,0,31,0,29,0,1,0,0,0,0,0,0
2020-07-19,"Queensland","QLD",0,1071,0,6,4308,459139,0,1071,1,1060,0,1,0,0,0,0,0,0
2020-07-19,"South Australia","SA",0,444,0,4,4342,188428,0,444,0,440,0,0,0,0,0,0,0,0
2020-07-19,"Tasmania","TAS",0,228,0,13,409,60957,0,228,0,215,0,0,0,0,0,0,0,0
2020-07-19,"Victoria","VIC",343,5696,3,38,26674,1305186,343,5696,110,2819,20,130,3,28,0,18,0,0
2020-07-19,"Western Australia","WA",0,633,0,9,0,219758,0,633,0,599,1,1,0,0,0,0,0,0
2020-07-20,"Australian Capital Territory","ACT",0,113,0,3,501,42504,0,113,2,107,0,0,0,0,0,0,0,0
2020-07-20,"New South Wales","NSW",20,3588,0,50,21167,1202252,20,3588,0,2799,3,5,1,2,1,1,0,0
2020-07-20,"Northern Territory","NT",0,31,0,0,119,20026,0,31,0,29,0,1,0,0,0,0,0,0
2020-07-20,"Queensland","QLD",1,1072,0,6,2793,461932,1,1072,1,1061,1,2,0,0,0,0,0,0
2020-07-20,"South Australia","SA",0,444,0,4,1377,189805,0,444,0,440,0,0,0,0,0,0,0,0
2020-07-20,"Tasmania","TAS",1,229,0,13,458,61415,1,229,0,215,0,0,0,0,0,0,0,0
2020-07-20,"Victoria","VIC",246,5942,1,39,26588,1331774,246,5942,114,2933,17,147,3,31,-2,16,0,0
2020-07-20,"Western Australia","WA",0,633,0,9,4959,224717,0,633,5,604,0,1,0,0,0,0,0,0
2020-07-21,"Australian Capital Territory","ACT",0,113,0,3,219,42723,0,113,0,107,0,0,0,0,0,0,0,0
2020-07-21,"New South Wales","NSW",11,3599,0,50,15903,1218155,11,3599,0,2799,-1,4,0,2,0,1,0,0
2020-07-21,"Northern Territory","NT",0,31,0,0,322,20348,0,31,0,29,0,1,0,0,0,0,0,0
2020-07-21,"Queensland","QLD",0,1072,0,6,4547,466479,0,1072,0,1061,0,2,0,0,0,0,0,0
2020-07-21,"South Australia","SA",0,444,0,4,2631,192436,0,444,0,440,0,0,0,0,0,0,0,0
2020-07-21,"Tasmania","TAS",0,229,0,13,395,61810,0,229,0,215,0,0,0,0,0,0,0,0
2020-07-21,"Victoria","VIC",347,6289,3,42,29464,1361238,347,6289,145,3078,27,174,5,36,6,22,0,0
2020-07-21,"Western Australia","WA",0,633,0,9,2829,227546,0,633,3,607,0,1,0,0,0,0,0,0
2020-07-22,"Australian Capital Territory","ACT",0,113,0,3,1355,44078,0,113,0,107,0,0,0,0,0,0,0,0
2020-07-22,"New South Wales","NSW",15,3614,0,50,18465,1236620,15,3614,0,2799,1,5,0,2,0,1,0,0
2020-07-22,"Northern Territory","NT",0,31,0,0,789,21137,0,31,0,29,0,1,0,0,0,0,0,0
2020-07-22,"Queensland","QLD",1,1073,0,6,7854,474333,1,1073,1,1062,0,2,0,0,0,0,0,0
2020-07-22,"South Australia","SA",2,446,0,4,2931,195367,2,446,1,441,0,0,0,0,0,0,0,0
2020-07-22,"Tasmania","TAS",0,229,0,13,818,62628,0,229,0,215,1,1,0,0,0,0,0,0
2020-07-22,"Victoria","VIC",450,6739,2,44,24726,1385964,450,6739,106,3184,31,205,4,40,2,24,0,0
2020-07-22,"Western Australia","WA",0,633,0,9,2856,230402,0,633,1,608,0,1,0,0,0,0,0,0
2020-07-23,"Australian Capital Territory","ACT",0,113,0,3,1329,45407,0,113,2,109,0,0,0,0,0,0,0,0
2020-07-23,"New South Wales","NSW",19,3633,0,50,24640,1261260,19,3633,0,2799,1,6,-1,1,0,1,0,0
2020-07-23,"Northern Territory","NT",0,31,0,0,405,21542,0,31,0,29,0,1,0,0,0,0,0,0
2020-07-23,"Queensland","QLD",1,1074,0,6,8140,482473,1,1074,1,1063,0,2,0,0,0,0,0,0
2020-07-23,"South Australia","SA",1,447,0,4,4336,199703,1,447,0,441,0,0,0,0,0,0,0,0
2020-07-23,"Tasmania","TAS",0,229,0,13,732,63360,0,229,0,215,0,1,0,0,0,0,0,0
2020-07-23,"Victoria","VIC",386,7125,5,49,27151,1413115,386,7125,114,3298,-4,201,0,40,0,24,0,0
2020-07-23,"Western Australia","WA",0,633,0,9,2575,232977,0,633,2,610,-1,0,0,0,0,0,0,0
2020-07-24,"Australian Capital Territory","ACT",0,113,0,3,808,46215,0,113,0,109,0,0,0,0,0,0,0,0
2020-07-24,"New South Wales","NSW",7,3640,0,50,36169,1297429,7,3640,0,2799,1,7,2,3,0,1,0,0
2020-07-24,"Northern Territory","NT",0,31,0,0,283,21825,0,31,0,29,0,1,0,0,0,0,0,0
2020-07-24,"Queensland","QLD",2,1076,0,6,7421,489894,2,1076,0,1063,0,2,0,0,0,0,0,0
2020-07-24,"South Australia","SA",0,447,0,4,3342,203045,0,447,0,441,0,0,0,0,0,0,0,0
2020-07-24,"Tasmania","TAS",0,229,0,13,908,64268,0,229,0,215,0,1,0,0,0,0,0,0
2020-07-24,"Victoria","VIC",280,7405,7,56,24118,1437233,280,7405,152,3450,5,206,1,41,-24,0,0,0
2020-07-24,"Western Australia","WA",0,633,0,9,2535,235512,0,633,2,612,0,0,0,0,0,0,0,0
2020-07-25,"Australian Capital Territory","ACT",0,113,0,3,1073,47288,0,113,0,109,0,0,0,0,0,0,0,0
2020-07-25,"New South Wales","NSW",14,3654,0,50,30535,1327964,14,3654,0,2799,-1,6,1,4,0,1,0,0
2020-07-25,"Northern Territory","NT",0,31,0,0,283,22108,0,31,0,29,0,1,0,0,0,0,0,0
2020-07-25,"Queensland","QLD",0,1076,0,6,7954,497848,0,1076,0,1063,0,2,0,0,0,0,0,0
2020-07-25,"South Australia","SA",0,447,0,4,3004,206049,0,447,0,441,0,0,0,0,0,0,0,0
2020-07-25,"Tasmania","TAS",0,229,0,13,922,65190,0,229,0,215,0,1,0,0,0,0,0,0
2020-07-25,"Victoria","VIC",339,7744,5,61,20313,1457546,339,7744,79,3529,23,229,1,42,0,0,0,0
2020-07-25,"Western Australia","WA",0,633,0,9,0,235512,0,633,7,619,0,0,0,0,0,0,0,0
2020-07-26,"Australian Capital Territory","ACT",0,113,0,3,629,47917,0,113,0,109,0,0,0,0,0,0,0,0
2020-07-26,"New South Wales","NSW",14,3668,0,50,25139,1353103,14,3668,0,2799,3,9,0,4,0,1,0,0
2020-07-26,"Northern Territory","NT",0,31,0,0,143,22251,0,31,0,29,0,1,0,0,0,0,0,0
2020-07-26,"Queensland","QLD",0,1076,0,6,4620,502468,0,1076,0,1063,0,2,0,0,0,0,0,0
2020-07-26,"South Australia","SA",0,447,0,4,1835,207884,0,447,0,441,0,0,0,0,0,0,0,0
2020-07-26,"Tasmania","TAS",0,229,0,13,280,65470,0,229,0,215,0,1,0,0,0,0,0,0
2020-07-26,"Victoria","VIC",437,8181,10,71,42973,1500519,437,8181,151,3680,-1,228,0,42,21,21,0,0
2020-07-26,"Western Australia","WA",2,635,0,9,0,235512,2,635,2,621,0,0,0,0,0,0,0,0
2020-07-27,"Australian Capital Territory","ACT",0,113,0,3,323,48240,0,113,0,109,0,0,0,0,0,0,0,0
2020-07-27,"New South Wales","NSW",17,3685,0,50,22032,1375135,17,3685,1,2800,1,10,1,5,0,1,0,0
2020-07-27,"Northern Territory","NT",0,31,0,0,275,22526,0,31,0,29,0,1,0,0,0,0,0,0
2020-07-27,"Queensland","QLD",0,1076,0,6,3160,505628,0,1076,0,1063,0,2,0,0,0,0,0,0
2020-07-27,"South Australia","SA",0,447,0,4,2112,209996,0,447,0,441,0,0,0,0,0,0,0,0
2020-07-27,"Tasmania","TAS",0,229,0,13,549,66019,0,229,0,215,0,1,0,0,0,0,0,0
2020-07-27,"Victoria","VIC",515,8696,6,77,17588,1518107,515,8696,137,3817,17,245,2,44,2,23,0,0
2020-07-27,"Western Australia","WA",0,635,0,9,5927,241439,0,635,3,624,0,0,0,0,0,0,0,0
2020-07-28,"Australian Capital Territory","ACT",0,113,0,3,446,48686,0,113,0,109,0,0,0,0,0,0,0,0
2020-07-28,"New South Wales","NSW",14,3699,0,50,16009,1391144,14,3699,0,2800,1,11,0,5,0,1,0,0
2020-07-28,"Northern Territory","NT",0,31,0,0,558,23084,0,31,0,29,0,1,0,0,0,0,0,0
2020-07-28,"Queensland","QLD",0,1076,0,6,4578,510206,0,1076,0,1063,0,2,0,0,0,0,0,0
2020-07-28,"South Australia","SA",1,448,0,4,2494,212490,1,448,0,441,0,0,0,0,0,0,0,0
2020-07-28,"Tasmania","TAS",0,229,0,13,525,66544,0,229,0,215,0,1,0,0,0,0,0,0
2020-07-28,"Victoria","VIC",353,9049,6,83,18521,1536628,353,9049,120,3937,15,260,-2,42,0,23,0,0
2020-07-28,"Western Australia","WA",1,636,0,9,1840,243279,1,636,0,624,0,0,0,0,0,0,0,0
2020-07-29,"Australian Capital Territory","ACT",0,113,0,3,932,49618,0,113,0,109,0,0,0,0,0,0,0,0
2020-07-29,"New South Wales","NSW",19,3718,0,50,18543,1409687,19,3718,0,2800,-1,10,0,5,0,1,0,0
2020-07-29,"Northern Territory","NT",0,31,0,0,427,23511,0,31,1,30,0,1,0,0,0,0,0,0
2020-07-29,"Queensland","QLD",3,1079,0,6,8311,518517,3,1079,2,1065,2,4,0,0,0,0,0,0
2020-07-29,"South Australia","SA",0,448,0,4,16360,228850,0,448,0,441,0,0,0,0,0,0,0,0
2020-07-29,"Tasmania","TAS",0,229,0,13,639,67183,0,229,0,215,0,1,0,0,0,0,0,0
2020-07-29,"Victoria","VIC",255,9304,9,92,18077,1554705,255,9304,186,4123,47,307,-1,41,-23,0,0,0
2020-07-29,"Western Australia","WA",2,638,0,9,2899,246178,2,638,0,624,0,0,0,0,0,0,0,0
2020-07-30,"Australian Capital Territory","ACT",0,113,0,3,750,50368,0,113,0,109,0,0,0,0,0,0,0,0
2020-07-30,"New South Wales","NSW",18,3736,0,50,27147,1436834,18,3736,0,2800,1,11,1,6,0,1,0,0
2020-07-30,"Northern Territory","NT",0,31,0,0,567,24078,0,31,0,30,0,1,0,0,0,0,0,0
2020-07-30,"Queensland","QLD",3,1082,0,6,8251,526768,3,1082,0,1065,1,5,0,0,0,0,0,0
2020-07-30,"South Australia","SA",1,449,0,4,4764,233614,1,449,0,441,0,0,0,0,0,0,0,0
2020-07-30,"Tasmania","TAS",0,229,0,13,954,68137,0,229,0,215,0,1,0,0,0,0,0,0
2020-07-30,"Victoria","VIC",694,9998,13,105,19921,1574626,694,9998,136,4259,5,312,-7,34,0,0,0,0
2020-07-30,"Western Australia","WA",1,639,0,9,2499,248677,1,639,-2,622,0,0,0,0,0,0,0,0
2020-07-31,"Australian Capital Territory","ACT",0,113,0,3,488,50856,0,113,0,109,0,0,0,0,0,0,0,0
2020-07-31,"New South Wales","NSW",20,3756,0,50,25321,1462155,20,3756,0,2800,0,11,2,8,3,4,0,0
2020-07-31,"Northern Territory","NT",1,32,0,0,460,24538,1,32,0,30,0,1,0,0,0,0,0,0
2020-07-31,"Queensland","QLD",1,1083,0,6,9076,535844,1,1083,1,1066,0,5,0,0,0,0,0,0
2020-07-31,"South Australia","SA",1,450,0,4,4152,237766,1,450,2,443,0,0,0,0,0,0,0,0
2020-07-31,"Tasmania","TAS",0,229,0,13,768,68905,0,229,1,216,0,1,0,0,0,0,0,0
2020-07-31,"Victoria","VIC",579,10577,8,113,33826,1608452,579,10577,220,4479,37,349,2,36,23,23,0,0
2020-07-31,"Western Australia","WA",1,640,0,9,1112,249789,1,640,0,622,0,0,0,0,0,0,0,0
2020-08-01,"Australian Capital Territory","ACT",0,113,0,3,858,51714,0,113,1,110,0,0,0,0,0,0,0,0
2020-08-01,"New South Wales","NSW",17,3773,1,51,23458,1485613,17,3773,1,2801,2,13,1,9,0,4,0,0
2020-08-01,"Northern Territory","NT",1,33,0,0,377,24915,1,33,0,30,2,3,0,0,0,0,0,0
2020-08-01,"Queensland","QLD",1,1084,0,6,13703,549547,1,1084,0,1066,1,6,0,0,0,0,0,0
2020-08-01,"South Australia","SA",1,451,0,4,4375,242141,1,451,0,443,0,0,0,0,0,0,0,0
2020-08-01,"Tasmania","TAS",0,229,0,13,647,69552,0,229,0,216,-1,0,0,0,0,0,0,0
2020-08-01,"Victoria","VIC",354,10931,3,116,25501,1633953,354,10931,217,4696,30,379,5,41,1,24,0,0
2020-08-01,"Western Australia","WA",0,640,0,9,0,249789,0,640,-2,620,0,0,0,0,0,0,0,0
2020-08-02,"Australian Capital Territory","ACT",0,113,0,3,925,52639,0,113,0,110,0,0,0,0,0,0,0,0
2020-08-02,"New South Wales","NSW",11,3784,0,51,22427,1508040,11,3784,1,2802,0,13,-1,8,0,4,0,0
2020-08-02,"Northern Territory","NT",0,33,0,0,296,25211,0,33,0,30,0,3,0,0,0,0,0,0
2020-08-02,"Queensland","QLD",1,1085,0,6,11060,560607,1,1085,0,1066,1,7,0,0,0,0,0,0
2020-08-02,"South Australia","SA",2,453,0,4,4019,246160,2,453,0,443,0,0,0,0,0,0,0,0
2020-08-02,"Tasmania","TAS",0,229,0,13,431,69983,0,229,0,216,0,0,0,0,0,0,0,0
2020-08-02,"Victoria","VIC",626,11557,7,123,18000,1651953,626,11557,219,4915,6,385,-3,38,2,26,0,0
2020-08-02,"Western Australia","WA",1,641,0,9,0,249789,1,641,4,624,0,0,0,0,0,0,0,0
2020-08-03,"Australian Capital Territory","ACT",0,113,0,3,543,53182,0,113,0,110,0,0,0,0,0,0,0,0
2020-08-03,"New South Wales","NSW",13,3797,0,51,18823,1526863,13,3797,0,2802,0,13,0,8,1,5,0,0
2020-08-03,"Northern Territory","NT",0,33,0,0,140,25351,0,33,0,30,0,3,0,0,0,0,0,0
2020-08-03,"Queensland","QLD",0,1085,0,6,8785,569392,0,1085,1,1067,0,7,0,0,0,0,0,0
2020-08-03,"South Australia","SA",2,455,0,4,4069,250229,2,455,0,443,0,0,0,0,0,0,0,0
2020-08-03,"Tasmania","TAS",0,229,0,13,376,70359,0,229,0,216,0,0,0,0,0,0,0,0
2020-08-03,"Victoria","VIC",380,11937,13,136,25000,1676953,380,11937,196,5111,31,416,-3,35,0,26,0,0
2020-08-03,"Western Australia","WA",0,641,0,9,7793,257582,0,641,0,624,0,0,0,0,0,0,0,0
2020-08-04,"Australian Capital Territory","ACT",0,113,0,3,496,53678,0,113,0,110,0,0,0,0,0,0,0,0
2020-08-04,"New South Wales","NSW",12,3809,0,51,12876,1539739,12,3809,0,2802,4,17,-2,6,0,5,0,0
2020-08-04,"Northern Territory","NT",0,33,0,0,199,25550,0,33,0,30,0,3,0,0,0,0,0,0
2020-08-04,"Queensland","QLD",0,1085,0,6,11894,581286,0,1085,0,1067,0,7,0,0,0,0,0,0
2020-08-04,"South Australia","SA",2,457,0,4,2626,252855,2,457,0,443,0,0,0,0,0,0,0,0
2020-08-04,"Tasmania","TAS",0,229,0,13,572,70931,0,229,0,216,0,0,0,0,0,0,0,0
2020-08-04,"Victoria","VIC",398,12335,11,147,21000,1697953,398,12335,172,5283,40,456,3,38,-26,0,0,0
2020-08-04,"Western Australia","WA",0,641,0,9,2043,259625,0,641,2,626,0,0,0,0,0,0,0,0
2020-08-05,"Australian Capital Territory","ACT",0,113,0,3,658,54336,0,113,0,110,0,0,0,0,0,0,0,0
2020-08-05,"New South Wales","NSW",11,3820,0,51,22087,1561826,11,3820,0,2802,3,20,3,9,1,6,0,0
2020-08-05,"Northern Territory","NT",0,33,0,0,464,26014,0,33,0,30,0,3,0,0,0,0,0,0
2020-08-05,"Queensland","QLD",3,1088,0,6,13715,595001,3,1088,2,1069,-2,5,0,0,0,0,0,0
2020-08-05,"South Australia","SA",-1,456,0,4,5553,258408,-1,456,1,444,0,0,0,0,0,0,0,0
2020-08-05,"Tasmania","TAS",0,229,0,13,536,71467,0,229,0,216,0,0,0,0,0,0,0,0
2020-08-05,"Victoria","VIC",700,13035,15,162,24000,1721953,700,13035,141,5424,82,538,4,42,30,30,0,0
2020-08-05,"Western Australia","WA",1,642,0,9,3451,263076,1,642,0,626,0,0,0,0,0,0,0,0
2020-08-06,"Australian Capital Territory","ACT",0,113,0,3,1671,56007,0,113,0,110,0,0,0,0,0,0,0,0
2020-08-06,"New South Wales","NSW",12,3832,0,51,28035,1589861,12,3832,0,2802,-4,16,1,10,-2,4,0,0
2020-08-06,"Northern Territory","NT",0,33,0,0,549,26563,0,33,0,30,0,3,0,0,0,0,0,0
2020-08-06,"Queensland","QLD",0,1088,0,6,14606,609607,0,1088,0,1069,1,6,0,0,0,0,0,0
2020-08-06,"South Australia","SA",1,457,0,4,6002,264410,1,457,1,445,0,0,0,0,0,0,0,0
2020-08-06,"Tasmania","TAS",0,229,0,13,1007,72474,0,229,0,216,0,0,0,0,0,0,0,0
2020-08-06,"Victoria","VIC",434,13469,8,170,25000,1746953,434,13469,204,5628,37,575,0,42,0,30,0,0
2020-08-06,"Western Australia","WA",0,642,0,9,3138,266214,0,642,0,626,0,0,0,0,0,0,0,0
2020-08-07,"Australian Capital Territory","ACT",0,113,0,3,212,56219,0,113,0,110,0,0,0,0,0,0,0,0
2020-08-07,"New South Wales","NSW",10,3842,0,51,27938,1617799,10,3842,0,2802,-1,15,0,10,1,5,0,0
2020-08-07,"Northern Territory","NT",0,33,0,0,562,27125,0,33,0,30,0,3,0,0,0,0,0,0
2020-08-07,"Queensland","QLD",0,1088,0,6,28404,638011,0,1088,0,1069,0,6,0,0,0,0,0,0
2020-08-07,"South Australia","SA",2,459,0,4,6516,270926,2,459,0,445,1,1,0,0,0,0,0,0
2020-08-07,"Tasmania","TAS",0,229,0,13,777,73251,0,229,0,216,0,0,0,0,0,0,0,0
2020-08-07,"Victoria","VIC",398,13867,11,181,25000,1771953,398,13867,201,5829,32,607,-1,41,-2,28,0,0
2020-08-07,"Western Australia","WA",0,642,0,9,2528,268742,0,642,1,627,0,0,0,0,0,0,0,0
2020-08-08,"Australian Capital Territory","ACT",0,113,0,3,504,56723,0,113,0,110,0,0,0,0,0,0,0,0
2020-08-08,"New South Wales","NSW",9,3851,0,51,24421,1642220,9,3851,0,2802,0,15,-1,9,1,6,0,0
2020-08-08,"Northern Territory","NT",0,33,0,0,493,27618,0,33,0,30,0,3,0,0,0,0,0,0
2020-08-08,"Queensland","QLD",0,1088,0,6,18865,656876,0,1088,0,1069,-2,4,0,0,0,0,0,0
2020-08-08,"South Australia","SA",0,459,0,4,7254,278180,0,459,1,446,0,1,0,0,0,0,0,0
2020-08-08,"Tasmania","TAS",0,229,0,13,644,73895,0,229,0,216,0,0,0,0,0,0,0,0
2020-08-08,"Victoria","VIC",416,14283,12,193,-11984,1759969,416,14283,237,6066,29,636,3,44,1,29,0,0
2020-08-08,"Western Australia","WA",0,642,0,9,0,268742,0,642,1,628,0,0,0,0,0,0,0,0
2020-08-09,"Australian Capital Territory","ACT",0,113,0,3,567,57290,0,113,0,110,0,0,0,0,0,0,0,0
2020-08-09,"New South Wales","NSW",10,3861,0,51,31681,1673901,10,3861,0,2802,2,17,-1,8,0,6,0,0
2020-08-09,"Northern Territory","NT",0,33,0,0,328,27946,0,33,0,30,0,3,0,0,0,0,0,0
2020-08-09,"Queensland","QLD",0,1088,0,6,11875,668751,0,1088,0,1069,0,4,0,0,0,0,0,0
2020-08-09,"South Australia","SA",0,459,0,4,7034,285214,0,459,0,446,0,1,0,0,0,0,0,0
2020-08-09,"Tasmania","TAS",0,229,0,13,290,74185,0,229,0,216,0,0,0,0,0,0,0,0
2020-08-09,"Victoria","VIC",376,14659,17,210,41416,1801385,376,14659,312,6378,-2,634,-1,43,-3,26,0,0
2020-08-09,"Western Australia","WA",0,642,0,9,0,268742,0,642,1,629,0,0,0,0,0,0,0,0
2020-08-10,"Australian Capital Territory","ACT",0,113,0,3,2562,59852,0,113,0,110,0,0,0,0,0,0,0,0
2020-08-10,"New South Wales","NSW",14,3875,0,51,19920,1693821,14,3875,0,2802,0,17,0,8,0,6,0,0
2020-08-10,"Northern Territory","NT",0,33,0,0,177,28123,0,33,0,30,0,3,0,0,0,0,0,0
2020-08-10,"Queensland","QLD",1,1089,0,6,8549,677300,1,1089,3,1072,0,4,0,0,0,0,0,0
2020-08-10,"South Australia","SA",0,459,0,4,4493,289707,0,459,1,447,-1,0,0,0,0,0,0,0
2020-08-10,"Tasmania","TAS",0,229,0,13,400,74585,0,229,0,216,0,0,0,0,0,0,0,0
2020-08-10,"Victoria","VIC",298,14957,19,229,19213,1820598,298,14957,264,6642,6,640,4,47,5,31,0,0
2020-08-10,"Western Australia","WA",0,642,0,9,5818,274560,0,642,1,630,0,0,0,0,0,0,0,0
2020-08-11,"Australian Capital Territory","ACT",0,113,0,3,656,60508,0,113,0,110,0,0,0,0,0,0,0,0
2020-08-11,"New South Wales","NSW",22,3897,0,51,13257,1707078,22,3897,0,2802,0,17,0,8,0,6,0,0
2020-08-11,"Northern Territory","NT",0,33,0,0,373,28496,0,33,1,31,-1,2,0,0,0,0,0,0
2020-08-11,"Queensland","QLD",0,1089,0,6,6524,683824,0,1089,3,1075,0,4,0,0,0,0,0,0
2020-08-11,"South Australia","SA",0,459,0,4,4329,294036,0,459,0,447,0,0,0,0,0,0,0,0
2020-08-11,"Tasmania","TAS",1,230,0,13,378,74963,1,230,0,216,0,0,0,0,0,0,0,0
2020-08-11,"Victoria","VIC",294,15251,19,248,34090,1854688,294,15251,247,6889,10,650,4,51,-4,27,0,0
2020-08-11,"Western Australia","WA",0,642,0,9,2019,276579,0,642,0,630,0,0,0,0,0,0,0,0
2020-08-12,"Australian Capital Territory","ACT",0,113,0,3,747,61255,0,113,0,110,0,0,0,0,0,0,0,0
2020-08-12,"New South Wales","NSW",18,3915,0,51,20104,1727182,18,3915,0,2802,0,17,0,8,1,7,0,0
2020-08-12,"Northern Territory","NT",0,33,0,0,549,29045,0,33,0,31,0,2,0,0,0,0,0,0
2020-08-12,"Queensland","QLD",0,1089,0,6,9883,693707,0,1089,1,1076,0,4,0,0,0,0,0,0
2020-08-12,"South Australia","SA",0,459,0,4,5513,299549,0,459,2,449,0,0,0,0,0,0,0,0
2020-08-12,"Tasmania","TAS",0,230,0,13,912,75875,0,230,0,216,1,1,0,0,0,0,0,0
2020-08-12,"Victoria","VIC",395,15646,21,269,19927,1874615,395,15646,382,7271,12,662,-8,43,-2,25,0,0
2020-08-12,"Western Australia","WA",0,642,0,9,3537,280116,0,642,2,632,0,0,0,0,0,0,0,0
2020-08-13,"Australian Capital Territory","ACT",0,113,0,3,1169,62424,0,113,0,110,0,0,0,0,0,0,0,0
2020-08-13,"New South Wales","NSW",12,3927,1,52,24621,1751803,12,3927,0,2802,-2,15,-1,7,-1,6,0,0
2020-08-13,"Northern Territory","NT",0,33,0,0,429,29474,0,33,0,31,0,2,0,0,0,0,0,0
2020-08-13,"Queensland","QLD",0,1089,0,6,11915,705622,0,1089,0,1076,0,4,0,0,0,0,0,0
2020-08-13,"South Australia","SA",0,459,0,4,5506,305055,0,459,0,449,0,0,0,0,0,0,0,0
2020-08-13,"Tasmania","TAS",0,230,0,13,962,76837,0,230,0,216,0,1,0,0,0,0,0,0
2020-08-13,"Victoria","VIC",217,15863,8,277,20951,1895566,217,15863,222,7493,2,664,-6,37,0,25,0,0
2020-08-13,"Western Australia","WA",2,644,0,9,2888,283004,2,644,0,632,0,0,0,0,0,0,0,0
2020-08-14,"Australian Capital Territory","ACT",0,113,0,3,1207,63631,0,113,0,110,0,0,0,0,0,0,0,0
2020-08-14,"New South Wales","NSW",9,3936,0,52,29696,1781499,9,3936,0,2802,-1,14,-1,6,-1,5,0,0
2020-08-14,"Northern Territory","NT",0,33,0,0,409,29883,0,33,0,31,0,2,0,0,0,0,0,0
2020-08-14,"Queensland","QLD",2,1091,0,6,10798,716420,2,1091,0,1076,-1,3,0,0,0,0,0,0
2020-08-14,"South Australia","SA",1,460,0,4,6808,311863,1,460,0,449,0,0,0,0,0,0,0,0
2020-08-14,"Tasmania","TAS",0,230,0,13,739,77576,0,230,0,216,0,1,0,0,0,0,0,0
2020-08-14,"Victoria","VIC",371,16234,14,291,18908,1914474,371,16234,349,7842,-5,659,4,41,1,26,0,0
2020-08-14,"Western Australia","WA",1,645,0,9,2064,285068,1,645,0,632,0,0,0,0,0,0,0,0
2020-08-15,"Australian Capital Territory","ACT",0,113,0,3,1197,64828,0,113,0,110,0,0,0,0,0,0,0,0
2020-08-15,"New South Wales","NSW",9,3945,0,52,27388,1808887,9,3945,0,2802,2,16,1,7,0,5,0,0
2020-08-15,"Northern Territory","NT",0,33,0,0,486,30369,0,33,2,33,0,2,0,0,0,0,0,0
2020-08-15,"Queensland","QLD",0,1091,0,6,5675,722095,0,1091,3,1079,0,3,0,0,0,0,0,0
2020-08-15,"South Australia","SA",0,460,0,4,4562,316425,0,460,0,449,0,0,0,0,0,0,0,0
2020-08-15,"Tasmania","TAS",0,230,0,13,800,78376,0,230,0,216,0,1,0,0,0,0,0,0
2020-08-15,"Victoria","VIC",283,16517,4,295,23262,1937736,283,16517,279,8121,2,661,0,41,2,28,0,0
2020-08-15,"Western Australia","WA",1,646,0,9,0,285068,1,646,0,632,0,0,0,0,0,0,0,0
2020-08-16,"Australian Capital Territory","ACT",0,113,0,3,180,65008,0,113,0,110,0,0,0,0,0,0,0,0
2020-08-16,"New South Wales","NSW",5,3950,1,53,24093,1832980,5,3950,0,2802,-2,14,0,7,0,5,0,0
2020-08-16,"Northern Territory","NT",0,33,0,0,158,30527,0,33,0,33,-2,0,0,0,0,0,0,0
2020-08-16,"Queensland","QLD",0,1091,0,6,3299,725394,0,1091,0,1079,0,3,0,0,0,0,0,0
2020-08-16,"South Australia","SA",1,461,0,4,4101,320526,1,461,1,450,0,0,0,0,0,0,0,0
2020-08-16,"Tasmania","TAS",0,230,0,13,377,78753,0,230,0,216,0,1,0,0,0,0,0,0
2020-08-16,"Victoria","VIC",247,16764,16,311,21566,1959302,247,16764,449,8570,1,662,-1,40,1,29,0,0
2020-08-16,"Western Australia","WA",0,646,0,9,0,285068,0,646,1,633,0,0,0,0,0,0,0,0
2020-08-17,"Australian Capital Territory","ACT",0,113,0,3,0,65008,0,113,0,110,0,0,0,0,0,0,0,0
2020-08-17,"New South Wales","NSW",7,3957,0,53,10806,1843786,7,3957,0,2802,-1,13,0,7,0,5,0,0
2020-08-17,"Northern Territory","NT",0,33,0,0,197,30724,0,33,0,33,0,0,0,0,0,0,0,0
2020-08-17,"Queensland","QLD",0,1091,0,6,2519,727913,0,1091,0,1079,0,3,0,0,0,0,0,0
2020-08-17,"South Australia","SA",1,462,0,4,2585,323111,1,462,0,450,0,0,0,0,0,0,0,0
2020-08-17,"Tasmania","TAS",0,230,0,13,374,79127,0,230,0,216,0,1,0,0,0,0,0,0
2020-08-17,"Victoria","VIC",263,17027,25,336,15728,1975030,263,17027,453,9023,-5,657,4,44,3,32,0,0
2020-08-17,"Western Australia","WA",0,646,0,9,6330,291398,0,646,0,633,0,0,0,0,0,0,0,0
2020-08-18,"Australian Capital Territory","ACT",0,113,0,3,0,65008,0,113,0,110,0,0,0,0,0,0,0,0
2020-08-18,"New South Wales","NSW",2,3959,0,53,13736,1857522,2,3959,0,2802,0,13,0,7,0,5,0,0
2020-08-18,"Northern Territory","NT",0,33,0,0,328,31052,0,33,0,33,0,0,0,0,0,0,0,0
2020-08-18,"Queensland","QLD",0,1091,0,6,7727,735640,0,1091,0,1079,0,3,0,0,0,0,0,0
2020-08-18,"South Australia","SA",0,462,0,4,2998,326109,0,462,0,450,0,0,0,0,0,0,0,0
2020-08-18,"Tasmania","TAS",0,230,0,13,342,79469,0,230,0,216,0,1,0,0,0,0,0,0
2020-08-18,"Victoria","VIC",211,17238,17,353,17491,1992521,211,17238,390,9413,8,665,1,45,0,32,0,0
2020-08-18,"Western Australia","WA",1,647,0,9,1894,293292,1,647,0,633,0,0,0,0,0,0,0,0
2020-08-19,"Australian Capital Territory","ACT",0,113,0,3,2506,67514,0,113,0,110,0,0,0,0,0,0,0,0
2020-08-19,"New South Wales","NSW",7,3966,0,53,19414,1876936,7,3966,0,2802,2,15,1,8,0,5,0,0
2020-08-19,"Northern Territory","NT",0,33,0,0,396,31448,0,33,0,33,0,0,0,0,0,0,0,0
2020-08-19,"Queensland","QLD",1,1092,0,6,11540,747180,1,1092,0,1079,0,3,0,0,0,0,0,0
2020-08-19,"South Australia","SA",0,462,0,4,5623,331732,0,462,2,452,0,0,0,0,0,0,0,0
2020-08-19,"Tasmania","TAS",0,230,0,13,784,80253,0,230,0,216,0,1,0,0,0,0,0,0
2020-08-19,"Victoria","VIC",208,17446,13,366,16109,2008630,208,17446,316,9729,10,675,0,45,-3,29,0,0
2020-08-19,"Western Australia","WA",4,651,0,9,3510,296802,4,651,0,633,0,0,0,0,0,0,0,0
2020-08-20,"Australian Capital Territory","ACT",0,113,0,3,760,68274,0,113,0,110,0,0,0,0,0,0,0,0
2020-08-20,"New South Wales","NSW",5,3971,0,53,28767,1905703,5,3971,0,2802,1,16,0,8,0,5,0,0
2020-08-20,"Northern Territory","NT",0,33,0,0,418,31866,0,33,0,33,0,0,0,0,0,0,0,0
2020-08-20,"Queensland","QLD",1,1093,0,6,9797,756977,1,1093,2,1081,2,5,0,0,0,0,0,0
2020-08-20,"South Australia","SA",0,462,0,4,5272,337004,0,462,0,452,0,0,0,0,0,0,0,0
2020-08-20,"Tasmania","TAS",0,230,0,13,808,81061,0,230,0,216,0,1,0,0,0,0,0,0
2020-08-20,"Victoria","VIC",237,17683,13,379,20279,2028909,237,17683,2605,12334,-53,622,-2,43,-1,28,0,0
2020-08-20,"Western Australia","WA",0,651,0,9,2235,299037,0,651,0,633,0,0,0,0,0,0,0,0
2020-08-21,"Australian Capital Territory","ACT",0,113,0,3,971,69245,0,113,0,110,0,0,0,0,0,0,0,0
2020-08-21,"New South Wales","NSW",1,3972,0,53,32580,1938283,1,3972,0,2802,0,16,-1,7,1,6,0,0
2020-08-21,"Northern Territory","NT",0,33,0,0,349,32215,0,33,0,33,0,0,0,0,0,0,0,0
2020-08-21,"Queensland","QLD",1,1094,0,6,9122,766099,1,1094,1,1082,-1,4,0,0,0,0,0,0
2020-08-21,"South Australia","SA",0,462,0,4,4538,341542,0,462,0,452,0,0,0,0,0,0,0,0
2020-08-21,"Tasmania","TAS",0,230,0,13,584,81645,0,230,0,216,0,1,0,0,0,0,0,0
2020-08-21,"Victoria","VIC",169,17852,9,388,20326,2049235,169,17852,606,12940,4,626,-3,40,-3,25,0,0
2020-08-21,"Western Australia","WA",0,651,0,9,2679,301716,0,651,0,633,0,0,0,0,0,0,0,0
2020-08-22,"Australian Capital Territory","ACT",0,113,0,3,672,69917,0,113,0,110,0,0,0,0,0,0,0,0
2020-08-22,"New South Wales","NSW",9,3981,0,53,30810,1969093,9,3981,0,2802,-1,15,0,7,-1,5,0,0
2020-08-22,"Northern Territory","NT",0,33,0,0,140,32355,0,33,0,33,0,0,0,0,0,0,0,0
2020-08-22,"Queensland","QLD",9,1103,0,6,9447,775546,9,1103,0,1082,1,5,0,0,0,0,0,0
2020-08-22,"South Australia","SA",0,462,0,4,4291,345833,0,462,0,452,0,0,0,0,0,0,0,0
2020-08-22,"Tasmania","TAS",0,230,0,13,991,82636,0,230,0,216,0,1,0,0,0,0,0,0
2020-08-22,"Victoria","VIC",177,18029,13,401,21346,2070581,177,18029,299,13239,-16,610,-4,36,-3,22,0,0
2020-08-22,"Western Australia","WA",0,651,0,9,0,301716,0,651,0,633,0,0,0,0,0,0,0,0
2020-08-23,"Australian Capital Territory","ACT",0,113,0,3,330,70247,0,113,0,110,0,0,0,0,0,0,0,0
2020-08-23,"New South Wales","NSW",4,3985,0,53,26480,1995573,4,3985,0,2802,-2,13,0,7,0,5,0,0
2020-08-23,"Northern Territory","NT",0,33,0,0,203,32558,0,33,0,33,0,0,0,0,0,0,0,0
2020-08-23,"Queensland","QLD",2,1105,0,6,6875,782421,2,1105,0,1082,0,5,0,0,0,0,0,0
2020-08-23,"South Australia","SA",1,463,0,4,3969,349802,1,463,4,456,0,0,0,0,0,0,0,0
2020-08-23,"Tasmania","TAS",0,230,0,13,306,82942,0,230,0,216,0,1,0,0,0,0,0,0
2020-08-23,"Victoria","VIC",202,18231,17,418,20747,2091328,202,18231,469,13708,-25,585,-4,32,-1,21,0,0
2020-08-23,"Western Australia","WA",1,652,0,9,0,301716,1,652,1,634,0,0,0,0,0,0,0,0
2020-08-24,"Australian Capital Territory","ACT",0,113,0,3,335,70582,0,113,0,110,0,0,0,0,0,0,0,0
2020-08-24,"New South Wales","NSW",3,3988,0,53,20720,2016293,3,3988,0,2802,1,14,0,7,0,5,0,0
2020-08-24,"Northern Territory","NT",0,33,0,0,498,33056,0,33,0,33,0,0,0,0,0,0,0,0
2020-08-24,"Queensland","QLD",1,1106,0,6,6834,789255,1,1106,0,1082,10,15,0,0,0,0,0,0
2020-08-24,"South Australia","SA",0,463,0,4,1805,351607,0,463,0,456,0,0,0,0,0,0,0,0
2020-08-24,"Tasmania","TAS",0,230,0,13,363,83305,0,230,0,216,0,1,0,0,0,0,0,0
2020-08-24,"Victoria","VIC",99,18330,15,433,14811,2106139,99,18330,369,14077,44,629,-1,31,-4,17,0,0
2020-08-24,"Western Australia","WA",1,653,0,9,6081,307797,1,653,1,635,0,0,0,0,0,0,0,0
2020-08-25,"Australian Capital Territory","ACT",0,113,0,3,924,71506,0,113,0,110,0,0,0,0,0,0,0,0
2020-08-25,"New South Wales","NSW",3,3991,0,53,10375,2026668,3,3991,0,2802,-4,10,0,7,-1,4,0,0
2020-08-25,"Northern Territory","NT",0,33,0,0,337,33393,0,33,0,33,0,0,0,0,0,0,0,0
2020-08-25,"Queensland","QLD",0,1106,0,6,8059,797314,0,1106,0,1082,1,16,0,0,0,0,0,0
2020-08-25,"South Australia","SA",0,463,0,4,2890,354497,0,463,0,456,0,0,0,0,0,0,0,0
2020-08-25,"Tasmania","TAS",0,230,0,13,356,83661,0,230,0,216,0,1,0,0,0,0,0,0
2020-08-25,"Victoria","VIC",134,18464,8,441,13060,2119199,134,18464,211,14288,-12,617,4,35,2,19,0,0
2020-08-25,"Western Australia","WA",0,653,0,9,20674,328471,0,653,0,635,0,0,0,0,0,0,0,0
2020-08-26,"Australian Capital Territory","ACT",0,113,0,3,951,72457,0,113,0,110,0,0,0,0,0,0,0,0
2020-08-26,"New South Wales","NSW",6,3997,0,53,25874,2052542,6,3997,0,2802,0,10,0,7,0,4,0,0
2020-08-26,"Northern Territory","NT",0,33,0,0,462,33855,0,33,0,33,0,0,0,0,0,0,0,0
2020-08-26,"Queensland","QLD",2,1108,0,6,20856,818170,2,1108,1,1083,-2,14,0,0,0,0,0,0
2020-08-26,"South Australia","SA",0,463,0,4,5429,359926,0,463,0,456,0,0,0,0,0,0,0,0
2020-08-26,"Tasmania","TAS",0,230,0,13,937,84598,0,230,0,216,0,1,0,0,0,0,0,0
2020-08-26,"Victoria","VIC",144,18608,24,465,13480,2132679,144,18608,284,14572,-39,578,4,39,-3,16,0,0
2020-08-26,"Western Australia","WA",0,653,0,9,3714,332185,0,653,1,636,0,0,0,0,0,0,0,0
2020-08-27,"Australian Capital Territory","ACT",0,113,0,3,841,73298,0,113,0,110,0,0,0,0,0,0,0,0
2020-08-27,"New South Wales","NSW",9,4006,0,53,30173,2082715,9,4006,0,2802,1,11,-1,6,0,4,0,0
2020-08-27,"Northern Territory","NT",0,33,0,0,456,34311,0,33,0,33,0,0,0,0,0,0,0,0
2020-08-27,"Queensland","QLD",2,1110,0,6,19780,837950,2,1110,0,1083,0,14,0,0,0,0,0,0
2020-08-27,"South Australia","SA",0,463,0,4,5190,365116,0,463,0,456,0,0,0,0,0,0,0,0
2020-08-27,"Tasmania","TAS",0,230,0,13,786,85384,0,230,0,216,0,1,0,0,0,0,0,0
2020-08-27,"Victoria","VIC",106,18714,22,487,25470,2158149,106,18714,265,14837,-46,532,-10,29,-5,11,0,0
2020-08-27,"Western Australia","WA",0,653,0,9,3572,335757,0,653,1,637,0,0,0,0,0,0,0,0
2020-08-28,"Australian Capital Territory","ACT",0,113,0,3,775,74073,0,113,0,110,0,0,0,0,0,0,0,0
2020-08-28,"New South Wales","NSW",13,4019,0,53,30282,2112997,13,4019,0,2802,1,12,0,6,0,4,0,0
2020-08-28,"Northern Territory","NT",0,33,0,0,399,34710,0,33,0,33,0,0,0,0,0,0,0,0
2020-08-28,"Queensland","QLD",3,1113,0,6,21653,859603,3,1113,1,1084,3,17,0,0,0,0,0,0
2020-08-28,"South Australia","SA",0,463,0,4,4263,369379,0,463,2,458,0,0,0,0,0,0,0,0
2020-08-28,"Tasmania","TAS",0,230,0,13,675,86059,0,230,0,216,0,1,0,0,0,0,0,0
2020-08-28,"Victoria","VIC",108,18822,11,498,19863,2178012,108,18822,264,15101,-19,513,0,29,6,17,0,0
2020-08-28,"Western Australia","WA",2,655,0,9,1646,337403,2,655,0,637,0,0,0,0,0,0,0,0
2020-08-29,"Australian Capital Territory","ACT",0,113,0,3,711,74784,0,113,0,110,0,0,0,0,0,0,0,0
2020-08-29,"New South Wales","NSW",14,4033,0,53,24632,2137629,14,4033,0,2802,-2,10,0,6,0,4,0,0
2020-08-29,"Northern Territory","NT",0,33,0,0,409,35119,0,33,0,33,0,0,0,0,0,0,0,0
2020-08-29,"Queensland","QLD",4,1117,0,6,18763,878366,4,1117,0,1084,1,18,0,0,0,0,0,0
2020-08-29,"South Australia","SA",0,463,0,4,4072,373451,0,463,0,458,0,0,0,0,0,0,0,0
2020-08-29,"Tasmania","TAS",0,230,0,13,854,86913,0,230,0,216,0,1,0,0,0,0,0,0
2020-08-29,"Victoria","VIC",81,18903,18,516,18114,2196126,81,18903,223,15324,-32,481,-3,26,0,17,0,0
2020-08-29,"Western Australia","WA",0,655,0,9,0,337403,0,655,0,637,0,0,0,0,0,0,0,0
2020-08-30,"Australian Capital Territory","ACT",0,113,0,3,185,74969,0,113,0,110,0,0,0,0,0,0,0,0
2020-08-30,"New South Wales","NSW",7,4040,0,53,19626,2157255,7,4040,0,2802,-1,9,0,6,0,4,0,0
2020-08-30,"Northern Territory","NT",0,33,0,0,258,35377,0,33,0,33,0,0,0,0,0,0,0,0
2020-08-30,"Queensland","QLD",4,1121,0,6,10558,888924,4,1121,0,1084,1,19,0,0,0,0,0,0
2020-08-30,"South Australia","SA",0,463,0,4,3111,376562,0,463,0,458,0,0,0,0,0,0,0,0
2020-08-30,"Tasmania","TAS",0,230,0,13,379,87292,0,230,0,216,0,1,0,0,0,0,0,0
2020-08-30,"Victoria","VIC",112,19015,11,527,14321,2210447,112,19015,256,15580,-9,472,-1,25,-6,11,0,0
2020-08-30,"Western Australia","WA",0,655,0,9,0,337403,0,655,4,641,0,0,0,0,0,0,0,0
2020-08-31,"Australian Capital Territory","ACT",0,113,0,3,1140,76109,0,113,0,110,0,0,0,0,0,0,0,0
2020-08-31,"New South Wales","NSW",10,4050,0,53,14232,2171487,10,4050,0,2802,0,9,0,6,0,4,0,0
2020-08-31,"Northern Territory","NT",0,33,0,0,221,35598,0,33,0,33,0,0,0,0,0,0,0,0
2020-08-31,"Queensland","QLD",1,1122,0,6,6865,895789,1,1122,0,1084,-1,18,0,0,0,0,0,0
2020-08-31,"South Australia","SA",0,463,0,4,1089,377651,0,463,0,458,0,0,0,0,0,0,0,0
2020-08-31,"Tasmania","TAS",0,230,0,13,426,87718,0,230,0,216,0,1,0,0,0,0,0,0
2020-08-31,"Victoria","VIC",65,19080,41,568,14440,2224887,65,19080,234,15814,-19,453,-4,21,2,13,0,0
2020-08-31,"Western Australia","WA",0,655,0,9,7811,345214,0,655,0,641,0,0,0,0,0,0,0,0
2020-09-01,"Australian Capital Territory","ACT",0,113,0,3,1454,77563,0,113,0,110,0,0,0,0,0,0,0,0
2020-09-01,"New South Wales","NSW",13,4063,0,53,14850,2186337,13,4063,0,2802,1,10,0,6,-1,3,0,0
2020-09-01,"Northern Territory","NT",0,33,0,0,389,35987,0,33,0,33,0,0,0,0,0,0,0,0
2020-09-01,"Queensland","QLD",2,1124,0,6,7489,903278,2,1124,0,1084,0,18,0,0,0,0,0,0
2020-09-01,"South Australia","SA",0,463,0,4,3568,381219,0,463,0,458,0,0,0,0,0,0,0,0
2020-09-01,"Tasmania","TAS",0,230,0,13,355,88073,0,230,0,216,0,1,0,0,0,0,0,0
2020-09-01,"Victoria","VIC",58,19138,5,573,10153,2235040,58,19138,153,15967,-32,421,-1,20,-6,7,0,0
2020-09-01,"Western Australia","WA",0,655,0,9,3121,348335,0,655,0,641,0,0,0,0,0,0,0,0
2020-09-02,"Australian Capital Territory","ACT",0,113,0,3,1652,79215,0,113,0,110,0,0,0,0,0,0,0,0
2020-09-02,"New South Wales","NSW",16,4079,0,53,20048,2206385,16,4079,0,2802,0,10,-1,5,0,3,0,0
2020-09-02,"Northern Territory","NT",0,33,0,0,377,36364,0,33,0,33,0,0,0,0,0,0,0,0
2020-09-02,"Queensland","QLD",2,1126,0,6,18151,921429,2,1126,0,1084,-2,16,0,0,0,0,0,0
2020-09-02,"South Australia","SA",0,463,0,4,4864,386083,0,463,1,459,0,0,0,0,0,0,0,0
2020-09-02,"Tasmania","TAS",0,230,0,13,811,88884,0,230,1,217,0,1,0,0,0,0,0,0
2020-09-02,"Victoria","VIC",86,19224,6,579,13912,2248952,86,19224,185,16152,-15,406,-2,18,6,13,0,0
2020-09-02,"Western Australia","WA",0,655,0,9,4148,352483,0,655,0,641,0,0,0,0,0,0,0,0
2020-09-03,"Australian Capital Territory","ACT",0,113,0,3,1455,80670,0,113,0,110,0,0,0,0,0,0,0,0
2020-09-03,"New South Wales","NSW",12,4091,0,53,29607,2235992,12,4091,0,2802,2,12,1,6,0,3,0,0
2020-09-03,"Northern Territory","NT",0,33,0,0,587,36951,0,33,0,33,0,0,0,0,0,0,0,0
2020-09-03,"Queensland","QLD",2,1128,0,6,14273,935702,2,1128,2,1086,2,18,0,0,0,0,0,0
2020-09-03,"South Australia","SA",0,463,0,4,4006,390089,0,463,0,459,0,0,0,0,0,0,0,0
2020-09-03,"Tasmania","TAS",0,230,0,13,905,89789,0,230,0,217,-1,0,0,0,0,0,0,0
2020-09-03,"Victoria","VIC",112,19336,15,594,82309,2331261,112,19336,218,16370,-45,361,2,20,2,15,0,0
2020-09-03,"Western Australia","WA",0,655,0,9,3052,355535,0,655,2,643,0,0,0,0,0,0,0,0
2020-09-04,"Australian Capital Territory","ACT",0,113,0,3,1368,82038,0,113,0,110,0,0,0,0,0,0,0,0
2020-09-04,"New South Wales","NSW",8,4099,0,53,23168,2259160,8,4099,0,2802,1,13,1,7,1,4,0,0
2020-09-04,"Northern Territory","NT",0,33,0,0,506,37457,0,33,0,33,0,0,0,0,0,0,0,0
2020-09-04,"Queensland","QLD",0,1128,0,6,13778,949480,0,1128,2,1088,-3,15,0,0,0,0,0,0
2020-09-04,"South Australia","SA",0,463,0,4,3963,394052,0,463,0,459,0,0,0,0,0,0,0,0
2020-09-04,"Tasmania","TAS",0,230,0,13,351,90140,0,230,0,217,0,0,0,0,0,0,0,0
2020-09-04,"Victoria","VIC",79,19415,59,653,25031,2356292,79,19415,255,16625,-32,329,0,20,-2,13,0,0
2020-09-04,"Western Australia","WA",0,655,0,9,2796,358331,0,655,1,644,0,0,0,0,0,0,0,0
2020-09-05,"Australian Capital Territory","ACT",0,113,0,3,1199,83237,0,113,0,110,0,0,0,0,0,0,0,0
2020-09-05,"New South Wales","NSW",5,4104,0,53,30340,2289500,5,4104,0,2802,1,14,-1,6,0,4,0,0
2020-09-05,"Northern Territory","NT",0,33,0,0,514,37971,0,33,0,33,0,0,0,0,0,0,0,0
2020-09-05,"Queensland","QLD",1,1129,0,6,11513,960993,1,1129,1,1089,-1,14,0,0,0,0,0,0
2020-09-05,"South Australia","SA",1,464,0,4,3405,397457,1,464,0,459,0,0,0,0,0,0,0,0
2020-09-05,"Tasmania","TAS",0,230,0,13,1047,91187,0,230,0,217,0,0,0,0,0,0,0,0
2020-09-05,"Victoria","VIC",64,19479,11,664,15820,2372112,64,19479,159,16784,-31,298,1,21,2,15,0,0
2020-09-05,"Western Australia","WA",0,655,0,9,0,358331,0,655,0,644,0,0,0,0,0,0,0,0
2020-09-06,"Australian Capital Territory","ACT",0,113,0,3,356,83593,0,113,0,110,0,0,0,0,0,0,0,0
2020-09-06,"New South Wales","NSW",10,4114,0,53,38526,2328026,10,4114,0,2802,0,14,1,7,0,4,0,0
2020-09-06,"Northern Territory","NT",0,33,0,0,208,38179,0,33,0,33,0,0,0,0,0,0,0,0
2020-09-06,"Queensland","QLD",2,1131,0,6,6062,967055,2,1131,0,1089,-1,13,0,0,0,0,0,0
2020-09-06,"South Australia","SA",0,464,0,4,2580,400037,0,464,0,459,0,0,0,0,0,0,0,0
2020-09-06,"Tasmania","TAS",0,230,0,13,490,91677,0,230,0,217,0,0,0,0,0,0,0,0
2020-09-06,"Victoria","VIC",59,19538,5,669,18338,2390450,59,19538,137,16921,-15,283,-2,19,1,16,0,0
2020-09-06,"Western Australia","WA",1,656,0,9,0,358331,1,656,0,644,0,0,0,0,0,0,0,0
2020-09-07,"Australian Capital Territory","ACT",0,113,0,3,248,83841,0,113,0,110,0,0,0,0,0,0,0,0
2020-09-07,"New South Wales","NSW",4,4118,0,53,10129,2338155,4,4118,0,2802,-1,13,0,7,0,4,0,0
2020-09-07,"Northern Territory","NT",0,33,0,0,365,38544,0,33,0,33,0,0,0,0,0,0,0,0
2020-09-07,"Queensland","QLD",2,1133,0,6,4154,971209,2,1133,0,1089,2,15,0,0,0,0,0,0
2020-09-07,"South Australia","SA",0,464,0,4,1434,401471,0,464,1,460,0,0,0,0,0,0,0,0
2020-09-07,"Tasmania","TAS",0,230,0,13,285,91962,0,230,0,217,0,0,0,0,0,0,0,0
2020-09-07,"Victoria","VIC",36,19574,9,678,12938,2403388,36,19574,135,17056,-17,266,6,25,1,17,0,0
2020-09-07,"Western Australia","WA",1,657,0,9,6533,364864,1,657,0,644,0,0,0,0,0,0,0,0
2020-09-08,"Australian Capital Territory","ACT",0,113,0,3,394,84235,0,113,0,110,0,0,0,0,0,0,0,0
2020-09-08,"New South Wales","NSW",8,4126,0,53,12494,2350649,8,4126,0,2802,0,13,0,7,-1,3,0,0
2020-09-08,"Northern Territory","NT",0,33,0,0,394,38938,0,33,0,33,0,0,0,0,0,0,0,0
2020-09-08,"Queensland","QLD",1,1134,0,6,7660,978869,1,1134,1,1090,-3,12,0,0,0,0,0,0
2020-09-08,"South Australia","SA",1,465,0,4,3492,404963,1,465,1,461,0,0,0,0,0,0,0,0
2020-09-08,"Tasmania","TAS",0,230,0,13,559,92521,0,230,0,217,0,0,0,0,0,0,0,0
2020-09-08,"Victoria","VIC",41,19615,8,686,8704,2412092,41,19615,119,17175,-28,238,-3,22,-4,13,0,0
2020-09-08,"Western Australia","WA",1,658,0,9,3266,368130,1,658,0,644,0,0,0,0,0,0,0,0
2020-09-09,"Australian Capital Territory","ACT",0,113,0,3,810,85045,0,113,0,110,0,0,0,0,0,0,0,0
2020-09-09,"New South Wales","NSW",9,4135,0,53,20852,2371501,9,4135,0,2802,1,14,-1,6,0,3,0,0
2020-09-09,"Northern Territory","NT",0,33,0,0,321,39259,0,33,0,33,0,0,0,0,0,0,0,0
2020-09-09,"Queensland","QLD",9,1143,0,6,12075,990944,9,1143,1,1091,-2,10,0,0,0,0,0,0
2020-09-09,"South Australia","SA",0,465,0,4,4483,409446,0,465,0,461,0,0,0,0,0,0,0,0
2020-09-09,"Tasmania","TAS",0,230,0,13,635,93156,0,230,0,217,0,0,0,0,0,0,0,0
2020-09-09,"Victoria","VIC",73,19688,11,697,16686,2428778,73,19688,136,17311,-42,196,-2,20,-1,12,0,0
2020-09-09,"Western Australia","WA",0,658,0,9,3074,371204,0,658,2,646,1,1,0,0,0,0,0,0
2020-09-10,"Australian Capital Territory","ACT",0,113,0,3,735,85780,0,113,0,110,0,0,0,0,0,0,0,0
2020-09-10,"New South Wales","NSW",7,4142,0,53,24760,2396261,7,4142,0,2802,1,15,0,6,1,4,0,0
2020-09-10,"Northern Territory","NT",0,33,0,0,510,39769,0,33,0,33,0,0,0,0,0,0,0,0
2020-09-10,"Queensland","QLD",0,1143,0,6,10140,1001084,0,1143,0,1091,0,10,0,0,0,0,0,0
2020-09-10,"South Australia","SA",0,465,0,4,3926,413372,0,465,0,461,0,0,0,0,0,0,0,0
2020-09-10,"Tasmania","TAS",0,230,0,13,516,93672,0,230,0,217,0,0,0,0,0,0,0,0
2020-09-10,"Victoria","VIC",40,19728,7,704,14805,2443583,40,19728,173,17484,-27,169,-3,17,-1,11,0,0
2020-09-10,"Western Australia","WA",1,659,0,9,4706,375910,1,659,0,646,0,1,0,0,0,0,0,0
2020-09-11,"Australian Capital Territory","ACT",0,113,0,3,572,86352,0,113,0,110,0,0,0,0,0,0,0,0
2020-09-11,"New South Wales","NSW",10,4152,0,53,49940,2446201,10,4152,0,2802,-3,12,0,6,0,4,0,0
2020-09-11,"Northern Territory","NT",0,33,0,0,384,40153,0,33,0,33,0,0,0,0,0,0,0,0
2020-09-11,"Queensland","QLD",2,1145,0,6,9216,1010300,2,1145,3,1094,0,10,0,0,0,0,0,0
2020-09-11,"South Australia","SA",1,466,0,4,3277,416649,1,466,1,462,0,0,0,0,0,0,0,0
2020-09-11,"Tasmania","TAS",0,230,0,13,619,94291,0,230,0,217,0,0,0,0,0,0,0,0
2020-09-11,"Victoria","VIC",39,19767,9,713,13341,2456924,39,19767,177,17661,-29,140,-5,12,-3,8,0,0
2020-09-11,"Western Australia","WA",0,659,0,9,1373,377283,0,659,0,646,0,1,0,0,0,0,0,0
2020-09-12,"Australian Capital Territory","ACT",0,113,0,3,567,86919,0,113,0,110,0,0,0,0,0,0,0,0
2020-09-12,"New South Wales","NSW",5,4157,0,53,20211,2466412,5,4157,0,2802,0,12,0,6,0,4,0,0
2020-09-12,"Northern Territory","NT",0,33,0,0,562,40715,0,33,0,33,0,0,0,0,0,0,0,0
2020-09-12,"Queensland","QLD",3,1148,0,6,7665,1017965,3,1148,2,1096,3,13,0,0,0,0,0,0
2020-09-12,"South Australia","SA",0,466,0,4,3916,420565,0,466,0,462,0,0,0,0,0,0,0,0
2020-09-12,"Tasmania","TAS",0,230,0,13,628,94919,0,230,0,217,0,0,0,0,0,0,0,0
2020-09-12,"Victoria","VIC",33,19800,6,719,14453,2471377,33,19800,110,17771,-14,126,-3,9,-2,6,0,0
2020-09-12,"Western Australia","WA",0,659,0,9,0,377283,0,659,0,646,-1,0,0,0,0,0,0,0
2020-09-13,"Australian Capital Territory","ACT",0,113,0,3,297,87216,0,113,0,110,0,0,0,0,0,0,0,0
2020-09-13,"New South Wales","NSW",9,4166,0,53,14426,2480838,9,4166,0,2802,0,12,0,6,-1,3,0,0
2020-09-13,"Northern Territory","NT",0,33,0,0,237,40952,0,33,0,33,0,0,0,0,0,0,0,0
2020-09-13,"Queensland","QLD",0,1148,0,6,4933,1022898,0,1148,11,1107,-4,9,0,0,0,0,0,0
2020-09-13,"South Australia","SA",0,466,0,4,2438,423003,0,466,0,462,0,0,0,0,0,0,0,0
2020-09-13,"Tasmania","TAS",0,230,0,13,208,95127,0,230,0,217,0,0,0,0,0,0,0,0
2020-09-13,"Victoria","VIC",35,19835,6,725,17396,2488773,35,19835,122,17893,-10,116,2,11,-2,4,0,0
2020-09-13,"Western Australia","WA",0,659,0,9,0,377283,0,659,0,646,0,0,0,0,0,0,0,0
2020-09-14,"Australian Capital Territory","ACT",0,113,0,3,243,87459,0,113,0,110,0,0,0,0,0,0,0,0
2020-09-14,"New South Wales","NSW",4,4170,0,53,9316,2490154,4,4170,0,2802,-2,10,0,6,0,3,0,0
2020-09-14,"Northern Territory","NT",0,33,0,0,309,41261,0,33,0,33,0,0,0,0,0,0,0,0
2020-09-14,"Queensland","QLD",0,1148,0,6,2934,1025832,0,1148,3,1110,0,9,0,0,0,0,0,0
2020-09-14,"South Australia","SA",0,466,0,4,1449,424452,0,466,0,462,0,0,0,0,0,0,0,0
2020-09-14,"Tasmania","TAS",0,230,0,13,440,95567,0,230,0,217,0,0,0,0,0,0,0,0
2020-09-14,"Victoria","VIC",37,19872,7,732,8937,2497710,37,19872,113,18006,6,122,1,12,3,7,0,0
2020-09-14,"Western Australia","WA",0,659,0,9,7318,384601,0,659,0,646,0,0,0,0,0,0,0,0
2020-09-15,"Australian Capital Territory","ACT",0,113,0,3,544,88003,0,113,0,110,0,0,0,0,0,0,0,0
2020-09-15,"New South Wales","NSW",6,4176,0,53,8835,2498989,6,4176,0,2802,2,12,0,6,0,3,0,0
2020-09-15,"Northern Territory","NT",0,33,0,0,300,41561,0,33,0,33,0,0,0,0,0,0,0,0
2020-09-15,"Queensland","QLD",1,1149,0,6,4933,1030765,1,1149,1,1111,0,9,0,0,0,0,0,0
2020-09-15,"South Australia","SA",0,466,0,4,2654,427106,0,466,0,462,0,0,0,0,0,0,0,0
2020-09-15,"Tasmania","TAS",0,230,0,13,535,96102,0,230,0,217,0,0,0,0,0,0,0,0
2020-09-15,"Victoria","VIC",39,19911,0,732,8803,2506513,39,19911,73,18079,-4,118,-1,11,0,7,0,0
2020-09-15,"Western Australia","WA",0,659,0,9,3012,387613,0,659,0,646,0,0,0,0,0,0,0,0
2020-09-16,"Australian Capital Territory","ACT",0,113,0,3,348,88351,0,113,0,110,0,0,0,0,0,0,0,0
2020-09-16,"New South Wales","NSW",9,4185,0,53,19566,2518555,9,4185,0,2802,-1,11,-1,5,0,3,0,0
2020-09-16,"Northern Territory","NT",0,33,0,0,466,42027,0,33,0,33,0,0,0,0,0,0,0,0
2020-09-16,"Queensland","QLD",0,1149,0,6,6424,1037189,0,1149,0,1111,-1,8,0,0,0,0,0,0
2020-09-16,"South Australia","SA",0,466,0,4,3277,430383,0,466,0,462,0,0,0,0,0,0,0,0
2020-09-16,"Tasmania","TAS",0,230,0,13,617,96719,0,230,0,217,0,0,0,0,0,0,0,0
2020-09-16,"Victoria","VIC",32,19943,8,740,14374,2520887,32,19943,74,18153,-11,107,0,11,-1,6,0,0
2020-09-16,"Western Australia","WA",1,660,0,9,2660,390273,1,660,0,646,0,0,0,0,0,0,0,0
2020-09-17,"Australian Capital Territory","ACT",0,113,0,3,408,88759,0,113,0,110,0,0,0,0,0,0,0,0
2020-09-17,"New South Wales","NSW",5,4190,0,53,20411,2538966,5,4190,0,2802,1,12,-1,4,0,3,0,0
2020-09-17,"Northern Territory","NT",0,33,0,0,796,42823,0,33,0,33,0,0,0,0,0,0,0,0
2020-09-17,"Queensland","QLD",1,1150,0,6,11643,1048832,1,1150,0,1111,0,8,0,0,0,0,0,0
2020-09-17,"South Australia","SA",0,466,0,4,3571,433954,0,466,0,462,0,0,0,0,0,0,0,0
2020-09-17,"Tasmania","TAS",0,230,0,13,646,97365,0,230,0,217,0,0,0,0,0,0,0,0
2020-09-17,"Victoria","VIC",27,19970,8,748,14247,2535134,27,19970,64,18217,-10,97,1,12,0,6,0,0
2020-09-17,"Western Australia","WA",1,661,0,9,2635,392908,1,661,2,648,0,0,0,0,0,0,0,0
2020-09-18,"Australian Capital Territory","ACT",0,113,0,3,464,89223,0,113,0,110,0,0,0,0,0,0,0,0
2020-09-18,"New South Wales","NSW",6,4196,0,53,16843,2555809,6,4196,0,2802,-1,11,0,4,-1,2,0,0
2020-09-18,"Northern Territory","NT",0,33,0,0,225,43048,0,33,0,33,0,0,0,0,0,0,0,0
2020-09-18,"Queensland","QLD",0,1150,0,6,5751,1054583,0,1150,1,1112,-1,7,0,0,0,0,0,0
2020-09-18,"South Australia","SA",0,466,0,4,3341,437295,0,466,0,462,0,0,0,0,0,0,0,0
2020-09-18,"Tasmania","TAS",0,230,0,13,394,97759,0,230,0,217,0,0,0,0,0,0,0,0
2020-09-18,"Victoria","VIC",42,20012,5,753,15910,2551044,42,20012,61,18278,-7,90,-1,11,1,7,0,0
2020-09-18,"Western Australia","WA",0,661,0,9,2494,395402,0,661,1,649,0,0,0,0,0,0,0,0
2020-09-19,"Australian Capital Territory","ACT",0,113,0,3,445,89668,0,113,0,110,0,0,0,0,0,0,0,0
2020-09-19,"New South Wales","NSW",2,4198,0,53,15239,2571048,2,4198,0,2802,1,12,0,4,0,2,0,0
2020-09-19,"Northern Territory","NT",0,33,0,0,466,43514,0,33,0,33,0,0,0,0,0,0,0,0
2020-09-19,"Queensland","QLD",0,1150,0,6,6797,1061380,0,1150,6,1118,-2,5,0,0,0,0,0,0
2020-09-19,"South Australia","SA",0,466,0,4,3377,440672,0,466,0,462,0,0,0,0,0,0,0,0
2020-09-19,"Tasmania","TAS",0,230,0,13,774,98533,0,230,0,217,0,0,0,0,0,0,0,0
2020-09-19,"Victoria","VIC",22,20034,6,759,11952,2562996,22,20034,101,18379,-1,89,-3,8,-2,5,0,0
2020-09-19,"Western Australia","WA",0,661,0,9,0,395402,0,661,0,649,0,0,0,0,0,0,0,0
2020-09-20,"Australian Capital Territory","ACT",0,113,0,3,295,89963,0,113,0,110,0,0,0,0,0,0,0,0
2020-09-20,"New South Wales","NSW",2,4200,1,54,13635,2584683,2,4200,0,2802,-1,11,-2,2,-1,1,0,0
2020-09-20,"Northern Territory","NT",0,33,0,0,244,43758,0,33,0,33,0,0,0,0,0,0,0,0
2020-09-20,"Queensland","QLD",2,1152,0,6,3698,1065078,2,1152,5,1123,-1,4,0,0,0,0,0,0
2020-09-20,"South Australia","SA",0,466,0,4,2425,443097,0,466,0,462,0,0,0,0,0,0,0,0
2020-09-20,"Tasmania","TAS",0,230,0,13,281,98814,0,230,0,217,0,0,0,0,0,0,0,0
2020-09-20,"Victoria","VIC",8,20042,5,764,12461,2575457,8,20042,94,18473,5,94,0,8,0,5,0,0
2020-09-20,"Western Australia","WA",1,662,0,9,0,395402,1,662,1,650,0,0,0,0,0,0,0,0
2020-09-21,"Australian Capital Territory","ACT",0,113,0,3,225,90188,0,113,0,110,0,0,0,0,0,0,0,0
2020-09-21,"New South Wales","NSW",4,4204,0,54,7765,2592448,4,4204,0,2802,0,11,0,2,0,1,0,0
2020-09-21,"Northern Territory","NT",0,33,0,0,420,44178,0,33,0,33,0,0,0,0,0,0,0,0
2020-09-21,"Queensland","QLD",1,1153,0,6,2708,1067786,1,1153,1,1124,0,4,0,0,0,0,0,0
2020-09-21,"South Australia","SA",0,466,0,4,1983,445080,0,466,0,462,0,0,0,0,0,0,0,0
2020-09-21,"Tasmania","TAS",0,230,0,13,375,99189,0,230,0,217,0,0,0,0,0,0,0,0
2020-09-21,"Victoria","VIC",9,20051,2,766,7164,2582621,9,20051,94,18567,-2,92,-2,6,-2,3,0,0
2020-09-21,"Western Australia","WA",0,662,0,9,2796,398198,0,662,0,650,0,0,0,0,0,0,0,0
2020-09-22,"Australian Capital Territory","ACT",0,113,0,3,594,90782,0,113,0,110,0,0,0,0,0,0,0,0
2020-09-22,"New South Wales","NSW",2,4206,0,54,7616,2600064,2,4206,0,2802,1,12,1,3,0,1,0,0
2020-09-22,"Northern Territory","NT",0,33,0,0,282,44460,0,33,0,33,0,0,0,0,0,0,0,0
2020-09-22,"Queensland","QLD",0,1153,0,6,4898,1072684,0,1153,0,1124,0,4,0,0,0,0,0,0
2020-09-22,"South Australia","SA",0,466,0,4,2140,447220,0,466,0,462,0,0,0,0,0,0,0,0
2020-09-22,"Tasmania","TAS",0,230,0,13,473,99662,0,230,0,217,0,0,0,0,0,0,0,0
2020-09-22,"Victoria","VIC",25,20076,3,769,11123,2593744,25,20076,61,18628,-9,83,2,8,2,5,0,0
2020-09-22,"Western Australia","WA",3,665,0,9,4469,402667,3,665,0,650,1,1,0,0,0,0,0,0
2020-09-23,"Australian Capital Territory","ACT",0,113,0,3,676,91458,0,113,0,110,0,0,0,0,0,0,0,0
2020-09-23,"New South Wales","NSW",6,4212,0,54,16759,2616823,6,4212,0,2802,-1,11,0,3,0,1,0,0
2020-09-23,"Northern Territory","NT",0,33,0,0,562,45022,0,33,0,33,0,0,0,0,0,0,0,0
2020-09-23,"Queensland","QLD",0,1153,0,6,4879,1077563,0,1153,0,1124,-2,2,0,0,0,0,0,0
2020-09-23,"South Australia","SA",2,468,0,4,554,447774,2,468,0,462,0,0,0,0,0,0,0,0
2020-09-23,"Tasmania","TAS",0,230,0,13,660,100322,0,230,0,217,0,0,0,0,0,0,0,0
2020-09-23,"Victoria","VIC",24,20100,5,774,15741,2609485,24,20100,85,18713,-8,75,0,8,1,6,0,0
2020-09-23,"Western Australia","WA",0,665,0,9,2579,405246,0,665,0,650,0,1,0,0,0,0,0,0
2020-09-24,"Australian Capital Territory","ACT",0,113,0,3,577,92035,0,113,0,110,0,0,0,0,0,0,0,0
2020-09-24,"New South Wales","NSW",1,4213,0,54,17392,2634215,1,4213,0,2802,0,11,0,3,0,1,0,0
2020-09-24,"Northern Territory","NT",0,33,0,0,539,45561,0,33,0,33,0,0,0,0,0,0,0,0
2020-09-24,"Queensland","QLD",0,1153,0,6,7278,1084841,0,1153,1,1125,0,2,0,0,0,0,0,0
2020-09-24,"South Australia","SA",0,468,0,4,5756,453530,0,468,0,462,0,0,0,0,0,0,0,0
2020-09-24,"Tasmania","TAS",0,230,0,13,694,101016,0,230,0,217,0,0,0,0,0,0,0,0
2020-09-24,"Victoria","VIC",5,20105,2,776,13337,2622822,5,20105,25,18738,-8,67,0,8,0,6,0,0
2020-09-24,"Western Australia","WA",3,668,0,9,2061,407307,3,668,0,650,0,1,0,0,0,0,0,0
2020-09-25,"Australian Capital Territory","ACT",0,113,0,3,432,92467,0,113,0,110,0,0,0,0,0,0,0,0
2020-09-25,"New South Wales","NSW",4,4217,0,54,13686,2647901,4,4217,0,2802,-1,10,0,3,0,1,0,0
2020-09-25,"Northern Territory","NT",0,33,0,0,376,45937,0,33,0,33,0,0,0,0,0,0,0,0
2020-09-25,"Queensland","QLD",0,1153,0,6,5024,1089865,0,1153,16,1141,0,2,0,0,0,0,0,0
2020-09-25,"South Australia","SA",0,468,0,4,3045,456575,0,468,0,462,0,0,0,0,0,0,0,0
2020-09-25,"Tasmania","TAS",0,230,0,13,601,101617,0,230,0,217,0,0,0,0,0,0,0,0
2020-09-25,"Victoria","VIC",13,20118,8,784,12460,2635282,13,20118,56,18794,-9,58,0,8,0,6,0,0
2020-09-25,"Western Australia","WA",0,668,0,9,2864,410171,0,668,0,650,0,1,0,0,0,0,0,0
2020-09-26,"Australian Capital Territory","ACT",0,113,0,3,404,92871,0,113,0,110,0,0,0,0,0,0,0,0
2020-09-26,"New South Wales","NSW",1,4218,0,54,12258,2660159,1,4218,0,2802,-1,9,0,3,-1,0,0,0
2020-09-26,"Northern Territory","NT",0,33,0,0,376,46313,0,33,0,33,0,0,0,0,0,0,0,0
2020-09-26,"Queensland","QLD",3,1156,0,6,5059,1094924,3,1156,0,1141,3,5,0,0,0,0,0,0
2020-09-26,"South Australia","SA",0,468,0,4,3254,459829,0,468,0,462,0,0,0,0,0,0,0,0
2020-09-26,"Tasmania","TAS",0,230,0,13,327,101944,0,230,0,217,0,0,0,0,0,0,0,0
2020-09-26,"Victoria","VIC",11,20129,1,785,16027,2651309,11,20129,48,18842,-5,53,1,9,-1,5,0,0
2020-09-26,"Western Australia","WA",1,669,0,9,0,410171,1,669,0,650,0,1,0,0,0,0,0,0
2020-09-27,"Australian Capital Territory","ACT",0,113,0,3,283,93154,0,113,0,110,0,0,0,0,0,0,0,0
2020-09-27,"New South Wales","NSW",0,4218,0,54,12233,2672392,0,4218,0,2802,0,9,0,3,0,0,0,0
2020-09-27,"Northern Territory","NT",0,33,0,0,165,46478,0,33,0,33,0,0,0,0,0,0,0,0
2020-09-27,"Queensland","QLD",1,1157,0,6,3040,1097964,1,1157,0,1141,0,5,0,0,0,0,0,0
2020-09-27,"South Australia","SA",0,468,0,4,1967,461796,0,468,0,462,0,0,0,0,0,0,0,0
2020-09-27,"Tasmania","TAS",0,230,0,13,335,102279,0,230,0,217,0,0,0,0,0,0,0,0
2020-09-27,"Victoria","VIC",16,20145,2,787,10680,2661989,16,20145,59,18901,-2,51,0,9,0,5,0,0
2020-09-27,"Western Australia","WA",7,676,0,9,0,410171,7,676,1,651,0,1,0,0,0,0,0,0
2020-09-28,"Australian Capital Territory","ACT",0,113,0,3,266,93420,0,113,0,110,0,0,0,0,0,0,0,0
2020-09-28,"New South Wales","NSW",0,4218,0,54,6353,2678745,0,4218,0,2802,-1,8,0,3,0,0,0,0
2020-09-28,"Northern Territory","NT",0,33,0,0,285,46763,0,33,0,33,0,0,0,0,0,0,0,0
2020-09-28,"Queensland","QLD",0,1157,0,6,1871,1099835,0,1157,0,1141,0,5,0,0,0,0,0,0
2020-09-28,"South Australia","SA",0,468,0,4,1259,463055,0,468,0,462,0,0,0,0,0,0,0,0
2020-09-28,"Tasmania","TAS",0,230,0,13,258,102537,0,230,0,217,0,0,0,0,0,0,0,0
2020-09-28,"Victoria","VIC",4,20149,3,790,6807,2668796,4,20149,41,18942,-2,49,-1,8,-1,4,0,0
2020-09-28,"Western Australia","WA",0,676,0,9,0,410171,0,676,2,653,-1,0,0,0,0,0,0,0
2020-09-29,"Australian Capital Territory","ACT",0,113,0,3,391,93811,0,113,0,110,0,0,0,0,0,0,0,0
2020-09-29,"New South Wales","NSW",2,4220,0,54,6381,2685126,2,4220,0,2802,1,9,0,3,0,0,0,0
2020-09-29,"Northern Territory","NT",0,33,0,0,450,47213,0,33,0,33,0,0,0,0,0,0,0,0
2020-09-29,"Queensland","QLD",0,1157,0,6,4368,1104203,0,1157,0,1141,0,5,0,0,0,0,0,0
2020-09-29,"South Australia","SA",0,468,0,4,2635,465690,0,468,0,462,0,0,0,0,0,0,0,0
2020-09-29,"Tasmania","TAS",0,230,0,13,284,102821,0,230,0,217,0,0,0,0,0,0,0,0
2020-09-29,"Victoria","VIC",9,20158,7,797,8226,2677022,9,20158,36,18978,-3,46,-3,5,0,4,0,0
2020-09-29,"Western Australia","WA",8,684,0,9,3275,413446,8,684,0,653,0,0,0,0,0,0,0,0
2020-09-30,"Australian Capital Territory","ACT",0,113,0,3,480,94291,0,113,0,110,0,0,0,0,0,0,0,0
2020-09-30,"New South Wales","NSW",4,4224,0,54,13575,2698701,4,4224,0,2802,-1,8,0,3,0,0,0,0
2020-09-30,"Northern Territory","NT",0,33,0,0,314,47527,0,33,0,33,0,0,0,0,0,0,0,0
2020-09-30,"Queensland","QLD",0,1157,0,6,6789,1110992,0,1157,1,1142,-2,3,0,0,0,0,0,0
2020-09-30,"South Australia","SA",0,468,0,4,3050,468740,0,468,2,464,0,0,0,0,0,0,0,0
2020-09-30,"Tasmania","TAS",0,230,0,13,599,103420,0,230,0,217,0,0,0,0,0,0,0,0
2020-09-30,"Victoria","VIC",11,20169,4,801,17937,2694959,11,20169,28,19006,-2,44,1,6,-1,3,0,0
2020-09-30,"Western Australia","WA",0,684,0,9,5327,418773,0,684,0,653,0,0,0,0,0,0,0,0
2020-10-01,"Australian Capital Territory","ACT",0,113,0,3,457,94748,0,113,0,110,0,0,0,0,0,0,0,0
2020-10-01,"New South Wales","NSW",3,4227,0,54,13072,2711773,3,4227,0,2802,1,9,0,3,0,0,0,0
2020-10-01,"Northern Territory","NT",0,33,0,0,538,48065,0,33,0,33,0,0,0,0,0,0,0,0
2020-10-01,"Queensland","QLD",0,1157,0,6,5758,1116750,0,1157,1,1143,0,3,0,0,0,0,0,0
2020-10-01,"South Australia","SA",0,468,0,4,2990,471730,0,468,0,464,0,0,0,0,0,0,0,0
2020-10-01,"Tasmania","TAS",0,230,0,13,635,104055,0,230,0,217,0,0,0,0,0,0,0,0
2020-10-01,"Victoria","VIC",14,20183,2,803,14709,2709668,14,20183,28,19034,-6,38,0,6,0,3,0,0
2020-10-01,"Western Australia","WA",1,685,0,9,4089,422862,1,685,1,654,0,0,0,0,0,0,0,0
2020-10-02,"Australian Capital Territory","ACT",0,113,0,3,483,95231,0,113,0,110,0,0,0,0,0,0,0,0
2020-10-02,"New South Wales","NSW",4,4231,0,54,11343,2723116,4,4231,0,2802,-1,8,-1,2,0,0,0,0
2020-10-02,"Northern Territory","NT",0,33,0,0,380,48445,0,33,0,33,0,0,0,0,0,0,0,0
2020-10-02,"Queensland","QLD",3,1160,0,6,5256,1122006,3,1160,4,1147,2,5,0,0,0,0,0,0
2020-10-02,"South Australia","SA",2,470,0,4,3260,474990,2,470,0,464,0,0,0,0,0,0,0,0
2020-10-02,"Tasmania","TAS",0,230,0,13,594,104649,0,230,0,217,0,0,0,0,0,0,0,0
2020-10-02,"Victoria","VIC",8,20191,2,805,12550,2722218,8,20191,34,19068,0,38,-2,4,0,3,0,0
2020-10-02,"Western Australia","WA",0,685,0,9,3063,425925,0,685,2,656,0,0,0,0,0,0,0,0
2020-10-03,"Australian Capital Territory","ACT",0,113,0,3,338,95569,0,113,0,110,0,0,0,0,0,0,0,0
2020-10-03,"New South Wales","NSW",1,4232,0,54,10334,2733450,1,4232,0,2802,2,10,0,2,0,0,0,0
2020-10-03,"Northern Territory","NT",0,33,0,0,405,48850,0,33,0,33,0,0,0,0,0,0,0,0
2020-10-03,"Queensland","QLD",0,1160,0,6,4667,1126673,0,1160,0,1147,0,5,0,0,0,0,0,0
2020-10-03,"South Australia","SA",0,470,0,4,2595,477585,0,470,1,465,0,0,0,0,0,0,0,0
2020-10-03,"Tasmania","TAS",0,230,0,13,533,105182,0,230,0,217,0,0,0,0,0,0,0,0
2020-10-03,"Victoria","VIC",6,20197,3,808,11281,2733499,6,20197,23,19091,-4,34,0,4,0,3,0,0
2020-10-03,"Western Australia","WA",1,686,0,9,0,425925,1,686,1,657,0,0,0,0,0,0,0,0
2020-10-04,"Australian Capital Territory","ACT",0,113,0,3,253,95822,0,113,0,110,0,0,0,0,0,0,0,0
2020-10-04,"New South Wales","NSW",2,4234,0,54,8305,2741755,2,4234,0,2802,0,10,1,3,0,0,0,0
2020-10-04,"Northern Territory","NT",0,33,0,0,150,49000,0,33,0,33,0,0,0,0,0,0,0,0
2020-10-04,"Queensland","QLD",0,1160,0,6,2761,1129434,0,1160,1,1148,0,5,0,0,0,0,0,0
2020-10-04,"South Australia","SA",1,471,0,4,2392,479977,1,471,1,466,0,0,0,0,0,0,0,0
2020-10-04,"Tasmania","TAS",0,230,0,13,333,105515,0,230,0,217,0,0,0,0,0,0,0,0
2020-10-04,"Victoria","VIC",12,20209,1,809,11994,2745493,12,20209,11,19102,-3,31,-1,3,-2,1,0,0
2020-10-04,"Western Australia","WA",0,686,0,9,0,425925,0,686,3,660,0,0,0,0,0,0,0,0
2020-10-05,"Australian Capital Territory","ACT",0,113,0,3,186,96008,0,113,0,110,0,0,0,0,0,0,0,0
2020-10-05,"New South Wales","NSW",1,4235,0,54,4789,2746544,1,4235,0,2802,1,11,0,3,0,0,0,0
2020-10-05,"Northern Territory","NT",0,33,0,0,224,49224,0,33,0,33,0,0,0,0,0,0,0,0
2020-10-05,"Queensland","QLD",0,1160,0,6,1993,1131427,0,1160,0,1148,0,5,0,0,0,0,0,0
2020-10-05,"South Australia","SA",0,471,0,4,1168,481145,0,471,0,466,0,0,0,0,0,0,0,0
2020-10-05,"Tasmania","TAS",0,230,0,13,247,105762,0,230,0,217,0,0,0,0,0,0,0,0
2020-10-05,"Victoria","VIC",11,20220,0,809,9023,2754516,11,20220,24,19126,-1,30,0,3,1,2,0,0
2020-10-05,"Western Australia","WA",1,687,0,9,4972,430897,1,687,2,662,0,0,0,0,0,0,0,0
2020-10-06,"Australian Capital Territory","ACT",0,113,0,3,255,96263,0,113,0,110,0,0,0,0,0,0,0,0
2020-10-06,"New South Wales","NSW",11,4246,0,54,5385,2751929,11,4246,0,2802,-1,10,0,3,0,0,0,0
2020-10-06,"Northern Territory","NT",0,33,0,0,472,49696,0,33,0,33,0,0,0,0,0,0,0,0
2020-10-06,"Queensland","QLD",0,1160,0,6,2506,1133933,0,1160,0,1148,1,6,1,1,0,0,0,0
2020-10-06,"South Australia","SA",1,472,0,4,1997,483142,1,472,-1,465,0,0,0,0,0,0,0,0
2020-10-06,"Tasmania","TAS",0,230,0,13,612,106374,0,230,0,217,0,0,0,0,0,0,0,0
2020-10-06,"Victoria","VIC",13,20233,1,810,9286,2763802,13,20233,23,19149,-9,21,-2,1,0,2,0,0
2020-10-06,"Western Australia","WA",0,687,0,9,3436,434333,0,687,2,664,0,0,0,0,0,0,0,0
2020-10-07,"Australian Capital Territory","ACT",0,113,0,3,451,96714,0,113,0,110,0,0,0,0,0,0,0,0
2020-10-07,"New South Wales","NSW",3,4249,0,54,5970,2757899,3,4249,0,2802,0,10,0,3,0,0,0,0
2020-10-07,"Northern Territory","NT",0,33,0,0,316,50012,0,33,0,33,0,0,0,0,0,0,0,0
2020-10-07,"Queensland","QLD",0,1160,0,6,4147,1138080,0,1160,0,1148,0,6,0,1,0,0,0,0
2020-10-07,"South Australia","SA",0,472,0,4,2376,485518,0,472,0,465,0,0,0,0,0,0,0,0
2020-10-07,"Tasmania","TAS",0,230,0,13,600,106974,0,230,0,217,0,0,0,0,0,0,0,0
2020-10-07,"Victoria","VIC",4,20237,2,812,16429,2780231,4,20237,13,19162,-5,16,1,2,-2,0,0,0
2020-10-07,"Western Australia","WA",1,688,0,9,2931,437264,1,688,6,670,0,0,0,0,0,0,0,0
2020-10-08,"Australian Capital Territory","ACT",0,113,0,3,580,97294,0,113,0,110,0,0,0,0,0,0,0,0
2020-10-08,"New South Wales","NSW",12,4261,0,54,12498,2770397,12,4261,0,2802,0,10,-2,1,0,0,0,0
2020-10-08,"Northern Territory","NT",0,33,0,0,441,50453,0,33,0,33,0,0,0,0,0,0,0,0
2020-10-08,"Queensland","QLD",0,1160,0,6,6729,1144809,0,1160,1,1149,-2,4,0,1,0,0,0,0
2020-10-08,"South Australia","SA",0,472,0,4,3423,488941,0,472,0,465,0,0,0,0,0,0,0,0
2020-10-08,"Tasmania","TAS",0,230,0,13,688,107662,0,230,0,217,0,0,0,0,0,0,0,0
2020-10-08,"Victoria","VIC",10,20247,0,812,15298,2795529,10,20247,12,19174,1,17,-1,1,0,0,0,0
2020-10-08,"Western Australia","WA",2,690,0,9,2729,439993,2,690,0,670,0,0,0,0,0,0,0,0
2020-10-09,"Australian Capital Territory","ACT",0,113,0,3,440,97734,0,113,0,110,0,0,0,0,0,0,0,0
2020-10-09,"New South Wales","NSW",10,4271,0,54,12868,2783265,10,4271,0,2802,-3,7,1,2,0,0,0,0
2020-10-09,"Northern Territory","NT",0,33,0,0,317,50770,0,33,0,33,0,0,0,0,0,0,0,0
2020-10-09,"Queensland","QLD",0,1160,0,6,5555,1150364,0,1160,3,1152,0,4,0,1,0,0,0,0
2020-10-09,"South Australia","SA",1,473,0,4,3631,492572,1,473,0,465,0,0,0,0,0,0,0,0
2020-10-09,"Tasmania","TAS",0,230,0,13,412,108074,0,230,0,217,0,0,0,0,0,0,0,0
2020-10-09,"Victoria","VIC",10,20257,0,812,15585,2811114,10,20257,18,19192,0,17,0,1,0,0,0,0
2020-10-09,"Western Australia","WA",2,692,0,9,2306,442299,2,692,0,670,0,0,0,0,0,0,0,0
2020-10-10,"Australian Capital Territory","ACT",0,113,0,3,404,98138,0,113,0,110,0,0,0,0,0,0,0,0
2020-10-10,"New South Wales","NSW",2,4273,0,54,15439,2798704,2,4273,0,2802,0,7,0,2,0,0,0,0
2020-10-10,"Northern Territory","NT",0,33,0,0,375,51145,0,33,0,33,0,0,0,0,0,0,0,0
2020-10-10,"Queensland","QLD",1,1161,0,6,4784,1155148,1,1161,0,1152,-1,3,0,1,0,0,0,0
2020-10-10,"South Australia","SA",0,473,0,4,2600,495172,0,473,0,465,0,0,0,0,0,0,0,0
2020-10-10,"Tasmania","TAS",0,230,0,13,349,108423,0,230,0,217,0,0,0,0,0,0,0,0
2020-10-10,"Victoria","VIC",12,20269,0,812,16647,2827761,12,20269,15,19207,4,21,0,1,0,0,0,0
2020-10-10,"Western Australia","WA",0,692,0,9,0,442299,0,692,0,670,0,0,0,0,0,0,0,0
2020-10-11,"Australian Capital Territory","ACT",0,113,0,3,320,98458,0,113,0,110,0,0,0,0,0,0,0,0
2020-10-11,"New South Wales","NSW",4,4277,0,54,12823,2811527,4,4277,0,2802,0,7,-1,1,0,0,0,0
2020-10-11,"Northern Territory","NT",0,33,0,0,201,51346,0,33,0,33,0,0,0,0,0,0,0,0
2020-10-11,"Queensland","QLD",0,1161,0,6,2425,1157573,0,1161,0,1152,0,3,-1,0,0,0,0,0
2020-10-11,"South Australia","SA",2,475,0,4,2305,497477,2,475,1,466,0,0,0,0,0,0,0,0
2020-10-11,"Tasmania","TAS",0,230,0,13,322,108745,0,230,0,217,0,0,0,0,0,0,0,0
2020-10-11,"Victoria","VIC",12,20281,1,813,12925,2840686,12,20281,11,19218,0,21,0,1,0,0,0,0
2020-10-11,"Western Australia","WA",2,694,0,9,0,442299,2,694,0,670,0,0,0,0,0,0,0,0
2020-10-12,"Australian Capital Territory","ACT",0,113,0,3,300,98758,0,113,0,110,0,0,0,0,0,0,0,0
2020-10-12,"New South Wales","NSW",6,4283,0,54,7391,2818918,6,4283,0,2802,0,7,0,1,0,0,0,0
2020-10-12,"Northern Territory","NT",0,33,0,0,219,51565,0,33,0,33,0,0,0,0,0,0,0,0
2020-10-12,"Queensland","QLD",0,1161,0,6,1987,1159560,0,1161,2,1154,0,3,0,0,0,0,0,0
2020-10-12,"South Australia","SA",0,475,0,4,2039,499516,0,475,1,467,0,0,0,0,0,0,0,0
2020-10-12,"Tasmania","TAS",0,230,0,13,253,108998,0,230,0,217,0,0,0,0,0,0,0,0
2020-10-12,"Victoria","VIC",14,20295,0,813,10108,2850794,14,20295,11,19229,0,21,-1,0,0,0,0,0
2020-10-12,"Western Australia","WA",2,696,0,9,5150,447449,2,696,1,671,1,1,0,0,0,0,0,0
2020-10-13,"Australian Capital Territory","ACT",0,113,0,3,686,99444,0,113,0,110,0,0,0,0,0,0,0,0
2020-10-13,"New South Wales","NSW",12,4295,0,54,8609,2827527,12,4295,0,2802,0,7,0,1,0,0,0,0
2020-10-13,"Northern Territory","NT",0,33,0,0,592,52157,0,33,0,33,0,0,0,0,0,0,0,0
2020-10-13,"Queensland","QLD",0,1161,0,6,4235,1163795,0,1161,0,1154,-2,1,0,0,0,0,0,0
2020-10-13,"South Australia","SA",1,476,0,4,2585,502101,1,476,1,468,0,0,0,0,0,0,0,0
2020-10-13,"Tasmania","TAS",0,230,0,13,444,109442,0,230,0,217,0,0,0,0,0,0,0,0
2020-10-13,"Victoria","VIC",10,20305,1,814,8201,2858995,10,20305,14,19243,2,23,0,0,0,0,0,0
2020-10-13,"Western Australia","WA",7,703,0,9,2078,449527,7,703,5,676,0,1,0,0,0,0,0,0
2020-10-14,"Australian Capital Territory","ACT",0,113,0,3,542,99986,0,113,0,110,0,0,0,0,0,0,0,0
2020-10-14,"New South Wales","NSW",15,4310,0,54,16018,2843545,15,4310,0,2802,-3,4,0,1,0,0,0,0
2020-10-14,"Northern Territory","NT",0,33,0,0,313,52470,0,33,0,33,0,0,0,0,0,0,0,0
2020-10-14,"Queensland","QLD",0,1161,0,6,5628,1169423,0,1161,0,1154,0,1,0,0,0,0,0,0
2020-10-14,"South Australia","SA",3,479,0,4,2857,504958,3,479,1,469,0,0,0,0,0,0,0,0
2020-10-14,"Tasmania","TAS",0,230,0,13,679,110121,0,230,0,217,0,0,0,0,0,0,0,0
2020-10-14,"Victoria","VIC",6,20311,5,819,16061,2875056,6,20311,5,19248,0,23,0,0,0,0,0,0
2020-10-14,"Western Australia","WA",1,704,0,9,4517,454044,1,704,0,676,-1,0,0,0,0,0,0,0
2020-10-15,"Australian Capital Territory","ACT",0,113,0,3,529,100515,0,113,0,110,0,0,0,0,0,0,0,0
2020-10-15,"New South Wales","NSW",11,4321,0,54,15802,2859347,11,4321,0,2802,0,4,0,1,0,0,0,0
2020-10-15,"Northern Territory","NT",0,33,0,0,541,53011,0,33,0,33,0,0,0,0,0,0,0,0
2020-10-15,"Queensland","QLD",1,1162,0,6,5280,1174703,1,1162,0,1154,0,1,0,0,0,0,0,0
2020-10-15,"South Australia","SA",0,479,0,4,3107,508065,0,479,2,471,0,0,0,0,0,0,0,0
2020-10-15,"Tasmania","TAS",0,230,0,13,484,110605,0,230,0,217,0,0,0,0,0,0,0,0
2020-10-15,"Victoria","VIC",4,20315,0,819,15439,2890495,4,20315,11,19259,-2,21,0,0,0,0,0,0
2020-10-15,"Western Australia","WA",5,709,0,9,2331,456375,5,709,0,676,0,0,0,0,0,0,0,0
2020-10-16,"Australian Capital Territory","ACT",0,113,0,3,228,100743,0,113,0,110,0,0,0,0,0,0,0,0
2020-10-16,"New South Wales","NSW",5,4326,0,54,16391,2875738,5,4326,0,2802,1,5,0,1,0,0,0,0
2020-10-16,"Northern Territory","NT",0,33,0,0,471,53482,0,33,0,33,0,0,0,0,0,0,0,0
2020-10-16,"Queensland","QLD",2,1164,0,6,4738,1179441,2,1164,0,1154,0,1,0,0,0,0,0,0
2020-10-16,"South Australia","SA",0,479,0,4,3225,511290,0,479,0,471,0,0,0,0,0,0,0,0
2020-10-16,"Tasmania","TAS",0,230,0,13,492,111097,0,230,0,217,0,0,0,0,0,0,0,0
2020-10-16,"Victoria","VIC",2,20317,0,819,16381,2906876,2,20317,20,19279,-7,14,0,0,0,0,0,0
2020-10-16,"Western Australia","WA",0,709,0,9,1952,458327,0,709,7,683,0,0,0,0,0,0,0,0
2020-10-17,"Australian Capital Territory","ACT",0,113,0,3,672,101415,0,113,0,110,0,0,0,0,0,0,0,0
2020-10-17,"New South Wales","NSW",7,4333,0,54,14378,2890116,7,4333,0,2802,-2,3,0,1,0,0,0,0
2020-10-17,"Northern Territory","NT",0,33,0,0,322,53804,0,33,0,33,0,0,0,0,0,0,0,0
2020-10-17,"Queensland","QLD",0,1164,0,6,4722,1184163,0,1164,0,1154,1,2,0,0,0,0,0,0
2020-10-17,"South Australia","SA",3,482,0,4,2672,513962,3,482,1,472,0,0,0,0,0,0,0,0
2020-10-17,"Tasmania","TAS",0,230,0,13,674,111771,0,230,0,217,0,0,0,0,0,0,0,0
2020-10-17,"Victoria","VIC",0,20317,0,819,18934,2925810,0,20317,8,19287,-1,13,0,0,0,0,0,0
2020-10-17,"Western Australia","WA",2,711,0,9,0,458327,2,711,0,683,0,0,0,0,0,0,0,0
2020-10-18,"Australian Capital Territory","ACT",0,113,0,3,53,101468,0,113,0,110,0,0,0,0,0,0,0,0
2020-10-18,"New South Wales","NSW",5,4338,0,54,12985,2903101,5,4338,0,2802,-1,2,0,1,0,0,0,0
2020-10-18,"Northern Territory","NT",0,33,0,0,155,53959,0,33,0,33,0,0,0,0,0,0,0,0
2020-10-18,"Queensland","QLD",0,1164,0,6,2415,1186578,0,1164,0,1154,0,2,0,0,0,0,0,0
2020-10-18,"South Australia","SA",2,484,0,4,2257,516219,2,484,0,472,0,0,0,0,0,0,0,0
2020-10-18,"Tasmania","TAS",0,230,0,13,257,112028,0,230,0,217,0,0,0,0,0,0,0,0
2020-10-18,"Victoria","VIC",-2,20315,0,819,18546,2944356,-2,20315,8,19295,-1,12,0,0,0,0,0,0
2020-10-18,"Western Australia","WA",3,714,0,9,0,458327,3,714,2,685,0,0,0,0,0,0,0,0
2020-10-19,"Australian Capital Territory","ACT",0,113,0,3,180,101648,0,113,0,110,0,0,0,0,0,0,0,0
2020-10-19,"New South Wales","NSW",4,4342,0,54,6952,2910053,4,4342,0,2802,1,3,0,1,0,0,0,0
2020-10-19,"Northern Territory","NT",0,33,0,0,127,54086,0,33,0,33,0,0,0,0,0,0,0,0
2020-10-19,"Queensland","QLD",0,1164,0,6,1777,1188355,0,1164,0,1154,0,2,0,0,0,0,0,0
2020-10-19,"South Australia","SA",0,484,0,4,1685,517904,0,484,0,472,0,0,0,0,0,0,0,0
2020-10-19,"Tasmania","TAS",0,230,0,13,179,112207,0,230,0,217,0,0,0,0,0,0,0,0
2020-10-19,"Victoria","VIC",4,20319,1,820,10793,2955149,4,20319,4,19299,0,12,0,0,0,0,0,0
2020-10-19,"Western Australia","WA",0,714,0,9,5645,463972,0,714,0,685,0,0,0,0,0,0,0,0
2020-10-20,"Australian Capital Territory","ACT",0,113,0,3,726,102374,0,113,0,110,0,0,0,0,0,0,0,0
2020-10-20,"New South Wales","NSW",5,4347,0,54,7401,2917454,5,4347,0,2802,1,4,0,1,0,0,0,0
2020-10-20,"Northern Territory","NT",0,33,0,0,326,54412,0,33,0,33,0,0,0,0,0,0,0,0
2020-10-20,"Queensland","QLD",0,1164,0,6,4080,1192435,0,1164,0,1154,0,2,0,0,0,0,0,0
2020-10-20,"South Australia","SA",0,484,0,4,2067,519971,0,484,0,472,0,0,0,0,0,0,0,0
2020-10-20,"Tasmania","TAS",0,230,0,13,239,112446,0,230,0,217,0,0,0,0,0,0,0,0
2020-10-20,"Victoria","VIC",2,20321,0,820,11936,2967085,2,20321,14,19313,-1,11,0,0,0,0,0,0
2020-10-20,"Western Australia","WA",24,738,0,9,2098,466070,24,738,0,685,0,0,0,0,0,0,0,0
2020-10-21,"Australian Capital Territory","ACT",0,113,0,3,428,102802,0,113,0,110,0,0,0,0,0,0,0,0
2020-10-21,"New South Wales","NSW",9,4356,0,54,14932,2932386,9,4356,0,2802,0,4,0,1,0,0,0,0
2020-10-21,"Northern Territory","NT",0,33,0,0,474,54886,0,33,0,33,0,0,0,0,0,0,0,0
2020-10-21,"Queensland","QLD",1,1165,0,6,5989,1198424,1,1165,0,1154,0,2,0,0,0,0,0,0
2020-10-21,"South Australia","SA",1,485,0,4,2948,522919,1,485,1,473,0,0,0,0,0,0,0,0
2020-10-21,"Tasmania","TAS",0,230,0,13,604,113050,0,230,0,217,0,0,0,0,0,0,0,0
2020-10-21,"Victoria","VIC",2,20323,0,820,17409,2984494,2,20323,16,19329,-1,10,0,0,0,0,0,0
2020-10-21,"Western Australia","WA",1,739,0,9,2975,469045,1,739,5,690,0,0,0,0,0,0,0,0
2020-10-22,"Australian Capital Territory","ACT",1,114,0,3,517,103319,1,114,0,110,0,0,0,0,0,0,0,0
2020-10-22,"New South Wales","NSW",7,4363,0,54,15329,2947715,7,4363,0,2802,1,5,0,1,0,0,0,0
2020-10-22,"Northern Territory","NT",0,33,0,0,451,55337,0,33,0,33,0,0,0,0,0,0,0,0
2020-10-22,"Queensland","QLD",0,1165,0,6,4760,1203184,0,1165,1,1155,0,2,0,0,0,0,0,0
2020-10-22,"South Australia","SA",0,485,0,4,3273,526192,0,485,0,473,0,0,0,0,0,0,0,0
2020-10-22,"Tasmania","TAS",0,230,0,13,602,113652,0,230,0,217,0,0,0,0,0,0,0,0
2020-10-22,"Victoria","VIC",6,20329,0,820,18442,3002936,6,20329,11,19340,-1,9,0,0,0,0,0,0
2020-10-22,"Western Australia","WA",8,747,0,9,2444,471489,8,747,0,690,0,0,0,0,0,0,0,0
2020-10-23,"Australian Capital Territory","ACT",0,114,0,3,472,103791,0,114,0,110,0,0,0,0,0,0,0,0
2020-10-23,"New South Wales","NSW",7,4370,0,54,13686,2961401,7,4370,0,2802,2,7,-1,0,0,0,0,0
2020-10-23,"Northern Territory","NT",0,33,0,0,489,55826,0,33,0,33,0,0,0,0,0,0,0,0
2020-10-23,"Queensland","QLD",2,1167,0,6,4783,1207967,2,1167,0,1155,2,4,0,0,0,0,0,0
2020-10-23,"South Australia","SA",2,487,0,4,2733,528925,2,487,0,473,0,0,0,0,0,0,0,0
2020-10-23,"Tasmania","TAS",0,230,0,13,280,113932,0,230,0,217,0,0,0,0,0,0,0,0
2020-10-23,"Victoria","VIC",1,20330,0,820,19428,3022364,1,20330,6,19346,-1,8,0,0,0,0,0,0
2020-10-23,"Western Australia","WA",6,753,0,9,1631,473120,6,753,2,692,1,1,0,0,0,0,0,0
2020-10-24,"Australian Capital Territory","ACT",0,114,0,3,268,104059,0,114,0,110,0,0,0,0,0,0,0,0
2020-10-24,"New South Wales","NSW",5,4375,0,54,12890,2974291,5,4375,0,2802,-1,6,0,0,0,0,0,0
2020-10-24,"Northern Territory","NT",0,33,0,0,324,56150,0,33,0,33,0,0,0,0,0,0,0,0
2020-10-24,"Queensland","QLD",0,1167,0,6,3642,1211609,0,1167,0,1155,0,4,0,0,0,0,0,0
2020-10-24,"South Australia","SA",0,487,0,4,3080,532005,0,487,2,475,0,0,0,0,0,0,0,0
2020-10-24,"Tasmania","TAS",0,230,0,13,462,114394,0,230,0,217,0,0,0,0,0,0,0,0
2020-10-24,"Victoria","VIC",6,20336,0,820,17219,3039583,6,20336,8,19354,0,8,0,0,0,0,0,0
2020-10-24,"Western Australia","WA",4,757,0,9,0,473120,4,757,0,692,0,1,0,0,0,0,0,0
2020-10-25,"Australian Capital Territory","ACT",0,114,0,3,226,104285,0,114,0,110,0,0,0,0,0,0,0,0
2020-10-25,"New South Wales","NSW",7,4382,0,54,12465,2986756,7,4382,0,2802,0,6,0,0,0,0,0,0
2020-10-25,"Northern Territory","NT",0,33,0,0,166,56316,0,33,0,33,0,0,0,0,0,0,0,0
2020-10-25,"Queensland","QLD",0,1167,0,6,2512,1214121,0,1167,0,1155,0,4,0,0,0,0,0,0
2020-10-25,"South Australia","SA",4,491,0,4,2145,534150,4,491,0,475,0,0,0,0,0,0,0,0
2020-10-25,"Tasmania","TAS",0,230,0,13,223,114617,0,230,0,217,0,0,0,0,0,0,0,0
2020-10-25,"Victoria","VIC",7,20343,0,820,12894,3052477,7,20343,5,19359,-1,7,0,0,0,0,0,0
2020-10-25,"Western Australia","WA",3,760,0,9,0,473120,3,760,2,694,-1,0,0,0,0,0,0,0
2020-10-26,"Australian Capital Territory","ACT",0,114,0,3,396,104681,0,114,0,110,0,0,0,0,0,0,0,0
2020-10-26,"New South Wales","NSW",4,4386,0,54,7447,2994203,4,4386,0,2802,2,8,0,0,0,0,0,0
2020-10-26,"Northern Territory","NT",0,33,0,0,335,56651,0,33,0,33,0,0,0,0,0,0,0,0
2020-10-26,"Queensland","QLD",0,1167,0,6,1651,1215772,0,1167,2,1157,-2,2,0,0,0,0,0,0
2020-10-26,"South Australia","SA",3,494,0,4,1963,536113,3,494,3,478,0,0,0,0,0,0,0,0
2020-10-26,"Tasmania","TAS",0,230,0,13,114,114731,0,230,0,217,0,0,0,0,0,0,0,0
2020-10-26,"Victoria","VIC",-2,20341,0,820,14024,3066501,-2,20341,7,19366,-1,6,0,0,0,0,0,0
2020-10-26,"Western Australia","WA",2,762,0,9,5256,478376,2,762,6,700,0,0,0,0,0,0,0,0
2020-10-27,"Australian Capital Territory","ACT",0,114,0,3,482,105163,0,114,0,110,0,0,0,0,0,0,0,0
2020-10-27,"New South Wales","NSW",12,4398,0,54,6438,3000641,12,4398,0,2802,0,8,1,1,0,0,0,0
2020-10-27,"Northern Territory","NT",0,33,0,0,418,57069,0,33,0,33,0,0,0,0,0,0,0,0
2020-10-27,"Queensland","QLD",0,1167,0,6,3798,1219570,0,1167,0,1157,0,2,0,0,0,0,0,0
2020-10-27,"South Australia","SA",0,494,0,4,2384,538497,0,494,1,479,0,0,0,0,0,0,0,0
2020-10-27,"Tasmania","TAS",0,230,0,13,377,115108,0,230,0,217,0,0,0,0,0,0,0,0
2020-10-27,"Victoria","VIC",0,20341,0,820,15479,3081980,0,20341,4,19370,-1,5,0,0,0,0,0,0
2020-10-27,"Western Australia","WA",2,764,0,9,2154,480530,2,764,0,700,0,0,0,0,0,0,0,0
2020-10-28,"Australian Capital Territory","ACT",0,114,0,3,574,105737,0,114,0,110,0,0,0,0,0,0,0,0
2020-10-28,"New South Wales","NSW",8,4406,0,54,14382,3015023,8,4406,0,2802,-1,7,0,1,0,0,0,0
2020-10-28,"Northern Territory","NT",1,34,0,0,358,57427,1,34,0,33,0,0,0,0,0,0,0,0
2020-10-28,"Queensland","QLD",2,1169,0,6,4529,1224099,2,1169,0,1157,1,3,0,0,0,0,0,0
2020-10-28,"South Australia","SA",1,495,0,4,3541,542038,1,495,0,479,0,0,0,0,0,0,0,0
2020-10-28,"Tasmania","TAS",0,230,0,13,882,115990,0,230,0,217,0,0,0,0,0,0,0,0
2020-10-28,"Victoria","VIC",1,20342,2,822,24673,3106653,1,20342,6,19376,-2,3,0,0,0,0,0,0
2020-10-28,"Western Australia","WA",1,765,0,9,2744,483274,1,765,6,706,0,0,0,0,0,0,0,0
2020-10-29,"Australian Capital Territory","ACT",0,114,0,3,440,106177,0,114,0,110,0,0,0,0,0,0,0,0
2020-10-29,"New South Wales","NSW",5,4411,0,54,14230,3029253,5,4411,0,2802,0,7,0,1,0,0,0,0
2020-10-29,"Northern Territory","NT",4,38,0,0,535,57962,4,38,0,33,4,4,0,0,0,0,0,0
2020-10-29,"Queensland","QLD",2,1171,0,6,4946,1229045,2,1171,2,1159,0,3,0,0,0,0,0,0
2020-10-29,"South Australia","SA",1,496,0,4,3192,545230,1,496,3,482,0,0,0,0,0,0,0,0
2020-10-29,"Tasmania","TAS",0,230,0,13,425,116415,0,230,0,217,0,0,0,0,0,0,0,0
2020-10-29,"Victoria","VIC",2,20344,0,822,24135,3130788,2,20344,6,19382,2,5,0,0,0,0,0,0
2020-10-29,"Western Australia","WA",1,766,0,9,2767,486041,1,766,2,708,0,0,0,0,0,0,0,0
2020-10-30,"Australian Capital Territory","ACT",0,114,0,3,538,106715,0,114,1,111,0,0,0,0,0,0,0,0
2020-10-30,"New South Wales","NSW",6,4417,0,54,12786,3042039,6,4417,0,2802,0,7,0,1,0,0,0,0
2020-10-30,"Northern Territory","NT",0,38,0,0,367,58329,0,38,0,33,1,5,0,0,0,0,0,0
2020-10-30,"Queensland","QLD",1,1172,0,6,4191,1233236,1,1172,0,1159,0,3,0,0,0,0,0,0
2020-10-30,"South Australia","SA",1,497,0,4,3445,548675,1,497,1,483,0,0,0,0,0,0,0,0
2020-10-30,"Tasmania","TAS",0,230,0,13,672,117087,0,230,0,217,0,0,0,0,0,0,0,0
2020-10-30,"Victoria","VIC",3,20347,0,822,23583,3154371,3,20347,-1,19381,0,5,0,0,0,0,0,0
2020-10-30,"Western Australia","WA",1,767,0,9,1949,487990,1,767,4,712,0,0,0,0,0,0,0,0
2020-10-31,"Australian Capital Territory","ACT",0,114,0,3,261,106976,0,114,0,111,0,0,0,0,0,0,0,0
2020-10-31,"New South Wales","NSW",4,4421,0,54,13134,3055173,4,4421,0,2802,-1,6,0,1,0,0,0,0
2020-10-31,"Northern Territory","NT",0,38,0,0,437,58766,0,38,0,33,0,5,0,0,0,0,0,0
2020-10-31,"Queensland","QLD",-1,1171,0,6,3611,1236847,-1,1171,1,1160,1,4,0,0,0,0,0,0
2020-10-31,"South Australia","SA",4,501,0,4,3124,551799,4,501,0,483,0,0,0,0,0,0,0,0
2020-10-31,"Tasmania","TAS",0,230,0,13,420,117507,0,230,0,217,0,0,0,0,0,0,0,0
2020-10-31,"Victoria","VIC",0,20347,0,822,19850,3174221,0,20347,76,19457,-3,2,0,0,0,0,0,0
2020-10-31,"Western Australia","WA",1,768,0,9,0,487990,1,768,3,715,0,0,0,0,0,0,0,0
2020-11-01,"Australian Capital Territory","ACT",0,114,0,3,226,107202,0,114,0,111,0,0,0,0,0,0,0,0
2020-11-01,"New South Wales","NSW",4,4425,0,54,14751,3069924,4,4425,0,2802,0,6,0,1,1,1,0,0
2020-11-01,"Northern Territory","NT",0,38,0,0,201,58967,0,38,0,33,0,5,0,0,0,0,0,0
2020-11-01,"Queensland","QLD",1,1172,0,6,2571,1239418,1,1172,0,1160,0,4,0,0,0,0,0,0
2020-11-01,"South Australia","SA",0,501,0,4,1954,553753,0,501,0,483,0,0,0,0,0,0,0,0
2020-11-01,"Tasmania","TAS",0,230,0,13,206,117713,0,230,0,217,0,0,0,0,0,0,0,0
2020-11-01,"Victoria","VIC",-1,20346,0,822,15998,3190219,-1,20346,9,19466,0,2,0,0,0,0,0,0
2020-11-01,"Western Australia","WA",1,769,0,9,0,487990,1,769,3,718,0,0,0,0,0,0,0,0
2020-11-02,"Australian Capital Territory","ACT",0,114,0,3,282,107484,0,114,0,111,0,0,0,0,0,0,0,0
2020-11-02,"New South Wales","NSW",7,4432,0,54,7431,3077355,7,4432,0,2802,0,6,0,1,0,1,0,0
2020-11-02,"Northern Territory","NT",0,38,0,0,173,59140,0,38,0,33,0,5,0,0,0,0,0,0
2020-11-02,"Queensland","QLD",0,1172,0,6,1712,1241130,0,1172,3,1163,-1,3,0,0,0,0,0,0
2020-11-02,"South Australia","SA",0,501,0,4,1839,555592,0,501,2,485,0,0,0,0,0,0,0,0
2020-11-02,"Tasmania","TAS",0,230,0,13,199,117912,0,230,0,217,0,0,0,0,0,0,0,0
2020-11-02,"Victoria","VIC",-1,20345,0,822,12956,3203175,-1,20345,11,19477,0,2,0,0,0,0,0,0
2020-11-02,"Western Australia","WA",1,770,0,9,5623,493613,1,770,4,722,0,0,0,0,0,0,0,0
2020-11-03,"Australian Capital Territory","ACT",0,114,0,3,673,108157,0,114,0,111,0,0,0,0,0,0,0,0
2020-11-03,"New South Wales","NSW",3,4435,0,54,8550,3085905,3,4435,0,2802,-1,5,0,1,0,1,0,0
2020-11-03,"Northern Territory","NT",0,38,0,0,388,59528,0,38,0,33,0,5,0,0,0,0,0,0
2020-11-03,"Queensland","QLD",3,1175,0,6,3963,1245093,3,1175,0,1163,0,3,0,0,0,0,0,0
2020-11-03,"South Australia","SA",2,503,0,4,2927,558519,2,503,1,486,0,0,0,0,0,0,0,0
2020-11-03,"Tasmania","TAS",0,230,0,13,109,118021,0,230,0,217,0,0,0,0,0,0,0,0
2020-11-03,"Victoria","VIC",0,20345,0,822,12841,3216016,0,20345,11,19488,0,2,0,0,0,0,0,0
2020-11-03,"Western Australia","WA",0,770,0,9,2319,495932,0,770,16,738,0,0,0,0,0,0,0,0
2020-11-04,"Australian Capital Territory","ACT",0,114,0,3,525,108682,0,114,0,111,0,0,0,0,0,0,0,0
2020-11-04,"New South Wales","NSW",8,4443,0,54,17036,3102941,8,4443,0,2802,0,5,0,1,0,1,0,0
2020-11-04,"Northern Territory","NT",0,38,0,0,453,59981,0,38,0,33,0,5,0,0,0,0,0,0
2020-11-04,"Queensland","QLD",2,1177,0,6,5242,1250335,2,1177,2,1165,5,8,0,0,0,0,0,0
2020-11-04,"South Australia","SA",1,504,0,4,3390,561909,1,504,2,488,0,0,0,0,0,0,0,0
2020-11-04,"Tasmania","TAS",0,230,0,13,377,118398,0,230,0,217,0,0,0,0,0,0,0,0
2020-11-04,"Victoria","VIC",0,20345,0,822,17357,3233373,0,20345,8,19496,0,2,0,0,0,0,0,0
2020-11-04,"Western Australia","WA",1,771,0,9,2012,497944,1,771,10,748,0,0,0,0,0,0,0,0
2020-11-05,"Australian Capital Territory","ACT",0,114,0,3,375,109057,0,114,0,111,0,0,0,0,0,0,0,0
2020-11-05,"New South Wales","NSW",2,4445,0,54,18466,3121407,2,4445,0,2802,1,6,0,1,0,1,0,0
2020-11-05,"Northern Territory","NT",1,39,0,0,493,60474,1,39,0,33,0,5,0,0,0,0,0,0
2020-11-05,"Queensland","QLD",0,1177,0,6,5047,1255382,0,1177,-2,1163,0,8,0,0,0,0,0,0
2020-11-05,"South Australia","SA",5,509,0,4,3444,565353,5,509,1,489,0,0,0,0,0,0,0,0
2020-11-05,"Tasmania","TAS",0,230,0,13,466,118864,0,230,0,217,0,0,0,0,0,0,0,0
2020-11-05,"Victoria","VIC",0,20345,0,822,13479,3246852,0,20345,10,19506,0,2,0,0,0,0,0,0
2020-11-05,"Western Australia","WA",4,775,0,9,1809,499753,4,775,2,750,0,0,0,0,0,0,0,0
2020-11-06,"Australian Capital Territory","ACT",0,114,0,3,475,109532,0,114,0,111,0,0,0,0,0,0,0,0
2020-11-06,"New South Wales","NSW",9,4454,0,54,17492,3138899,9,4454,0,2802,-2,4,0,1,0,1,0,0
2020-11-06,"Northern Territory","NT",0,39,0,0,295,60769,0,39,0,33,1,6,0,0,0,0,0,0
2020-11-06,"Queensland","QLD",0,1177,0,6,4340,1259722,0,1177,0,1163,0,8,0,0,0,0,0,0
2020-11-06,"South Australia","SA",1,510,0,4,2767,568120,1,510,0,489,0,0,0,0,0,0,0,0
2020-11-06,"Tasmania","TAS",0,230,0,13,756,119620,0,230,0,217,0,0,0,0,0,0,0,0
2020-11-06,"Victoria","VIC",0,20345,0,822,18671,3265523,0,20345,5,19511,0,2,0,0,0,0,0,0
2020-11-06,"Western Australia","WA",1,776,0,9,1675,501428,1,776,1,751,0,0,0,0,0,0,0,0
2020-11-07,"Australian Capital Territory","ACT",0,114,0,3,345,109877,0,114,0,111,0,0,0,0,0,0,0,0
2020-11-07,"New South Wales","NSW",5,4459,0,54,14697,3153596,5,4459,0,2802,-1,3,0,1,0,1,0,0
2020-11-07,"Northern Territory","NT",0,39,0,0,308,61077,0,39,0,33,0,6,0,0,0,0,0,0
2020-11-07,"Queensland","QLD",0,1177,0,6,3567,1263289,0,1177,0,1163,0,8,0,0,0,0,0,0
2020-11-07,"South Australia","SA",2,512,0,4,2552,570672,2,512,1,490,0,0,0,0,0,0,0,0
2020-11-07,"Tasmania","TAS",0,230,0,13,359,119979,0,230,0,217,0,0,0,0,0,0,0,0
2020-11-07,"Victoria","VIC",0,20345,0,822,16914,3282437,0,20345,7,19518,0,2,0,0,0,0,0,0
2020-11-07,"Western Australia","WA",0,776,0,9,0,501428,0,776,4,755,0,0,0,0,0,0,0,0
2020-11-08,"Australian Capital Territory","ACT",0,114,0,3,164,110041,0,114,0,111,0,0,0,0,0,0,0,0
2020-11-08,"New South Wales","NSW",3,4462,0,54,13721,3167317,3,4462,0,2802,0,3,0,1,0,1,0,0
2020-11-08,"Northern Territory","NT",0,39,0,0,172,61249,0,39,0,33,0,6,0,0,0,0,0,0
2020-11-08,"Queensland","QLD",0,1177,0,6,2278,1265567,0,1177,0,1163,0,8,0,0,0,0,0,0
2020-11-08,"South Australia","SA",3,515,0,4,1946,572618,3,515,2,492,0,0,0,0,0,0,0,0
2020-11-08,"Tasmania","TAS",0,230,0,13,313,120292,0,230,0,217,0,0,0,0,0,0,0,0
2020-11-08,"Victoria","VIC",0,20345,0,822,16865,3299302,0,20345,4,19522,0,2,0,0,0,0,0,0
2020-11-08,"Western Australia","WA",0,776,0,9,0,501428,0,776,2,757,0,0,0,0,0,0,0,0
2020-11-09,"Australian Capital Territory","ACT",0,114,0,3,233,110274,0,114,0,111,0,0,0,0,0,0,0,0
2020-11-09,"New South Wales","NSW",7,4469,0,54,9499,3176816,7,4469,0,2802,0,3,0,1,0,1,0,0
2020-11-09,"Northern Territory","NT",1,40,0,0,366,61615,1,40,0,33,1,7,0,0,0,0,0,0
2020-11-09,"Queensland","QLD",0,1177,0,6,1677,1267244,0,1177,0,1163,0,8,0,0,0,0,0,0
2020-11-09,"South Australia","SA",2,517,0,4,1497,574115,2,517,3,495,0,0,0,0,0,0,0,0
2020-11-09,"Tasmania","TAS",0,230,0,13,232,120524,0,230,0,217,0,0,0,0,0,0,0,0
2020-11-09,"Victoria","VIC",0,20345,0,822,10653,3309955,0,20345,0,19522,0,2,0,0,0,0,0,0
2020-11-09,"Western Australia","WA",0,776,0,9,4869,506297,0,776,0,757,0,0,0,0,0,0,0,0
2020-11-10,"Australian Capital Territory","ACT",0,114,0,3,804,111078,0,114,0,111,0,0,0,0,0,0,0,0
2020-11-10,"New South Wales","NSW",5,4474,0,54,10058,3186874,5,4474,0,2802,0,3,0,1,0,1,0,0
2020-11-10,"Northern Territory","NT",0,40,0,0,651,62266,0,40,0,33,0,7,0,0,0,0,0,0
2020-11-10,"Queensland","QLD",1,1178,0,6,3973,1271217,1,1178,0,1163,0,8,0,0,0,0,0,0
2020-11-10,"South Australia","SA",1,518,0,4,2370,576485,1,518,2,497,0,0,0,0,0,0,0,0
2020-11-10,"Tasmania","TAS",0,230,0,13,434,120958,0,230,0,217,0,0,0,0,0,0,0,0
2020-11-10,"Victoria","VIC",0,20345,0,822,12955,3322910,0,20345,0,19522,0,2,0,0,0,0,0,0
2020-11-10,"Western Australia","WA",2,778,0,9,2128,508425,2,778,0,757,0,0,0,0,0,0,0,0
2020-11-11,"Australian Capital Territory","ACT",0,114,0,3,679,111757,0,114,0,111,0,0,0,0,0,0,0,0
2020-11-11,"New South Wales","NSW",4,4478,0,54,20586,3207460,4,4478,0,2802,1,4,-1,0,-1,0,0,0
2020-11-11,"Northern Territory","NT",0,40,0,0,344,62610,0,40,0,33,0,7,0,0,0,0,0,0
2020-11-11,"Queensland","QLD",1,1179,0,6,5370,1276587,1,1179,0,1163,0,8,0,0,0,0,0,0
2020-11-11,"South Australia","SA",1,519,0,4,2570,579055,1,519,1,498,1,1,0,0,0,0,0,0
2020-11-11,"Tasmania","TAS",0,230,0,13,569,121527,0,230,0,217,0,0,0,0,0,0,0,0
2020-11-11,"Victoria","VIC",0,20345,0,822,19986,3342896,0,20345,0,19522,0,2,0,0,0,0,0,0
2020-11-11,"Western Australia","WA",2,780,0,9,2302,510727,2,780,0,757,0,0,0,0,0,0,0,0
2020-11-12,"Australian Capital Territory","ACT",0,114,0,3,511,112268,0,114,0,111,0,0,0,0,0,0,0,0
2020-11-12,"New South Wales","NSW",5,4483,0,54,23236,3230696,5,4483,0,2802,0,4,0,0,0,0,0,0
2020-11-12,"Northern Territory","NT",1,41,0,0,463,63073,1,41,0,33,1,8,0,0,0,0,0,0
2020-11-12,"Queensland","QLD",3,1182,0,6,5050,1281637,3,1182,0,1163,-1,7,0,0,0,0,0,0
2020-11-12,"South Australia","SA",1,520,0,4,3312,582367,1,520,1,499,0,1,0,0,0,0,0,0
2020-11-12,"Tasmania","TAS",0,230,0,13,442,121969,0,230,0,217,0,0,0,0,0,0,0,0
2020-11-12,"Victoria","VIC",0,20345,0,822,20819,3363715,0,20345,1,19523,0,2,0,0,0,0,0,0
2020-11-12,"Western Australia","WA",3,783,0,9,2029,512756,3,783,3,760,0,0,0,0,0,0,0,0
2020-11-13,"Australian Capital Territory","ACT",0,114,0,3,183,112451,0,114,0,111,0,0,0,0,0,0,0,0
2020-11-13,"New South Wales","NSW",-1,4482,0,54,18941,3249637,-1,4482,0,2802,0,4,0,0,0,0,0,0
2020-11-13,"Northern Territory","NT",5,46,0,0,480,63553,5,46,0,33,0,8,0,0,0,0,0,0
2020-11-13,"Queensland","QLD",1,1183,0,6,4273,1285910,1,1183,4,1167,0,7,0,0,0,0,0,0
2020-11-13,"South Australia","SA",0,520,0,4,2251,584618,0,520,1,500,0,1,0,0,0,0,0,0
2020-11-13,"Tasmania","TAS",0,230,0,13,397,122366,0,230,0,217,0,0,0,0,0,0,0,0
2020-11-13,"Victoria","VIC",0,20345,0,822,12001,3375716,0,20345,0,19523,0,2,0,0,0,0,0,0
2020-11-13,"Western Australia","WA",0,783,0,9,1467,514223,0,783,1,761,0,0,0,0,0,0,0,0
2020-11-14,"Australian Capital Territory","ACT",0,114,0,3,573,113024,0,114,0,111,0,0,0,0,0,0,0,0
2020-11-14,"New South Wales","NSW",4,4486,0,54,17184,3266821,4,4486,0,2802,0,4,0,0,0,0,0,0
2020-11-14,"Northern Territory","NT",0,46,0,0,545,64098,0,46,0,33,0,8,0,0,0,0,0,0
2020-11-14,"Queensland","QLD",2,1185,0,6,4502,1290412,2,1185,4,1171,-1,6,0,0,0,0,0,0
2020-11-14,"South Australia","SA",2,522,0,4,2354,586972,2,522,1,501,0,1,0,0,0,0,0,0
2020-11-14,"Tasmania","TAS",0,230,0,13,450,122816,0,230,0,217,0,0,0,0,0,0,0,0
2020-11-14,"Victoria","VIC",0,20345,0,822,14614,3390330,0,20345,0,19523,0,2,0,0,0,0,0,0
2020-11-14,"Western Australia","WA",0,783,0,9,0,514223,0,783,0,761,0,0,0,0,0,0,0,0
2020-11-15,"Australian Capital Territory","ACT",0,114,0,3,237,113261,0,114,0,111,0,0,0,0,0,0,0,0
2020-11-15,"New South Wales","NSW",9,4495,0,54,17226,3284047,9,4495,0,2802,1,5,0,0,0,0,0,0
2020-11-15,"Northern Territory","NT",0,46,0,0,172,64270,0,46,0,33,0,8,0,0,0,0,0,0
2020-11-15,"Queensland","QLD",0,1185,0,6,2491,1292903,0,1185,0,1171,0,6,0,0,0,0,0,0
2020-11-15,"South Australia","SA",4,526,0,4,2036,589008,4,526,2,503,0,1,0,0,0,0,0,0
2020-11-15,"Tasmania","TAS",0,230,0,13,158,122974,0,230,0,217,0,0,0,0,0,0,0,0
2020-11-15,"Victoria","VIC",0,20345,0,822,8323,3398653,0,20345,0,19523,0,2,0,0,0,0,0,0
2020-11-15,"Western Australia","WA",4,787,0,9,0,514223,4,787,4,765,0,0,0,0,0,0,0,0
2020-11-16,"Australian Capital Territory","ACT",0,114,0,3,329,113590,0,114,0,111,0,0,0,0,0,0,0,0
2020-11-16,"New South Wales","NSW",3,4498,0,54,7034,3291081,3,4498,0,2802,-1,4,0,0,0,0,0,0
2020-11-16,"Northern Territory","NT",0,46,0,0,126,64396,0,46,5,38,0,8,0,0,0,0,0,0
2020-11-16,"Queensland","QLD",0,1185,0,6,1633,1294536,0,1185,0,1171,2,8,0,0,0,0,0,0
2020-11-16,"South Australia","SA",18,544,0,4,1873,590881,18,544,3,506,1,2,0,0,0,0,0,0
2020-11-16,"Tasmania","TAS",0,230,0,13,214,123188,0,230,0,217,0,0,0,0,0,0,0,0
2020-11-16,"Victoria","VIC",0,20345,0,822,6695,3405348,0,20345,0,19523,0,2,0,0,0,0,0,0
2020-11-16,"Western Australia","WA",1,788,0,9,4526,518749,1,788,1,766,0,0,0,0,0,0,0,0
2020-11-17,"Australian Capital Territory","ACT",0,114,0,3,689,114279,0,114,0,111,0,0,0,0,0,0,0,0
2020-11-17,"New South Wales","NSW",4,4502,0,54,8588,3299669,4,4502,0,2802,0,4,0,0,0,0,0,0
2020-11-17,"Northern Territory","NT",0,46,0,0,377,64773,0,46,0,38,0,8,0,0,0,0,0,0
2020-11-17,"Queensland","QLD",1,1186,0,6,4432,1298968,1,1186,0,1171,0,8,0,0,0,0,0,0
2020-11-17,"South Australia","SA",5,549,0,4,4546,595427,5,549,5,511,-1,1,0,0,0,0,0,0
2020-11-17,"Tasmania","TAS",0,230,0,13,315,123503,0,230,0,217,0,0,0,0,0,0,0,0
2020-11-17,"Victoria","VIC",0,20345,0,822,17412,3422760,0,20345,0,19523,0,2,0,0,0,0,0,0
2020-11-17,"Western Australia","WA",0,788,0,9,3222,521971,0,788,1,767,0,0,0,0,0,0,0,0
2020-11-18,"Australian Capital Territory","ACT",1,115,0,3,791,115070,1,115,0,111,0,0,0,0,0,0,0,0
2020-11-18,"New South Wales","NSW",7,4509,0,54,17047,3316716,7,4509,0,2802,-2,2,0,0,0,0,0,0
2020-11-18,"Northern Territory","NT",0,46,0,0,509,65282,0,46,0,38,0,8,0,0,0,0,0,0
2020-11-18,"Queensland","QLD",1,1187,0,6,7412,1306380,1,1187,0,1171,1,9,0,0,0,0,0,0
2020-11-18,"South Australia","SA",2,551,0,4,9659,605086,2,551,1,512,0,1,0,0,0,0,0,0
2020-11-18,"Tasmania","TAS",0,230,0,13,718,124221,0,230,0,217,0,0,0,0,0,0,0,0
2020-11-18,"Victoria","VIC",0,20345,0,822,17354,3440114,0,20345,0,19523,0,2,0,0,0,0,0,0
2020-11-18,"Western Australia","WA",6,794,0,9,3206,525177,6,794,0,767,0,0,0,0,0,0,0,0
2020-11-19,"Australian Capital Territory","ACT",0,115,0,3,722,115792,0,115,0,111,0,0,0,0,0,0,0,0
2020-11-19,"New South Wales","NSW",5,4514,0,54,20160,3336876,5,4514,0,2802,0,2,0,0,0,0,0,0
2020-11-19,"Northern Territory","NT",0,46,0,0,770,66052,0,46,1,39,-1,7,0,0,0,0,0,0
2020-11-19,"Queensland","QLD",3,1190,0,6,7074,1313454,3,1190,0,1171,3,12,0,0,0,0,0,0
2020-11-19,"South Australia","SA",-1,550,0,4,11913,616999,-1,550,0,512,2,3,0,0,0,0,0,0
2020-11-19,"Tasmania","TAS",0,230,0,13,708,124929,0,230,0,217,0,0,0,0,0,0,0,0
2020-11-19,"Victoria","VIC",0,20345,0,822,17161,3457275,0,20345,0,19523,0,2,0,0,0,0,0,0
2020-11-19,"Western Australia","WA",0,794,0,9,2447,527624,0,794,0,767,0,0,0,0,0,0,0,0
2020-11-20,"Australian Capital Territory","ACT",0,115,0,3,532,116324,0,115,0,111,0,0,0,0,0,0,0,0
2020-11-20,"New South Wales","NSW",3,4517,0,54,18391,3355267,3,4517,0,2802,0,2,0,0,0,0,0,0
2020-11-20,"Northern Territory","NT",0,46,0,0,767,66819,0,46,0,39,0,7,0,0,0,0,0,0
2020-11-20,"Queensland","QLD",0,1190,0,6,5351,1318805,0,1190,0,1171,-1,11,0,0,0,0,0,0
2020-11-20,"South Australia","SA",3,553,0,4,14459,631458,3,553,0,512,-1,2,0,0,0,0,0,0
2020-11-20,"Tasmania","TAS",0,230,0,13,262,125191,0,230,0,217,0,0,0,0,0,0,0,0
2020-11-20,"Victoria","VIC",0,20345,0,822,18474,3475749,0,20345,1,19524,-1,1,0,0,0,0,0,0
2020-11-20,"Western Australia","WA",2,796,0,9,2156,529780,2,796,0,767,0,0,0,0,0,0,0,0
2020-11-21,"Australian Capital Territory","ACT",0,115,0,3,361,116685,0,115,0,111,0,0,0,0,0,0,0,0
2020-11-21,"New South Wales","NSW",10,4527,0,54,16329,3371596,10,4527,0,2802,1,3,0,0,0,0,0,0
2020-11-21,"Northern Territory","NT",0,46,0,0,747,67566,0,46,0,39,0,7,0,0,0,0,0,0
2020-11-21,"Queensland","QLD",2,1192,0,6,3565,1322370,2,1192,0,1171,2,13,0,0,0,0,0,0
2020-11-21,"South Australia","SA",1,554,0,4,19205,650663,1,554,1,513,-1,1,0,0,0,0,0,0
2020-11-21,"Tasmania","TAS",0,230,0,13,863,126054,0,230,0,217,0,0,0,0,0,0,0,0
2020-11-21,"Victoria","VIC",0,20345,0,822,11333,3487082,0,20345,1,19525,0,1,0,0,0,0,0,0
2020-11-21,"Western Australia","WA",1,797,0,9,0,529780,1,797,5,772,0,0,0,0,0,0,0,0
2020-11-22,"Australian Capital Territory","ACT",0,115,0,3,242,116927,0,115,0,111,0,0,0,0,0,0,0,0
2020-11-22,"New South Wales","NSW",11,4538,0,54,12012,3383608,11,4538,0,2802,-1,2,0,0,0,0,0,0
2020-11-22,"Northern Territory","NT",0,46,0,0,397,67963,0,46,1,40,-1,6,0,0,0,0,0,0
2020-11-22,"Queensland","QLD",1,1193,0,6,1819,1324189,1,1193,0,1171,-1,12,0,0,0,0,0,0
2020-11-22,"South Australia","SA",1,555,0,4,16929,667592,1,555,1,514,0,1,0,0,0,0,0,0
2020-11-22,"Tasmania","TAS",0,230,0,13,282,126336,0,230,0,217,0,0,0,0,0,0,0,0
2020-11-22,"Victoria","VIC",0,20345,0,822,10530,3497612,0,20345,0,19525,0,1,0,0,0,0,0,0
2020-11-22,"Western Australia","WA",2,799,0,9,0,529780,2,799,0,772,0,0,0,0,0,0,0,0
2020-11-23,"Australian Capital Territory","ACT",0,115,0,3,379,117306,0,115,0,111,0,0,0,0,0,0,0,0
2020-11-23,"New South Wales","NSW",4,4542,0,54,7836,3391444,4,4542,0,2802,0,2,0,0,0,0,0,0
2020-11-23,"Northern Territory","NT",1,47,0,0,293,68256,1,47,1,41,0,6,0,0,0,0,0,0
2020-11-23,"Queensland","QLD",3,1196,0,6,1872,1326061,3,1196,1,1172,-1,11,0,0,0,0,0,0
2020-11-23,"South Australia","SA",1,556,0,4,8689,676281,1,556,0,514,0,1,0,0,0,0,0,0
2020-11-23,"Tasmania","TAS",0,230,0,13,117,126453,0,230,0,217,0,0,0,0,0,0,0,0
2020-11-23,"Victoria","VIC",0,20345,0,822,7261,3504873,0,20345,0,19525,0,1,0,0,0,0,0,0
2020-11-23,"Western Australia","WA",5,804,0,9,6268,536048,5,804,2,774,0,0,0,0,0,0,0,0
2020-11-24,"Australian Capital Territory","ACT",0,115,0,3,490,117796,0,115,0,111,0,0,0,0,0,0,0,0
2020-11-24,"New South Wales","NSW",6,4548,0,54,6976,3398420,6,4548,0,2802,1,3,0,0,0,0,0,0
2020-11-24,"Northern Territory","NT",0,47,0,0,594,68850,0,47,0,41,0,6,0,0,0,0,0,0
2020-11-24,"Queensland","QLD",1,1197,0,6,5344,1331405,1,1197,0,1172,4,15,0,0,0,0,0,0
2020-11-24,"South Australia","SA",2,558,0,4,6822,683103,2,558,0,514,0,1,0,0,0,0,0,0
2020-11-24,"Tasmania","TAS",0,230,0,13,498,126951,0,230,0,217,0,0,0,0,0,0,0,0
2020-11-24,"Victoria","VIC",0,20345,0,822,9960,3514833,0,20345,1,19526,0,1,0,0,0,0,0,0
2020-11-24,"Western Australia","WA",4,808,0,9,3074,539122,4,808,0,774,0,0,0,0,0,0,0,0
2020-11-25,"Australian Capital Territory","ACT",0,115,0,3,605,118401,0,115,0,111,0,0,0,0,0,0,0,0
2020-11-25,"New South Wales","NSW",4,4552,0,54,16291,3414711,4,4552,0,2802,0,3,0,0,0,0,0,0
2020-11-25,"Northern Territory","NT",2,49,0,0,538,69388,2,49,0,41,0,6,0,0,0,0,0,0
2020-11-25,"Queensland","QLD",0,1197,0,6,5062,1336467,0,1197,5,1177,-1,14,0,0,0,0,0,0
2020-11-25,"South Australia","SA",0,558,0,4,9403,692506,0,558,1,515,0,1,0,0,0,0,0,0
2020-11-25,"Tasmania","TAS",0,230,0,13,575,127526,0,230,0,217,0,0,0,0,0,0,0,0
2020-11-25,"Victoria","VIC",0,20345,0,822,16409,3531242,0,20345,0,19526,-1,0,0,0,0,0,0,0
2020-11-25,"Western Australia","WA",2,810,0,9,2704,541826,2,810,0,774,0,0,0,0,0,0,0,0
2020-11-26,"Australian Capital Territory","ACT",0,115,0,3,419,118820,0,115,1,112,0,0,0,0,0,0,0,0
2020-11-26,"New South Wales","NSW",0,4552,0,54,14885,3429596,0,4552,0,2802,0,3,0,0,0,0,0,0
2020-11-26,"Northern Territory","NT",0,49,0,0,366,69754,0,49,0,41,0,6,0,0,0,0,0,0
2020-11-26,"Queensland","QLD",0,1197,0,6,5216,1341683,0,1197,0,1177,0,14,0,0,0,0,0,0
2020-11-26,"South Australia","SA",1,559,0,4,9704,702210,1,559,4,519,0,1,0,0,0,0,0,0
2020-11-26,"Tasmania","TAS",0,230,0,13,485,128011,0,230,0,217,0,0,0,0,0,0,0,0
2020-11-26,"Victoria","VIC",0,20345,0,822,12862,3544104,0,20345,0,19526,0,0,0,0,0,0,0,0
2020-11-26,"Western Australia","WA",7,817,0,9,2135,543961,7,817,2,776,0,0,0,0,0,0,0,0
2020-11-27,"Australian Capital Territory","ACT",1,116,0,3,451,119271,1,116,0,112,0,0,0,0,0,0,0,0
2020-11-27,"New South Wales","NSW",4,4556,0,54,14758,3444354,4,4556,0,2802,-1,2,0,0,0,0,0,0
2020-11-27,"Northern Territory","NT",3,52,0,0,413,70167,3,52,0,41,0,6,0,0,0,0,0,0
2020-11-27,"Queensland","QLD",1,1198,0,6,3616,1345299,1,1198,1,1178,-1,13,0,0,0,0,0,0
2020-11-27,"South Australia","SA",1,560,0,4,12322,714532,1,560,13,532,0,1,0,0,0,0,0,0
2020-11-27,"Tasmania","TAS",0,230,0,13,351,128362,0,230,0,217,0,0,0,0,0,0,0,0
2020-11-27,"Victoria","VIC",0,20345,0,822,9828,3553932,0,20345,0,19526,0,0,0,0,0,0,0,0
2020-11-27,"Western Australia","WA",0,817,0,9,2737,546698,0,817,2,778,0,0,0,0,0,0,0,0
2020-11-28,"Australian Capital Territory","ACT",1,117,0,3,416,119687,1,117,0,112,0,0,0,0,0,0,0,0
2020-11-28,"New South Wales","NSW",8,4564,0,54,12106,3456460,8,4564,0,2802,0,2,0,0,0,0,0,0
2020-11-28,"Northern Territory","NT",0,52,0,0,338,70505,0,52,0,41,0,6,0,0,0,0,0,0
2020-11-28,"Queensland","QLD",1,1199,0,6,3607,1348906,1,1199,2,1180,0,13,0,0,0,0,0,0
2020-11-28,"South Australia","SA",1,561,0,4,3840,718372,1,561,6,538,0,1,0,0,0,0,0,0
2020-11-28,"Tasmania","TAS",0,230,0,13,333,128695,0,230,0,217,0,0,0,0,0,0,0,0
2020-11-28,"Victoria","VIC",0,20345,0,822,9403,3563335,0,20345,0,19526,0,0,0,0,0,0,0,0
2020-11-28,"Western Australia","WA",0,817,0,9,0,546698,0,817,6,784,0,0,0,0,0,0,0,0
2020-11-29,"Australian Capital Territory","ACT",0,117,0,3,232,119919,0,117,0,112,0,0,0,0,0,0,0,0
2020-11-29,"New South Wales","NSW",4,4568,0,54,10256,3466716,4,4568,0,2802,0,2,0,0,0,0,0,0
2020-11-29,"Northern Territory","NT",0,52,0,0,330,70835,0,52,0,41,0,6,0,0,0,0,0,0
2020-11-29,"Queensland","QLD",2,1201,0,6,2666,1351572,2,1201,1,1181,0,13,0,0,0,0,0,0
2020-11-29,"South Australia","SA",0,561,0,4,3425,721797,0,561,2,540,-1,0,0,0,0,0,0,0
2020-11-29,"Tasmania","TAS",0,230,0,13,220,128915,0,230,0,217,0,0,0,0,0,0,0,0
2020-11-29,"Victoria","VIC",0,20345,0,822,5905,3569240,0,20345,0,19526,0,0,0,0,0,0,0,0
2020-11-29,"Western Australia","WA",1,818,0,9,0,546698,1,818,1,785,0,0,0,0,0,0,0,0
2020-11-30,"Australian Capital Territory","ACT",0,117,0,3,275,120194,0,117,0,112,0,0,0,0,0,0,0,0
2020-11-30,"New South Wales","NSW",9,4577,0,54,6106,3472822,9,4577,0,2802,1,3,0,0,0,0,0,0
2020-11-30,"Northern Territory","NT",0,52,0,0,177,71012,0,52,0,41,0,6,0,0,0,0,0,0
2020-11-30,"Queensland","QLD",1,1202,0,6,1749,1353321,1,1202,3,1184,0,13,0,0,0,0,0,0
2020-11-30,"South Australia","SA",1,562,0,4,4234,726031,1,562,4,544,0,0,0,0,0,0,0,0
2020-11-30,"Tasmania","TAS",0,230,0,13,145,129060,0,230,0,217,0,0,0,0,0,0,0,0
2020-11-30,"Victoria","VIC",0,20345,1,823,5030,3574270,0,20345,-1,19525,0,0,0,0,0,0,0,0
2020-11-30,"Western Australia","WA",0,818,0,9,6811,553509,0,818,3,788,0,0,0,0,0,0,0,0
2020-12-01,"Australian Capital Territory","ACT",0,117,0,3,507,120701,0,117,0,112,0,0,0,0,0,0,0,0
2020-12-01,"New South Wales","NSW",5,4582,0,54,6635,3479457,5,4582,0,2802,0,3,0,0,0,0,0,0
2020-12-01,"Northern Territory","NT",1,53,0,0,357,71369,1,53,5,46,1,7,0,0,0,0,0,0
2020-12-01,"Queensland","QLD",0,1202,0,6,3678,1356999,0,1202,0,1184,-2,11,0,0,0,0,0,0
2020-12-01,"South Australia","SA",0,562,0,4,6531,732562,0,562,3,547,0,0,0,0,0,0,0,0
2020-12-01,"Tasmania","TAS",0,230,0,13,284,129344,0,230,0,217,0,0,0,0,0,0,0,0
2020-12-01,"Victoria","VIC",0,20345,0,823,6874,3581144,0,20345,0,19525,0,0,0,0,0,0,0,0
2020-12-01,"Western Australia","WA",3,821,0,9,2252,555761,3,821,1,789,0,0,0,0,0,0,0,0
2020-12-02,"Australian Capital Territory","ACT",0,117,0,3,412,121113,0,117,0,112,0,0,0,0,0,0,0,0
2020-12-02,"New South Wales","NSW",6,4588,0,54,13237,3492694,6,4588,0,2802,0,3,0,0,0,0,0,0
2020-12-02,"Northern Territory","NT",0,53,0,0,586,71955,0,53,0,46,0,7,0,0,0,0,0,0
2020-12-02,"Queensland","QLD",3,1205,0,6,4581,1361580,3,1205,2,1186,0,11,0,0,0,0,0,0
2020-12-02,"South Australia","SA",0,562,0,4,6737,739299,0,562,1,548,0,0,0,0,0,0,0,0
2020-12-02,"Tasmania","TAS",0,230,0,13,576,129920,0,230,0,217,0,0,0,0,0,0,0,0
2020-12-02,"Victoria","VIC",0,20345,0,823,12177,3593321,0,20345,0,19525,0,0,0,0,0,0,0,0
2020-12-02,"Western Australia","WA",2,823,0,9,2800,558561,2,823,6,795,0,0,0,0,0,0,0,0
2020-12-03,"Australian Capital Territory","ACT",0,117,0,3,421,121534,0,117,0,112,0,0,0,0,0,0,0,0
2020-12-03,"New South Wales","NSW",10,4598,0,54,13306,3506000,10,4598,0,2802,1,4,0,0,0,0,0,0
2020-12-03,"Northern Territory","NT",6,59,0,0,364,72319,6,59,0,46,6,13,0,0,0,0,0,0
2020-12-03,"Queensland","QLD",1,1206,0,6,3778,1365358,1,1206,1,1187,-2,9,0,0,0,0,0,0
2020-12-03,"South Australia","SA",0,562,0,4,4541,743840,0,562,1,549,0,0,0,0,0,0,0,0
2020-12-03,"Tasmania","TAS",0,230,0,13,405,130325,0,230,0,217,0,0,0,0,0,0,0,0
2020-12-03,"Victoria","VIC",0,20345,0,823,10094,3603415,0,20345,0,19525,0,0,0,0,0,0,0,0
2020-12-03,"Western Australia","WA",0,823,0,9,2858,561419,0,823,3,798,0,0,0,0,0,0,0,0
2020-12-04,"Australian Capital Territory","ACT",0,117,0,3,522,122056,0,117,0,112,0,0,0,0,0,0,0,0
2020-12-04,"New South Wales","NSW",5,4603,0,54,11128,3517128,5,4603,0,2802,0,4,0,0,0,0,0,0
2020-12-04,"Northern Territory","NT",0,59,0,0,461,72780,0,59,0,46,0,13,0,0,0,0,0,0
2020-12-04,"Queensland","QLD",2,1208,0,6,3309,1368667,2,1208,3,1190,1,10,0,0,0,0,0,0
2020-12-04,"South Australia","SA",0,562,0,4,3548,747388,0,562,2,551,0,0,0,0,0,0,0,0
2020-12-04,"Tasmania","TAS",0,230,0,13,368,130693,0,230,0,217,0,0,0,0,0,0,0,0
2020-12-04,"Victoria","VIC",0,20345,0,823,8784,3612199,0,20345,0,19525,0,0,0,0,0,0,0,0
2020-12-04,"Western Australia","WA",2,825,0,9,2338,563757,2,825,4,802,0,0,0,0,0,0,0,0
2020-12-05,"Australian Capital Territory","ACT",0,117,0,3,334,122390,0,117,1,113,0,0,0,0,0,0,0,0
2020-12-05,"New South Wales","NSW",2,4605,0,54,11953,3529081,2,4605,0,2802,1,5,0,0,0,0,0,0
2020-12-05,"Northern Territory","NT",0,59,0,0,244,73024,0,59,0,46,0,13,0,0,0,0,0,0
2020-12-05,"Queensland","QLD",2,1210,0,6,2977,1371644,2,1210,1,1191,0,10,0,0,0,0,0,0
2020-12-05,"South Australia","SA",0,562,0,4,3251,750639,0,562,2,553,0,0,0,0,0,0,0,0
2020-12-05,"Tasmania","TAS",0,230,0,13,537,131230,0,230,0,217,0,0,0,0,0,0,0,0
2020-12-05,"Victoria","VIC",0,20345,0,823,7670,3619869,0,20345,0,19525,0,0,0,0,0,0,0,0
2020-12-05,"Western Australia","WA",3,828,0,9,0,563757,3,828,3,805,0,0,0,0,0,0,0,0
2020-12-06,"Australian Capital Territory","ACT",0,117,0,3,181,122571,0,117,0,113,0,0,0,0,0,0,0,0
2020-12-06,"New South Wales","NSW",5,4610,0,54,9827,3538908,5,4610,0,2802,0,5,0,0,0,0,0,0
2020-12-06,"Northern Territory","NT",0,59,0,0,297,73321,0,59,0,46,0,13,0,0,0,0,0,0
2020-12-06,"Queensland","QLD",2,1212,0,6,2121,1373765,2,1212,0,1191,1,11,0,0,0,0,0,0
2020-12-06,"South Australia","SA",0,562,0,4,2117,752756,0,562,0,553,0,0,0,0,0,0,0,0
2020-12-06,"Tasmania","TAS",0,230,0,13,166,131396,0,230,0,217,0,0,0,0,0,0,0,0
2020-12-06,"Victoria","VIC",0,20345,0,823,8377,3628246,0,20345,0,19525,0,0,0,0,0,0,0,0
2020-12-06,"Western Australia","WA",2,830,0,9,0,563757,2,830,3,808,0,0,0,0,0,0,0,0
2020-12-07,"Australian Capital Territory","ACT",0,117,0,3,198,122769,0,117,0,113,0,0,0,0,0,0,0,0
2020-12-07,"New South Wales","NSW",4,4614,0,54,6226,3545134,4,4614,0,2802,-1,4,0,0,0,0,0,0
2020-12-07,"Northern Territory","NT",0,59,0,0,310,73631,0,59,0,46,0,13,0,0,0,0,0,0
2020-12-07,"Queensland","QLD",3,1215,0,6,1325,1375090,3,1215,0,1191,5,16,0,0,0,0,0,0
2020-12-07,"South Australia","SA",0,562,0,4,1405,754161,0,562,3,556,0,0,0,0,0,0,0,0
2020-12-07,"Tasmania","TAS",0,230,0,13,169,131565,0,230,0,217,0,0,0,0,0,0,0,0
2020-12-07,"Victoria","VIC",0,20345,0,823,4912,3633158,0,20345,0,19525,0,0,0,0,0,0,0,0
2020-12-07,"Western Australia","WA",0,830,0,9,7488,571245,0,830,0,808,0,0,0,0,0,0,0,0
2020-12-08,"Australian Capital Territory","ACT",0,117,0,3,584,123353,0,117,0,113,0,0,0,0,0,0,0,0
2020-12-08,"New South Wales","NSW",6,4620,0,54,6040,3551174,6,4620,0,2802,-1,3,0,0,0,0,0,0
2020-12-08,"Northern Territory","NT",2,61,0,0,280,73911,2,61,1,47,0,13,0,0,0,0,0,0
2020-12-08,"Queensland","QLD",6,1221,0,6,3164,1378254,6,1221,0,1191,5,21,0,0,0,0,0,0
2020-12-08,"South Australia","SA",0,562,0,4,2442,756603,0,562,2,558,0,0,0,0,0,0,0,0
2020-12-08,"Tasmania","TAS",0,230,0,13,484,132049,0,230,0,217,0,0,0,0,0,0,0,0
2020-12-08,"Victoria","VIC",0,20345,0,823,7043,3640201,0,20345,0,19525,0,0,0,0,0,0,0,0
2020-12-08,"Western Australia","WA",1,831,0,9,2521,573766,1,831,2,810,0,0,0,0,0,0,0,0
2020-12-09,"Australian Capital Territory","ACT",0,117,0,3,579,123932,0,117,1,114,0,0,0,0,0,0,0,0
2020-12-09,"New South Wales","NSW",2,4622,0,54,13970,3565144,2,4622,0,2802,0,3,0,0,0,0,0,0
2020-12-09,"Northern Territory","NT",0,61,0,0,368,74279,0,61,5,52,-4,9,0,0,0,0,0,0
2020-12-09,"Queensland","QLD",0,1221,0,6,3898,1382152,0,1221,0,1191,-1,20,0,0,0,0,0,0
2020-12-09,"South Australia","SA",0,562,0,4,2742,759345,0,562,0,558,0,0,0,0,0,0,0,0
2020-12-09,"Tasmania","TAS",3,233,0,13,490,132539,3,233,0,217,0,0,0,0,0,0,0,0
2020-12-09,"Victoria","VIC",0,20345,0,823,11578,3651779,0,20345,0,19525,0,0,0,0,0,0,0,0
2020-12-09,"Western Australia","WA",1,832,0,9,2907,576673,1,832,0,810,0,0,0,0,0,0,0,0
2020-12-10,"Australian Capital Territory","ACT",0,117,0,3,566,124498,0,117,0,114,0,0,0,0,0,0,0,0
2020-12-10,"New South Wales","NSW",2,4624,0,54,14508,3579652,2,4624,0,2802,0,3,0,0,0,0,0,0
2020-12-10,"Northern Territory","NT",1,62,0,0,325,74604,1,62,0,52,1,10,0,0,0,0,0,0
2020-12-10,"Queensland","QLD",4,1225,0,6,3525,1385677,4,1225,5,1196,2,22,0,0,0,0,0,0
2020-12-10,"South Australia","SA",0,562,0,4,3237,762582,0,562,0,558,0,0,0,0,0,0,0,0
2020-12-10,"Tasmania","TAS",1,234,0,13,776,133315,1,234,0,217,3,3,0,0,0,0,0,0
2020-12-10,"Victoria","VIC",0,20345,0,823,11625,3663404,0,20345,0,19525,0,0,0,0,0,0,0,0
2020-12-10,"Western Australia","WA",0,832,0,9,2699,579372,0,832,1,811,0,0,0,0,0,0,0,0
2020-12-11,"Australian Capital Territory","ACT",0,117,0,3,506,125004,0,117,0,114,0,0,0,0,0,0,0,0
2020-12-11,"New South Wales","NSW",9,4633,0,54,11622,3591274,9,4633,0,2802,0,3,0,0,0,0,0,0
2020-12-11,"Northern Territory","NT",0,62,0,0,500,75104,0,62,0,52,0,10,0,0,0,0,0,0
2020-12-11,"Queensland","QLD",0,1225,0,6,3308,1388985,0,1225,1,1197,0,22,0,0,0,0,0,0
2020-12-11,"South Australia","SA",0,562,0,4,2551,765133,0,562,0,558,0,0,0,0,0,0,0,0
2020-12-11,"Tasmania","TAS",0,234,0,13,365,133680,0,234,0,217,0,3,0,0,0,0,0,0
2020-12-11,"Victoria","VIC",0,20345,0,823,9760,3673164,0,20345,0,19525,0,0,0,0,0,0,0,0
2020-12-11,"Western Australia","WA",2,834,0,9,2194,581566,2,834,2,813,0,0,0,0,0,0,0,0
2020-12-12,"Australian Capital Territory","ACT",0,117,0,3,242,125246,0,117,0,114,0,0,0,0,0,0,0,0
2020-12-12,"New South Wales","NSW",6,4639,0,54,10214,3601488,6,4639,0,2802,1,4,0,0,0,0,0,0
2020-12-12,"Northern Territory","NT",0,62,0,0,297,75401,0,62,0,52,0,10,0,0,0,0,0,0
2020-12-12,"Queensland","QLD",1,1226,0,6,3216,1392201,1,1226,2,1199,1,23,0,0,0,0,0,0
2020-12-12,"South Australia","SA",0,562,0,4,2160,767293,0,562,0,558,0,0,0,0,0,0,0,0
2020-12-12,"Tasmania","TAS",0,234,0,13,525,134205,0,234,0,217,0,3,0,0,0,0,0,0
2020-12-12,"Victoria","VIC",5,20350,0,823,8737,3681901,5,20350,0,19525,0,0,0,0,0,0,0,0
2020-12-12,"Western Australia","WA",1,835,0,9,0,581566,1,835,2,815,0,0,0,0,0,0,0,0
2020-12-13,"Australian Capital Territory","ACT",0,117,0,3,223,125469,0,117,0,114,0,0,0,0,0,0,0,0
2020-12-13,"New South Wales","NSW",3,4642,0,54,9133,3610621,3,4642,0,2802,-2,2,0,0,0,0,0,0
2020-12-13,"Northern Territory","NT",0,62,0,0,332,75733,0,62,0,52,1,11,0,0,0,0,0,0
2020-12-13,"Queensland","QLD",0,1226,0,6,2846,1395047,0,1226,3,1202,-2,21,0,0,0,0,0,0
2020-12-13,"South Australia","SA",0,562,0,4,1635,768928,0,562,0,558,0,0,0,0,0,0,0,0
2020-12-13,"Tasmania","TAS",0,234,0,13,291,134496,0,234,0,217,-3,0,0,0,0,0,0,0
2020-12-13,"Victoria","VIC",1,20351,0,823,6233,3688134,1,20351,0,19525,0,0,0,0,0,0,0,0
2020-12-13,"Western Australia","WA",1,836,0,9,0,581566,1,836,1,816,0,0,0,0,0,0,0,0
2020-12-14,"Australian Capital Territory","ACT",0,117,0,3,243,125712,0,117,0,114,0,0,0,0,0,0,0,0
2020-12-14,"New South Wales","NSW",3,4645,0,54,6173,3616794,3,4645,0,2802,1,3,1,1,0,0,0,0
2020-12-14,"Northern Territory","NT",2,64,0,0,234,75967,2,64,6,58,-5,6,0,0,0,0,0,0
2020-12-14,"Queensland","QLD",1,1227,0,6,1463,1396510,1,1227,1,1203,-2,19,0,0,0,0,0,0
2020-12-14,"South Australia","SA",1,563,0,4,1233,770161,1,563,0,558,0,0,0,0,0,0,0,0
2020-12-14,"Tasmania","TAS",0,234,0,13,285,134781,0,234,0,217,0,0,0,0,0,0,0,0
2020-12-14,"Victoria","VIC",1,20352,0,823,5024,3693158,1,20352,0,19525,0,0,0,0,0,0,0,0
2020-12-14,"Western Australia","WA",1,837,0,9,5974,587540,1,837,2,818,0,0,0,0,0,0,0,0
2020-12-15,"Australian Capital Territory","ACT",0,117,0,3,647,126359,0,117,0,114,0,0,0,0,0,0,0,0
2020-12-15,"New South Wales","NSW",5,4650,0,54,5333,3622127,5,4650,0,2802,1,4,0,1,0,0,0,0
2020-12-15,"Northern Territory","NT",2,66,0,0,370,76337,2,66,0,58,2,8,0,0,0,0,0,0
2020-12-15,"Queensland","QLD",1,1228,0,6,1744,1398254,1,1228,1,1204,0,19,0,0,0,0,0,0
2020-12-15,"South Australia","SA",0,563,0,4,1587,771748,0,563,1,559,0,0,0,0,0,0,0,0
2020-12-15,"Tasmania","TAS",0,234,0,13,513,135294,0,234,0,217,0,0,0,0,0,0,0,0
2020-12-15,"Victoria","VIC",-1,20351,0,823,8296,3701454,-1,20351,-1,19524,0,0,0,0,0,0,0,0
2020-12-15,"Western Australia","WA",1,838,0,9,2216,589756,1,838,3,821,0,0,0,0,0,0,0,0
2020-12-16,"Australian Capital Territory","ACT",0,117,0,3,518,126877,0,117,0,114,0,0,0,0,0,0,0,0
2020-12-16,"New South Wales","NSW",7,4657,0,54,11922,3634049,7,4657,0,2802,0,4,0,1,0,0,0,0
2020-12-16,"Northern Territory","NT",0,66,0,0,526,76863,0,66,0,58,-1,7,0,0,0,0,0,0
2020-12-16,"Queensland","QLD",1,1229,0,6,3546,1401800,1,1229,0,1204,-2,17,0,0,0,0,0,0
2020-12-16,"South Australia","SA",0,563,0,4,2781,774529,0,563,0,559,0,0,0,0,0,0,0,0
2020-12-16,"Tasmania","TAS",0,234,0,13,514,135808,0,234,0,217,0,0,0,0,0,0,0,0
2020-12-16,"Victoria","VIC",0,20351,0,823,9711,3711165,0,20351,0,19524,0,0,0,0,0,0,0,0
2020-12-16,"Western Australia","WA",4,842,0,9,2453,592209,4,842,0,821,0,0,0,0,0,0,0,0
2020-12-17,"Australian Capital Territory","ACT",0,117,0,3,331,127208,0,117,0,114,0,0,0,0,0,0,0,0
2020-12-17,"New South Wales","NSW",9,4666,0,54,10583,3644632,9,4666,0,2802,1,5,0,1,0,0,0,0
2020-12-17,"Northern Territory","NT",2,68,0,0,256,77119,2,68,1,59,2,9,0,0,0,0,0,0
2020-12-17,"Queensland","QLD",1,1230,0,6,2993,1404793,1,1230,5,1209,-2,15,0,0,0,0,0,0
2020-12-17,"South Australia","SA",0,563,0,4,1988,776517,0,563,0,559,0,0,0,0,0,0,0,0
2020-12-17,"Tasmania","TAS",0,234,0,13,512,136320,0,234,0,217,0,0,0,0,0,0,0,0
2020-12-17,"Victoria","VIC",0,20351,0,823,9477,3720642,0,20351,0,19524,0,0,0,0,0,0,0,0
2020-12-17,"Western Australia","WA",1,843,0,9,2458,594667,1,843,0,821,0,0,0,0,0,0,0,0
2020-12-18,"Australian Capital Territory","ACT",0,117,0,3,441,127649,0,117,0,114,0,0,0,0,0,0,0,0
2020-12-18,"New South Wales","NSW",16,4682,0,54,7531,3652163,16,4682,0,2802,-2,3,-1,0,0,0,0,0
2020-12-18,"Northern Territory","NT",0,68,0,0,441,77560,0,68,0,59,1,10,0,0,0,0,0,0
2020-12-18,"Queensland","QLD",3,1233,0,6,3272,1408065,3,1233,5,1214,-4,11,0,0,0,0,0,0
2020-12-18,"South Australia","SA",0,563,0,4,1868,778385,0,563,0,559,0,0,0,0,0,0,0,0
2020-12-18,"Tasmania","TAS",0,234,0,13,184,136504,0,234,0,217,0,0,0,0,0,0,0,0
2020-12-18,"Victoria","VIC",1,20352,0,823,7570,3728212,1,20352,0,19524,0,0,0,0,0,0,0,0
2020-12-18,"Western Australia","WA",1,844,0,9,1704,596371,1,844,0,821,0,0,0,0,0,0,0,0
2020-12-19,"Australian Capital Territory","ACT",0,117,0,3,767,128416,0,117,0,114,0,0,0,0,0,0,0,0
2020-12-19,"New South Wales","NSW",30,4712,0,54,12374,3664537,30,4712,0,2802,0,3,0,0,0,0,0,0
2020-12-19,"Northern Territory","NT",3,71,0,0,207,77767,3,71,0,59,2,12,0,0,0,0,0,0
2020-12-19,"Queensland","QLD",-1,1232,0,6,3928,1411993,-1,1232,0,1214,-1,10,0,0,0,0,0,0
2020-12-19,"South Australia","SA",0,563,0,4,2347,780732,0,563,0,559,0,0,0,0,0,0,0,0
2020-12-19,"Tasmania","TAS",0,234,0,13,468,136972,0,234,0,217,0,0,0,0,0,0,0,0
2020-12-19,"Victoria","VIC",2,20354,0,823,9780,3737992,2,20354,0,19524,0,0,0,0,0,0,0,0
2020-12-19,"Western Australia","WA",1,845,0,9,2479,598850,1,845,1,822,0,0,0,0,0,0,0,0
2020-12-20,"Australian Capital Territory","ACT",1,118,0,3,753,129169,1,118,0,114,0,0,0,0,0,0,0,0
2020-12-20,"New South Wales","NSW",36,4748,0,54,28210,3692747,36,4748,0,2802,0,3,0,0,0,0,0,0
2020-12-20,"Northern Territory","NT",0,71,0,0,174,77941,0,71,0,59,0,12,0,0,0,0,0,0
2020-12-20,"Queensland","QLD",2,1234,0,6,5141,1417134,2,1234,0,1214,1,11,0,0,0,0,0,0
2020-12-20,"South Australia","SA",3,566,0,4,1904,782636,3,566,0,559,0,0,0,0,0,0,0,0
2020-12-20,"Tasmania","TAS",0,234,0,13,422,137394,0,234,4,221,0,0,0,0,0,0,0,0
2020-12-20,"Victoria","VIC",2,20356,0,823,9771,3747763,2,20356,0,19524,0,0,0,0,0,0,0,0
2020-12-20,"Western Australia","WA",0,845,0,9,0,598850,0,845,3,825,0,0,0,0,0,0,0,0
2020-12-21,"Australian Capital Territory","ACT",0,118,0,3,717,129886,0,118,0,114,0,0,0,0,0,0,0,0
2020-12-21,"New South Wales","NSW",23,4771,0,54,38578,3731325,23,4771,0,2802,1,4,0,0,0,0,0,0
2020-12-21,"Northern Territory","NT",0,71,0,0,238,78179,0,71,3,62,-3,9,0,0,0,0,0,0
2020-12-21,"Queensland","QLD",1,1235,0,6,4013,1421147,1,1235,0,1214,-1,10,0,0,0,0,0,0
2020-12-21,"South Australia","SA",0,566,0,4,2348,784984,0,566,0,559,0,0,0,0,0,0,0,0
2020-12-21,"Tasmania","TAS",0,234,0,13,833,138227,0,234,0,221,0,0,0,0,0,0,0,0
2020-12-21,"Victoria","VIC",1,20357,0,823,13695,3761458,1,20357,0,19524,0,0,0,0,0,0,0,0
2020-12-21,"Western Australia","WA",1,846,0,9,7430,606280,1,846,1,826,0,0,0,0,0,0,0,0
2020-12-22,"Australian Capital Territory","ACT",0,118,0,3,1041,130927,0,118,0,114,0,0,0,0,0,0,0,0
2020-12-22,"New South Wales","NSW",18,4789,0,54,44466,3775791,18,4789,0,2802,-1,3,0,0,0,0,0,0
2020-12-22,"Northern Territory","NT",0,71,0,0,442,78621,0,71,0,62,0,9,0,0,0,0,0,0
2020-12-22,"Queensland","QLD",0,1235,0,6,8265,1429412,0,1235,1,1215,0,10,0,0,0,0,0,0
2020-12-22,"South Australia","SA",0,566,0,4,4054,789038,0,566,0,559,0,0,0,0,0,0,0,0
2020-12-22,"Tasmania","TAS",0,234,0,13,907,139134,0,234,0,221,0,0,0,0,0,0,0,0
2020-12-22,"Victoria","VIC",3,20360,0,823,15521,3776979,3,20360,5,19529,0,0,0,0,0,0,0,0
2020-12-22,"Western Australia","WA",0,846,0,9,1398,607678,0,846,1,827,0,0,0,0,0,0,0,0
2020-12-23,"Australian Capital Territory","ACT",0,118,0,3,1608,132535,0,118,0,114,0,0,0,0,0,0,0,0
2020-12-23,"New South Wales","NSW",16,4805,0,54,41865,3817656,16,4805,0,2802,-1,2,0,0,0,0,0,0
2020-12-23,"Northern Territory","NT",0,71,0,0,720,79341,0,71,0,62,0,9,0,0,0,0,0,0
2020-12-23,"Queensland","QLD",1,1236,0,6,13163,1442575,1,1236,0,1215,-1,9,0,0,0,0,0,0
2020-12-23,"South Australia","SA",0,566,0,4,6312,795350,0,566,0,559,0,0,0,0,0,0,0,0
2020-12-23,"Tasmania","TAS",0,234,0,13,841,139975,0,234,0,221,0,0,0,0,0,0,0,0
2020-12-23,"Victoria","VIC",1,20361,0,823,22956,3799935,1,20361,2,19531,0,0,0,0,0,0,0,0
2020-12-23,"Western Australia","WA",0,846,0,9,2208,609886,0,846,1,828,0,0,0,0,0,0,0,0
2020-12-24,"Australian Capital Territory","ACT",0,118,0,3,836,133371,0,118,0,114,0,0,0,0,0,0,0,0
2020-12-24,"New South Wales","NSW",18,4823,0,54,60184,3877840,18,4823,0,2802,-1,1,0,0,0,0,0,0
2020-12-24,"Northern Territory","NT",2,73,0,0,644,79985,2,73,0,62,2,11,0,0,0,0,0,0
2020-12-24,"Queensland","QLD",2,1238,0,6,10446,1453021,2,1238,1,1216,0,9,0,0,0,0,0,0
2020-12-24,"South Australia","SA",2,568,0,4,5007,800357,2,568,1,560,0,0,0,0,0,0,0,0
2020-12-24,"Tasmania","TAS",0,234,0,13,665,140640,0,234,0,221,0,0,0,0,0,0,0,0
2020-12-24,"Victoria","VIC",0,20361,0,823,19229,3819164,0,20361,0,19531,0,0,0,0,0,0,0,0
2020-12-24,"Western Australia","WA",1,847,0,9,3003,612889,1,847,2,830,0,0,0,0,0,0,0,0
2020-12-25,"Australian Capital Territory","ACT",0,118,0,3,785,134156,0,118,0,114,0,0,0,0,0,0,0,0
2020-12-25,"New South Wales","NSW",9,4832,0,54,69809,3947649,9,4832,0,2802,0,1,0,0,0,0,0,0
2020-12-25,"Northern Territory","NT",0,73,0,0,0,79985,0,73,0,62,0,11,0,0,0,0,0,0
2020-12-25,"Queensland","QLD",2,1240,0,6,5205,1458226,2,1240,1,1217,3,12,0,0,0,0,0,0
2020-12-25,"South Australia","SA",2,570,0,4,5340,805697,2,570,2,562,0,0,0,0,0,0,0,0
2020-12-25,"Tasmania","TAS",0,234,0,13,858,141498,0,234,0,221,0,0,0,0,0,0,0,0
2020-12-25,"Victoria","VIC",0,20361,0,823,11367,3830531,0,20361,0,19531,0,0,0,0,0,0,0,0
2020-12-25,"Western Australia","WA",1,848,0,9,0,612889,1,848,2,832,0,0,0,0,0,0,0,0
2020-12-26,"Australian Capital Territory","ACT",0,118,0,3,307,134463,0,118,0,114,0,0,0,0,0,0,0,0
2020-12-26,"New South Wales","NSW",15,4847,0,54,39133,3986782,15,4847,0,2802,0,1,0,0,0,0,0,0
2020-12-26,"Northern Territory","NT",0,73,0,0,742,80727,0,73,0,62,0,11,0,0,0,0,0,0
2020-12-26,"Queensland","QLD",1,1241,0,6,1945,1460171,1,1241,0,1217,-1,11,0,0,0,0,0,0
2020-12-26,"South Australia","SA",-1,569,0,4,3835,809532,-1,569,-1,561,0,0,0,0,0,0,0,0
2020-12-26,"Tasmania","TAS",0,234,0,13,0,141498,0,234,0,221,0,0,0,0,0,0,0,0
2020-12-26,"Victoria","VIC",0,20361,0,823,4907,3835438,0,20361,0,19531,0,0,0,0,0,0,0,0
2020-12-26,"Western Australia","WA",5,853,0,9,0,612889,5,853,0,832,0,0,0,0,0,0,0,0
2020-12-27,"Australian Capital Territory","ACT",0,118,0,3,352,134815,0,118,0,114,0,0,0,0,0,0,0,0
2020-12-27,"New South Wales","NSW",11,4858,0,54,23933,4010715,11,4858,0,2802,0,1,0,0,0,0,0,0
2020-12-27,"Northern Territory","NT",0,73,0,0,140,80867,0,73,0,62,0,11,0,0,0,0,0,0
2020-12-27,"Queensland","QLD",0,1241,0,6,1616,1461787,0,1241,0,1217,0,11,0,0,0,0,0,0
2020-12-27,"South Australia","SA",2,571,0,4,3172,812704,2,571,1,562,2,2,0,0,0,0,0,0
2020-12-27,"Tasmania","TAS",0,234,0,13,215,141713,0,234,0,221,0,0,0,0,0,0,0,0
2020-12-27,"Victoria","VIC",1,20362,0,823,5848,3841286,1,20362,1,19532,0,0,0,0,0,0,0,0
2020-12-27,"Western Australia","WA",2,855,0,9,0,612889,2,855,0,832,0,0,0,0,0,0,0,0
2020-12-28,"Australian Capital Territory","ACT",0,118,0,3,367,135182,0,118,0,114,0,0,0,0,0,0,0,0
2020-12-28,"New South Wales","NSW",14,4872,1,55,15364,4026079,14,4872,0,2802,1,2,0,0,0,0,0,0
2020-12-28,"Northern Territory","NT",0,73,0,0,120,80987,0,73,5,67,-5,6,0,0,0,0,0,0
2020-12-28,"Queensland","QLD",5,1246,0,6,3104,1464891,5,1246,1,1218,-2,9,0,0,0,0,0,0
2020-12-28,"South Australia","SA",1,572,0,4,4357,817061,1,572,1,563,0,2,0,0,0,0,0,0
2020-12-28,"Tasmania","TAS",0,234,0,13,234,141947,0,234,0,221,0,0,0,0,0,0,0,0
2020-12-28,"Victoria","VIC",2,20364,0,823,5880,3847166,2,20364,1,19533,0,0,0,0,0,0,0,0
2020-12-28,"Western Australia","WA",3,858,0,9,0,612889,3,858,2,834,0,0,0,0,0,0,0,0
2020-12-29,"Australian Capital Territory","ACT",0,118,0,3,479,135661,0,118,0,114,0,0,0,0,0,0,0,0
2020-12-29,"New South Wales","NSW",9,4881,0,55,16329,4042408,9,4881,0,2802,2,4,0,0,0,0,0,0
2020-12-29,"Northern Territory","NT",1,74,0,0,370,81357,1,74,0,67,1,7,0,0,0,0,0,0
2020-12-29,"Queensland","QLD",2,1248,0,6,2413,1467304,2,1248,0,1218,2,11,0,0,0,0,0,0
2020-12-29,"South Australia","SA",0,572,0,4,4370,821431,0,572,0,563,0,2,0,0,0,0,0,0
2020-12-29,"Tasmania","TAS",0,234,0,13,466,142413,0,234,0,221,0,0,0,0,0,0,0,0
2020-12-29,"Victoria","VIC",0,20364,0,823,6899,3854065,0,20364,4,19537,0,0,0,0,0,0,0,0
2020-12-29,"Western Australia","WA",1,859,0,9,7986,620875,1,859,2,836,0,0,0,0,0,0,0,0
2020-12-30,"Australian Capital Territory","ACT",0,118,0,3,592,136253,0,118,0,114,0,0,0,0,0,0,0,0
2020-12-30,"New South Wales","NSW",25,4906,0,55,17267,4059675,25,4906,0,2802,-2,2,0,0,0,0,0,0
2020-12-30,"Northern Territory","NT",0,74,0,0,469,81826,0,74,3,70,-3,4,0,0,0,0,0,0
2020-12-30,"Queensland","QLD",2,1250,0,6,4918,1472222,2,1250,0,1218,0,11,0,0,0,0,0,0
2020-12-30,"South Australia","SA",3,575,0,4,4929,826360,3,575,0,563,0,2,0,0,0,0,0,0
2020-12-30,"Tasmania","TAS",0,234,0,13,597,143010,0,234,0,221,0,0,0,0,0,0,0,0
2020-12-30,"Victoria","VIC",1,20365,0,823,8731,3862796,1,20365,0,19537,0,0,0,0,0,0,0,0
2020-12-30,"Western Australia","WA",0,859,0,9,2810,623685,0,859,2,838,0,0,0,0,0,0,0,0
2020-12-31,"Australian Capital Territory","ACT",0,118,0,3,689,136942,0,118,0,114,0,0,0,0,0,0,0,0
2020-12-31,"New South Wales","NSW",17,4923,0,55,27894,4087569,17,4923,0,2802,1,3,0,0,0,0,0,0
2020-12-31,"Northern Territory","NT",0,74,0,0,499,82325,0,74,0,70,0,4,0,0,0,0,0,0
2020-12-31,"Queensland","QLD",3,1253,0,6,4886,1477108,3,1253,0,1218,3,14,0,0,0,0,0,0
2020-12-31,"South Australia","SA",1,576,0,4,4386,830746,1,576,2,565,-1,1,0,0,0,0,0,0
2020-12-31,"Tasmania","TAS",0,234,0,13,596,143606,0,234,0,221,0,0,0,0,0,0,0,0
2020-12-31,"Victoria","VIC",3,20368,0,823,13097,3875893,3,20368,1,19538,0,0,0,0,0,0,0,0
2020-12-31,"Western Australia","WA",2,861,0,9,2762,626447,2,861,0,838,0,0,0,0,0,0,0,0
2021-01-01,"Australian Capital Territory","ACT",0,118,0,3,574,137516,0,118,0,114,0,0,0,0,0,0,0,0
2021-01-01,"New South Wales","NSW",5,4928,0,55,32010,4119579,5,4928,0,2802,-1,2,0,0,0,0,0,0
2021-01-01,"Northern Territory","NT",1,75,0,0,389,82714,1,75,1,71,0,4,0,0,0,0,0,0
2021-01-01,"Queensland","QLD",0,1253,0,6,5105,1482213,0,1253,0,1218,-1,13,0,0,0,0,0,0
2021-01-01,"South Australia","SA",4,580,0,4,4533,835279,4,580,0,565,0,1,0,0,0,0,0,0
2021-01-01,"Tasmania","TAS",0,234,0,13,627,144233,0,234,0,221,0,0,0,0,0,0,0,0
2021-01-01,"Victoria","VIC",8,20376,0,823,13108,3889001,8,20376,0,19538,0,0,0,0,0,0,0,0
2021-01-01,"Western Australia","WA",2,863,0,9,0,626447,2,863,0,838,0,0,0,0,0,0,0,0
2021-01-02,"Australian Capital Territory","ACT",0,118,0,3,538,138054,0,118,0,114,0,0,0,0,0,0,0,0
2021-01-02,"New South Wales","NSW",19,4947,0,55,31864,4151443,19,4947,0,2802,-1,1,0,0,0,0,0,0
2021-01-02,"Northern Territory","NT",7,82,0,0,347,83061,7,82,0,71,7,11,0,0,0,0,0,0
2021-01-02,"Queensland","QLD",2,1255,0,6,3360,1485573,2,1255,6,1224,0,13,0,0,0,0,0,0
2021-01-02,"South Australia","SA",0,580,0,4,5967,841246,0,580,1,566,-1,0,0,0,0,0,0,0
2021-01-02,"Tasmania","TAS",0,234,0,13,199,144432,0,234,0,221,0,0,0,0,0,0,0,0
2021-01-02,"Victoria","VIC",12,20388,0,823,18337,3907338,12,20388,1,19539,0,0,0,0,0,0,0,0
2021-01-02,"Western Australia","WA",3,866,0,9,0,626447,3,866,0,838,0,0,0,0,0,0,0,0
2021-01-03,"Australian Capital Territory","ACT",0,118,0,3,773,138827,0,118,0,114,0,0,0,0,0,0,0,0
2021-01-03,"New South Wales","NSW",11,4958,0,55,18923,4170366,11,4958,0,2802,0,1,0,0,0,0,0,0
2021-01-03,"Northern Territory","NT",-1,81,0,0,190,83251,-1,81,-2,69,0,11,0,0,0,0,0,0
2021-01-03,"Queensland","QLD",0,1255,0,6,2742,1488315,0,1255,8,1232,0,13,0,0,0,0,0,0
2021-01-03,"South Australia","SA",-1,579,0,4,5543,846789,-1,579,0,566,0,0,0,0,0,0,0,0
2021-01-03,"Tasmania","TAS",0,234,0,13,488,144920,0,234,0,221,0,0,0,0,0,0,0,0
2021-01-03,"Victoria","VIC",3,20391,0,823,22477,3929815,3,20391,0,19539,1,1,0,0,0,0,0,0
2021-01-03,"Western Australia","WA",1,867,0,9,0,626447,1,867,1,839,0,0,0,0,0,0,0,0
2021-01-04,"Australian Capital Territory","ACT",0,118,0,3,780,139607,0,118,0,114,0,0,0,0,0,0,0,0
2021-01-04,"New South Wales","NSW",7,4965,0,55,22275,4192641,7,4965,0,2802,0,1,0,0,0,0,0,0
2021-01-04,"Northern Territory","NT",1,82,0,0,410,83661,1,82,0,69,0,11,0,0,0,0,0,0
2021-01-04,"Queensland","QLD",5,1260,0,6,6296,1494611,5,1260,0,1232,0,13,0,0,0,0,0,0
2021-01-04,"South Australia","SA",4,583,0,4,4606,851395,4,583,0,566,0,0,0,0,0,0,0,0
2021-01-04,"Tasmania","TAS",0,234,0,13,493,145413,0,234,0,221,0,0,0,0,0,0,0,0
2021-01-04,"Victoria","VIC",4,20395,0,823,32468,3962283,4,20395,0,19539,0,1,0,0,0,0,0,0
2021-01-04,"Western Australia","WA",1,868,0,9,9939,636386,1,868,0,839,0,0,0,0,0,0,0,0
2021-01-05,"Australian Capital Territory","ACT",0,118,0,3,1065,140672,0,118,0,114,0,0,0,0,0,0,0,0
2021-01-05,"New South Wales","NSW",8,4973,0,55,26391,4219032,8,4973,0,2802,0,1,0,0,0,0,0,0
2021-01-05,"Northern Territory","NT",5,87,0,0,646,84307,5,87,0,69,2,13,0,0,0,0,0,0
2021-01-05,"Queensland","QLD",2,1262,0,6,13672,1508283,2,1262,1,1233,4,17,0,0,0,0,0,0
2021-01-05,"South Australia","SA",-2,581,0,4,5877,857272,-2,581,1,567,0,0,0,0,0,0,0,0
2021-01-05,"Tasmania","TAS",0,234,0,13,661,146074,0,234,0,221,0,0,0,0,0,0,0,0
2021-01-05,"Victoria","VIC",4,20399,0,823,32544,3994827,4,20399,2,19541,0,1,0,0,0,0,0,0
2021-01-05,"Western Australia","WA",1,869,0,9,3819,640205,1,869,6,845,0,0,0,0,0,0,0,0
2021-01-06,"Australian Capital Territory","ACT",0,118,0,3,994,141666,0,118,0,114,0,0,0,0,0,0,0,0
2021-01-06,"New South Wales","NSW",5,4978,0,55,32667,4251699,5,4978,0,2802,0,1,0,0,0,0,0,0
2021-01-06,"Northern Territory","NT",0,87,0,0,566,84873,0,87,0,69,3,16,0,0,0,0,0,0
2021-01-06,"Queensland","QLD",1,1263,0,6,18384,1526667,1,1263,0,1233,1,18,0,0,0,0,0,0
2021-01-06,"South Australia","SA",1,582,0,4,6254,863526,1,582,0,567,0,0,0,0,0,0,0,0
2021-01-06,"Tasmania","TAS",0,234,0,13,829,146903,0,234,0,221,0,0,0,0,0,0,0,0
2021-01-06,"Victoria","VIC",3,20402,0,823,37509,4032336,3,20402,0,19541,0,1,0,0,0,0,0,0
2021-01-06,"Western Australia","WA",3,872,0,9,4071,644276,3,872,0,845,1,1,0,0,0,0,0,0
2021-01-07,"Australian Capital Territory","ACT",0,118,0,3,991,142657,0,118,0,114,0,0,0,0,0,0,0,0
2021-01-07,"New South Wales","NSW",6,4984,0,55,27879,4279578,6,4984,0,2802,0,1,0,0,0,0,0,0
2021-01-07,"Northern Territory","NT",0,87,0,0,589,85462,0,87,0,69,1,17,0,0,0,0,0,0
2021-01-07,"Queensland","QLD",2,1265,0,6,15509,1542176,2,1265,1,1234,1,19,0,0,0,0,0,0
2021-01-07,"South Australia","SA",0,582,0,4,5430,868956,0,582,1,568,0,0,0,0,0,0,0,0
2021-01-07,"Tasmania","TAS",0,234,0,13,789,147692,0,234,0,221,0,0,0,0,0,0,0,0
2021-01-07,"Victoria","VIC",0,20402,0,823,32767,4065103,0,20402,3,19544,-1,0,0,0,0,0,0,0
2021-01-07,"Western Australia","WA",2,874,0,9,3935,648211,2,874,2,847,0,1,0,0,0,0,0,0
2021-01-08,"Australian Capital Territory","ACT",0,118,0,3,910,143567,0,118,0,114,0,0,0,0,0,0,0,0
2021-01-08,"New South Wales","NSW",11,4995,0,55,26112,4305690,11,4995,0,2802,0,1,0,0,0,0,0,0
2021-01-08,"Northern Territory","NT",1,88,0,0,703,86165,1,88,0,69,0,17,0,0,0,0,0,0
2021-01-08,"Queensland","QLD",9,1274,0,6,13097,1555273,9,1274,5,1239,3,22,0,0,0,0,0,0
2021-01-08,"South Australia","SA",3,585,0,4,5482,874438,3,585,1,569,0,0,0,0,0,0,0,0
2021-01-08,"Tasmania","TAS",0,234,0,13,405,148097,0,234,0,221,0,0,0,0,0,0,0,0
2021-01-08,"Victoria","VIC",1,20403,0,823,23108,4088211,1,20403,0,19544,0,0,0,0,0,0,0,0
2021-01-08,"Western Australia","WA",0,874,0,9,2731,650942,0,874,0,847,0,1,0,0,0,0,0,0
2021-01-09,"Australian Capital Territory","ACT",0,118,0,3,1391,144958,0,118,0,114,0,0,0,0,0,0,0,0
2021-01-09,"New South Wales","NSW",6,5001,0,55,25646,4331336,6,5001,0,2802,0,1,0,0,0,0,0,0
2021-01-09,"Northern Territory","NT",1,89,0,0,588,86753,1,89,0,69,0,17,0,0,0,0,0,0
2021-01-09,"Queensland","QLD",0,1274,0,6,14784,1570057,0,1274,0,1239,-1,21,0,0,0,0,0,0
2021-01-09,"South Australia","SA",2,587,0,4,4273,878711,2,587,-1,568,0,0,0,0,0,0,0,0
2021-01-09,"Tasmania","TAS",0,234,0,13,790,148887,0,234,0,221,0,0,0,0,0,0,0,0
2021-01-09,"Victoria","VIC",1,20404,0,823,28285,4116496,1,20404,0,19544,0,0,0,0,0,0,0,0
2021-01-09,"Western Australia","WA",1,875,0,9,0,650942,1,875,2,849,0,1,0,0,0,0,0,0
2021-01-10,"Australian Capital Territory","ACT",0,118,0,3,767,145725,0,118,0,114,0,0,0,0,0,0,0,0
2021-01-10,"New South Wales","NSW",6,5007,0,55,23763,4355099,6,5007,0,2802,0,1,0,0,0,0,0,0
2021-01-10,"Northern Territory","NT",1,90,0,0,739,87492,1,90,0,69,2,19,0,0,0,0,0,0
2021-01-10,"Queensland","QLD",0,1274,0,6,19152,1589209,0,1274,2,1241,-1,20,0,0,0,0,0,0
2021-01-10,"South Australia","SA",0,587,0,4,4983,883694,0,587,0,568,0,0,0,0,0,0,0,0
2021-01-10,"Tasmania","TAS",0,234,0,13,772,149659,0,234,0,221,0,0,0,0,0,0,0,0
2021-01-10,"Victoria","VIC",6,20410,0,823,23412,4139908,6,20410,1,19545,0,0,0,0,0,0,0,0
2021-01-10,"Western Australia","WA",0,875,0,9,2739,653681,0,875,2,851,0,1,0,0,0,0,0,0
2021-01-11,"Australian Capital Territory","ACT",0,118,0,3,1781,147506,0,118,1,115,0,0,0,0,0,0,0,0
2021-01-11,"New South Wales","NSW",11,5018,0,55,18570,4373669,11,5018,0,2802,0,1,0,0,1,1,0,0
2021-01-11,"Northern Territory","NT",0,90,0,0,832,88324,0,90,2,71,0,19,0,0,0,0,0,0
2021-01-11,"Queensland","QLD",4,1278,0,6,18904,1608113,4,1278,2,1243,4,24,0,0,0,0,0,0
2021-01-11,"South Australia","SA",1,588,0,4,5462,889156,1,588,1,569,0,0,0,0,0,0,0,0
2021-01-11,"Tasmania","TAS",0,234,0,13,670,150329,0,234,0,221,0,0,0,0,0,0,0,0
2021-01-11,"Victoria","VIC",1,20411,0,823,18660,4158568,1,20411,6,19551,0,0,0,0,0,0,0,0
2021-01-11,"Western Australia","WA",2,877,0,9,10079,663760,2,877,0,851,0,1,0,0,0,0,0,0
2021-01-12,"Australian Capital Territory","ACT",0,118,0,3,1154,148660,0,118,0,115,0,0,0,0,0,0,0,0
2021-01-12,"New South Wales","NSW",16,5034,0,55,14738,4388407,16,5034,0,2802,1,2,0,0,0,1,0,0
2021-01-12,"Northern Territory","NT",0,90,0,0,993,89317,0,90,0,71,0,19,0,0,0,0,0,0
2021-01-12,"Queensland","QLD",3,1281,0,6,13482,1621595,3,1281,0,1243,1,25,0,0,0,0,0,0
2021-01-12,"South Australia","SA",0,588,0,4,4688,893844,0,588,0,569,0,0,0,0,0,0,0,0
2021-01-12,"Tasmania","TAS",0,234,0,13,617,150946,0,234,0,221,0,0,0,0,0,0,0,0
2021-01-12,"Victoria","VIC",0,20411,0,823,18139,4176707,0,20411,2,19553,0,0,0,0,0,0,0,0
2021-01-12,"Western Australia","WA",1,878,0,9,6366,670126,1,878,4,855,0,1,0,0,0,0,0,0
2021-01-13,"Australian Capital Territory","ACT",0,118,0,3,845,149505,0,118,0,115,0,0,0,0,0,0,0,0
2021-01-13,"New South Wales","NSW",7,5041,0,55,20664,4409071,7,5041,0,2802,0,3,1,1,0,1,0,0
2021-01-13,"Northern Territory","NT",1,91,0,0,1125,90442,1,91,3,74,-2,17,0,0,0,0,0,0
2021-01-13,"Queensland","QLD",2,1283,0,6,20615,1642210,2,1283,0,1243,-2,23,0,0,0,0,0,0
2021-01-13,"South Australia","SA",2,590,0,4,5212,899056,2,590,5,574,0,0,0,0,0,0,0,0
2021-01-13,"Tasmania","TAS",0,234,0,13,593,151539,0,234,0,221,0,0,0,0,0,0,0,0
2021-01-13,"Victoria","VIC",3,20414,0,823,17908,4194615,3,20414,6,19559,0,0,0,0,0,0,0,0
2021-01-13,"Western Australia","WA",1,879,0,9,2813,672939,1,879,0,855,0,1,0,0,0,0,0,0
2021-01-14,"Australian Capital Territory","ACT",0,118,0,3,34,149539,0,118,0,115,0,0,0,0,0,0,0,0
2021-01-14,"New South Wales","NSW",2,5043,0,55,20437,4429508,2,5043,0,2802,0,2,0,1,0,1,0,0
2021-01-14,"Northern Territory","NT",2,93,0,0,934,91376,2,93,0,74,2,19,0,0,0,0,0,0
2021-01-14,"Queensland","QLD",4,1287,0,6,13061,1655271,4,1287,2,1245,2,25,0,0,0,0,0,0
2021-01-14,"South Australia","SA",0,590,0,4,5850,904906,0,590,1,575,0,0,0,0,0,0,0,0
2021-01-14,"Tasmania","TAS",0,234,0,13,573,152112,0,234,0,221,0,0,0,0,0,0,0,0
2021-01-14,"Victoria","VIC",-2,20412,0,823,16533,4211148,-2,20412,4,19563,0,0,0,0,0,0,0,0
2021-01-14,"Western Australia","WA",2,881,0,9,5748,678687,2,881,0,855,0,1,0,0,0,0,0,0
2021-01-15,"Australian Capital Territory","ACT",0,118,0,3,1070,150609,0,118,0,115,0,0,0,0,0,0,0,0
2021-01-15,"New South Wales","NSW",2,5045,0,55,16070,4445578,2,5045,0,2802,1,3,0,1,0,1,0,0
2021-01-15,"Northern Territory","NT",0,93,0,0,684,92060,0,93,0,74,0,19,0,0,0,0,0,0
2021-01-15,"Queensland","QLD",3,1290,0,6,10820,1666091,3,1290,0,1245,4,29,0,0,0,0,0,0
2021-01-15,"South Australia","SA",1,591,0,4,6485,911391,1,591,2,577,0,0,0,0,0,0,0,0
2021-01-15,"Tasmania","TAS",0,234,0,13,432,152544,0,234,0,221,0,0,0,0,0,0,0,0
2021-01-15,"Victoria","VIC",2,20414,0,823,15010,4226158,2,20414,3,19566,0,0,0,0,0,0,0,0
2021-01-15,"Western Australia","WA",3,884,0,9,4635,683322,3,884,2,857,-1,0,0,0,0,0,0,0
2021-01-16,"Australian Capital Territory","ACT",0,118,0,3,91,150700,0,118,0,115,0,0,0,0,0,0,0,0
2021-01-16,"New South Wales","NSW",12,5057,0,55,14574,4460152,12,5057,0,2802,0,3,0,1,-1,0,0,0
2021-01-16,"Northern Territory","NT",0,93,0,0,697,92757,0,93,0,74,-5,14,0,0,0,0,0,0
2021-01-16,"Queensland","QLD",1,1291,0,6,9521,1675612,1,1291,3,1248,0,29,1,1,0,0,0,0
2021-01-16,"South Australia","SA",2,593,0,4,4164,915555,2,593,0,577,0,0,0,0,0,0,0,0
2021-01-16,"Tasmania","TAS",0,234,0,13,652,153196,0,234,0,221,0,0,0,0,0,0,0,0
2021-01-16,"Victoria","VIC",3,20417,0,823,14957,4241115,3,20417,5,19571,1,1,0,0,0,0,0,0
2021-01-16,"Western Australia","WA",2,886,0,9,0,683322,2,886,5,862,0,0,0,0,0,0,0,0
2021-01-17,"Australian Capital Territory","ACT",0,118,0,3,496,151196,0,118,0,115,0,0,0,0,0,0,0,0
2021-01-17,"New South Wales","NSW",9,5066,0,55,12764,4472916,9,5066,0,2802,-1,2,0,1,0,0,0,0
2021-01-17,"Northern Territory","NT",0,93,0,0,517,93274,0,93,0,74,-5,9,0,0,0,0,0,0
2021-01-17,"Queensland","QLD",2,1293,0,6,5809,1681421,2,1293,5,1253,-3,26,0,1,0,0,0,0
2021-01-17,"South Australia","SA",0,593,0,4,2694,918249,0,593,1,578,0,0,0,0,0,0,0,0
2021-01-17,"Tasmania","TAS",0,234,0,13,242,153438,0,234,0,221,0,0,0,0,0,0,0,0
2021-01-17,"Victoria","VIC",7,20424,0,823,11023,4252138,7,20424,3,19574,0,1,0,0,0,0,0,0
2021-01-17,"Western Australia","WA",1,887,0,9,0,683322,1,887,2,864,0,0,0,0,0,0,0,0
2021-01-18,"Australian Capital Territory","ACT",0,118,0,3,416,151612,0,118,0,115,0,0,0,0,0,0,0,0
2021-01-18,"New South Wales","NSW",8,5074,0,55,8773,4481689,8,5074,0,2802,0,2,0,1,0,0,0,0
2021-01-18,"Northern Territory","NT",0,93,0,0,500,93774,0,93,12,86,-2,7,0,0,0,0,0,0
2021-01-18,"Queensland","QLD",1,1294,0,6,5173,1686594,1,1294,2,1255,-2,24,0,1,0,0,0,0
2021-01-18,"South Australia","SA",0,593,0,4,2834,921083,0,593,0,578,0,0,0,0,0,0,0,0
2021-01-18,"Tasmania","TAS",0,234,0,13,254,153692,0,234,0,221,0,0,0,0,0,0,0,0
2021-01-18,"Victoria","VIC",4,20428,0,823,13973,4266111,4,20428,1,19575,0,1,0,0,0,0,0,0
2021-01-18,"Western Australia","WA",0,887,0,9,10097,693419,0,887,1,865,0,0,0,0,0,0,0,0
2021-01-19,"Australian Capital Territory","ACT",0,118,0,3,504,152116,0,118,0,115,0,0,0,0,0,0,0,0
2021-01-19,"New South Wales","NSW",2,5076,0,55,10621,4492310,2,5076,0,2802,0,2,0,1,0,0,0,0
2021-01-19,"Northern Territory","NT",2,95,0,0,620,94394,2,95,0,86,0,7,0,0,0,0,0,0
2021-01-19,"Queensland","QLD",3,1297,0,6,6699,1693293,3,1297,0,1255,-1,23,0,1,0,0,0,0
2021-01-19,"South Australia","SA",0,593,0,4,2842,923925,0,593,0,578,0,0,0,0,0,0,0,0
2021-01-19,"Tasmania","TAS",0,234,0,13,516,154208,0,234,0,221,0,0,0,0,0,0,0,0
2021-01-19,"Victoria","VIC",2,20430,0,823,15574,4281685,2,20430,1,19576,0,1,0,0,0,0,0,0
2021-01-19,"Western Australia","WA",1,888,0,9,3604,697023,1,888,0,865,0,0,0,0,0,0,0,0
2021-01-20,"Australian Capital Territory","ACT",0,118,0,3,480,152596,0,118,0,115,0,0,0,0,0,0,0,0
2021-01-20,"New South Wales","NSW",3,5079,0,55,19959,4512269,3,5079,0,2802,0,2,-1,0,0,0,0,0
2021-01-20,"Northern Territory","NT",1,96,0,0,652,95046,1,96,0,86,2,9,0,0,0,0,0,0
2021-01-20,"Queensland","QLD",2,1299,0,6,7990,1701283,2,1299,3,1258,2,25,0,1,0,0,0,0
2021-01-20,"South Australia","SA",1,594,0,4,3755,927680,1,594,6,584,0,0,0,0,0,0,0,0
2021-01-20,"Tasmania","TAS",0,234,0,13,219,154427,0,234,0,221,0,0,0,0,0,0,0,0
2021-01-20,"Victoria","VIC",2,20432,0,823,19810,4301495,2,20432,2,19578,-1,0,0,0,0,0,0,0
2021-01-20,"Western Australia","WA",0,888,0,9,4828,701851,0,888,1,866,0,0,0,0,0,0,0,0
2021-01-21,"Australian Capital Territory","ACT",0,118,0,3,440,153036,0,118,0,115,0,0,0,0,0,0,0,0
2021-01-21,"New South Wales","NSW",5,5084,0,55,12213,4524482,5,5084,0,2802,-1,1,0,0,0,0,0,0
2021-01-21,"Northern Territory","NT",0,96,0,0,692,95738,0,96,0,86,-1,8,0,0,0,0,0,0
2021-01-21,"Queensland","QLD",1,1300,0,6,7410,1708693,1,1300,3,1261,-2,23,0,1,0,0,0,0
2021-01-21,"South Australia","SA",2,596,0,4,3594,931274,2,596,3,587,0,0,0,0,0,0,0,0
2021-01-21,"Tasmania","TAS",0,234,0,13,536,154963,0,234,0,221,0,0,0,0,0,0,0,0
2021-01-21,"Victoria","VIC",1,20433,0,823,20070,4321565,1,20433,1,19579,0,0,0,0,0,0,0,0
2021-01-21,"Western Australia","WA",0,888,0,9,3117,704968,0,888,2,868,0,0,0,0,0,0,0,0
2021-01-22,"Australian Capital Territory","ACT",0,118,0,3,419,153455,0,118,0,115,0,0,0,0,0,0,0,0
2021-01-22,"New South Wales","NSW",-1,5083,0,55,17431,4541913,-1,5083,0,2802,2,3,0,0,0,0,0,0
2021-01-22,"Northern Territory","NT",2,98,0,0,891,96629,2,98,4,90,0,8,0,0,0,0,0,0
2021-01-22,"Queensland","QLD",3,1303,0,6,7054,1715747,3,1303,0,1261,0,23,0,1,0,0,0,0
2021-01-22,"South Australia","SA",0,596,0,4,4059,935333,0,596,0,587,0,0,0,0,0,0,0,0
2021-01-22,"Tasmania","TAS",0,234,0,13,1078,156041,0,234,0,221,0,0,0,0,0,0,0,0
2021-01-22,"Victoria","VIC",0,20433,0,823,16465,4338030,0,20433,3,19582,0,0,0,0,0,0,0,0
2021-01-22,"Western Australia","WA",2,890,0,9,2165,707133,2,890,1,869,0,0,0,0,0,0,0,0
2021-01-23,"Australian Capital Territory","ACT",0,118,0,3,238,153693,0,118,0,115,0,0,0,0,0,0,0,0
2021-01-23,"New South Wales","NSW",1,5084,0,55,11343,4553256,1,5084,0,2802,1,3,0,0,0,0,0,0
2021-01-23,"Northern Territory","NT",0,98,0,0,549,97178,0,98,0,90,0,8,0,0,0,0,0,0
2021-01-23,"Queensland","QLD",0,1303,0,6,5187,1720934,0,1303,5,1266,-2,21,-1,0,0,0,0,0
2021-01-23,"South Australia","SA",0,596,0,4,3574,938907,0,596,3,590,0,0,0,0,0,0,0,0
2021-01-23,"Tasmania","TAS",0,234,0,13,467,156508,0,234,0,221,0,0,0,0,0,0,0,0
2021-01-23,"Victoria","VIC",3,20436,0,823,15711,4353741,3,20436,1,19583,0,0,0,0,0,0,0,0
2021-01-23,"Western Australia","WA",2,892,0,9,0,707133,2,892,3,872,0,0,0,0,0,0,0,0
2021-01-24,"Australian Capital Territory","ACT",0,118,0,3,145,153838,0,118,0,115,0,0,0,0,0,0,0,0
2021-01-24,"New South Wales","NSW",3,5087,0,55,11344,4564600,3,5087,0,2802,0,3,0,0,0,0,0,0
2021-01-24,"Northern Territory","NT",0,98,0,0,429,97607,0,98,0,90,0,8,0,0,0,0,0,0
2021-01-24,"Queensland","QLD",0,1303,0,6,4636,1725570,0,1303,6,1272,-6,15,0,0,0,0,0,0
2021-01-24,"South Australia","SA",0,596,0,4,3278,942185,0,596,1,591,0,0,0,0,0,0,0,0
2021-01-24,"Tasmania","TAS",0,234,0,13,234,156742,0,234,0,221,0,0,0,0,0,0,0,0
2021-01-24,"Victoria","VIC",0,20436,0,823,11901,4365642,0,20436,3,19586,0,0,0,0,0,0,0,0
2021-01-24,"Western Australia","WA",2,894,0,9,0,707133,2,894,1,873,0,0,0,0,0,0,0,0
2021-01-25,"Australian Capital Territory","ACT",0,118,0,3,189,154027,0,118,0,115,0,0,0,0,0,0,0,0
2021-01-25,"New South Wales","NSW",3,5090,0,55,8689,4573289,3,5090,0,2802,0,3,0,0,0,0,0,0
2021-01-25,"Northern Territory","NT",0,98,0,0,449,98056,0,98,1,91,-1,7,0,0,0,0,0,0
2021-01-25,"Queensland","QLD",2,1305,0,6,4134,1729704,2,1305,6,1278,0,15,0,0,0,0,0,0
2021-01-25,"South Australia","SA",0,596,0,4,2185,944370,0,596,0,591,0,0,0,0,0,0,0,0
2021-01-25,"Tasmania","TAS",0,234,0,13,207,156949,0,234,0,221,0,0,0,0,0,0,0,0
2021-01-25,"Victoria","VIC",6,20442,0,823,11806,4377448,6,20442,5,19591,0,0,0,0,0,0,0,0
2021-01-25,"Western Australia","WA",0,894,0,9,7361,714494,0,894,0,873,0,0,0,0,0,0,0,0
2021-01-26,"Australian Capital Territory","ACT",0,118,0,3,257,154284,0,118,0,115,0,0,0,0,0,0,0,0
2021-01-26,"New South Wales","NSW",1,5091,0,55,7819,4581108,1,5091,0,2802,1,4,0,0,0,0,0,0
2021-01-26,"Northern Territory","NT",0,98,0,0,660,98716,0,98,0,91,0,7,0,0,0,0,0,0
2021-01-26,"Queensland","QLD",0,1305,0,6,6309,1736013,0,1305,0,1278,2,17,0,0,0,0,0,0
2021-01-26,"South Australia","SA",0,596,0,4,2653,947023,0,596,1,592,0,0,0,0,0,0,0,0
2021-01-26,"Tasmania","TAS",0,234,0,13,448,157397,0,234,0,221,0,0,0,0,0,0,0,0
2021-01-26,"Victoria","VIC",1,20443,0,823,11656,4389104,1,20443,1,19592,0,0,0,0,0,0,0,0
2021-01-26,"Western Australia","WA",1,895,0,9,0,714494,1,895,0,873,0,0,0,0,0,0,0,0
2021-01-27,"Australian Capital Territory","ACT",0,118,0,3,275,154559,0,118,0,115,0,0,0,0,0,0,0,0
2021-01-27,"New South Wales","NSW",2,5093,0,55,9723,4590831,2,5093,0,2802,-1,3,0,0,0,0,0,0
2021-01-27,"Northern Territory","NT",0,98,0,0,605,99321,0,98,2,93,-2,5,0,0,0,0,0,0
2021-01-27,"Queensland","QLD",1,1306,0,6,4638,1740651,1,1306,4,1282,-4,13,0,0,0,0,0,0
2021-01-27,"South Australia","SA",0,596,0,4,3078,950101,0,596,0,592,0,0,0,0,0,0,0,0
2021-01-27,"Tasmania","TAS",0,234,0,13,352,157749,0,234,0,221,0,0,0,0,0,0,0,0
2021-01-27,"Victoria","VIC",2,20445,0,823,13612,4402716,2,20445,2,19594,0,0,0,0,0,0,0,0
2021-01-27,"Western Australia","WA",2,897,0,9,3927,718421,2,897,0,873,0,0,0,0,0,0,0,0
2021-01-28,"Australian Capital Territory","ACT",0,118,0,3,276,154835,0,118,0,115,0,0,0,0,0,0,0,0
2021-01-28,"New South Wales","NSW",3,5096,0,55,7809,4598640,3,5096,0,2802,0,3,0,0,0,0,0,0
2021-01-28,"Northern Territory","NT",0,98,0,0,642,99963,0,98,0,93,0,5,0,0,0,0,0,0
2021-01-28,"Queensland","QLD",1,1307,0,6,6206,1746857,1,1307,4,1286,0,13,0,0,0,0,0,0
2021-01-28,"South Australia","SA",0,596,0,4,2063,952164,0,596,0,592,0,0,0,0,0,0,0,0
2021-01-28,"Tasmania","TAS",0,234,0,13,301,158050,0,234,0,221,0,0,0,0,0,0,0,0
2021-01-28,"Victoria","VIC",2,20447,0,823,14494,4417210,2,20447,6,19600,0,0,0,0,0,0,0,0
2021-01-28,"Western Australia","WA",1,898,0,9,2073,720494,1,898,2,875,0,0,0,0,0,0,0,0
2021-01-29,"Australian Capital Territory","ACT",0,118,0,3,391,155226,0,118,0,115,0,0,0,0,0,0,0,0
2021-01-29,"New South Wales","NSW",3,5099,0,55,11897,4610537,3,5099,0,2802,-1,2,0,0,0,0,0,0
2021-01-29,"Northern Territory","NT",0,98,0,0,786,100749,0,98,0,93,0,5,0,0,0,0,0,0
2021-01-29,"Queensland","QLD",2,1309,0,6,6959,1753816,2,1309,0,1286,0,13,0,0,0,0,0,0
2021-01-29,"South Australia","SA",0,596,0,4,3307,955471,0,596,0,592,0,0,0,0,0,0,0,0
2021-01-29,"Tasmania","TAS",0,234,0,13,360,158410,0,234,0,221,0,0,0,0,0,0,0,0
2021-01-29,"Victoria","VIC",0,20447,0,823,15546,4432756,0,20447,0,19600,0,0,0,0,0,0,0,0
2021-01-29,"Western Australia","WA",1,899,0,9,1465,721959,1,899,1,876,0,0,0,0,0,0,0,0
2021-01-30,"Australian Capital Territory","ACT",0,118,0,3,256,155482,0,118,0,115,0,0,0,0,0,0,0,0
2021-01-30,"New South Wales","NSW",2,5101,0,55,10504,4621041,2,5101,0,2802,0,2,0,0,0,0,0,0
2021-01-30,"Northern Territory","NT",0,98,0,0,648,101397,0,98,0,93,0,5,0,0,0,0,0,0
2021-01-30,"Queensland","QLD",0,1309,0,6,6193,1760009,0,1309,0,1286,-6,7,0,0,0,0,0,0
2021-01-30,"South Australia","SA",0,596,0,4,3404,958875,0,596,0,592,0,0,0,0,0,0,0,0
2021-01-30,"Tasmania","TAS",0,234,0,13,676,159086,0,234,0,221,0,0,0,0,0,0,0,0
2021-01-30,"Victoria","VIC",1,20448,0,823,13702,4446458,1,20448,5,19605,0,0,0,0,0,0,0,0
2021-01-30,"Western Australia","WA",3,902,0,9,0,721959,3,902,2,878,0,0,0,0,0,0,0,0
2021-01-31,"Australian Capital Territory","ACT",0,118,0,3,286,155768,0,118,0,115,0,0,0,0,0,0,0,0
2021-01-31,"New South Wales","NSW",3,5104,0,55,8811,4629852,3,5104,0,2802,0,2,0,0,0,0,0,0
2021-01-31,"Northern Territory","NT",0,98,0,0,375,101772,0,98,0,93,0,5,0,0,0,0,0,0
2021-01-31,"Queensland","QLD",1,1310,0,6,4491,1764500,1,1310,9,1295,0,7,0,0,0,0,0,0
2021-01-31,"South Australia","SA",1,597,0,4,2825,961700,1,597,0,592,0,0,0,0,0,0,0,0
2021-01-31,"Tasmania","TAS",0,234,0,13,0,159086,0,234,0,221,0,0,0,0,0,0,0,0
2021-01-31,"Victoria","VIC",0,20448,0,823,10681,4457139,0,20448,3,19608,0,0,0,0,0,0,0,0
2021-01-31,"Western Australia","WA",1,903,0,9,0,721959,1,903,3,881,0,0,0,0,0,0,0,0
2021-02-01,"Australian Capital Territory","ACT",0,118,0,3,433,156201,0,118,0,115,0,0,0,0,0,0,0,0
2021-02-01,"New South Wales","NSW",6,5110,0,55,6023,4635875,6,5110,0,2802,-1,1,0,0,0,0,0,0
2021-02-01,"Northern Territory","NT",0,98,0,0,344,102116,0,98,0,93,-3,2,0,0,0,0,0,0
2021-02-01,"Queensland","QLD",0,1310,0,6,3759,1768259,0,1310,0,1295,0,7,0,0,0,0,0,0
2021-02-01,"South Australia","SA",-1,596,0,4,2153,963853,-1,596,0,592,0,0,0,0,0,0,0,0
2021-02-01,"Tasmania","TAS",0,234,0,13,64,159150,0,234,0,221,0,0,0,0,0,0,0,0
2021-02-01,"Victoria","VIC",1,20449,0,823,10604,4467743,1,20449,0,19608,0,0,0,0,0,0,0,0
2021-02-01,"Western Australia","WA",0,903,0,9,6939,728898,0,903,0,881,0,0,0,0,0,0,0,0
2021-02-02,"Australian Capital Territory","ACT",0,118,0,3,889,157090,0,118,0,115,0,0,0,0,0,0,0,0
2021-02-02,"New South Wales","NSW",2,5112,0,55,6686,4642561,2,5112,0,2802,0,1,0,0,0,0,0,0
2021-02-02,"Northern Territory","NT",0,98,0,0,884,103000,0,98,4,97,-1,1,0,0,0,0,0,0
2021-02-02,"Queensland","QLD",1,1311,0,6,5785,1774044,1,1311,0,1295,-1,6,0,0,0,0,0,0
2021-02-02,"South Australia","SA",1,597,0,4,3110,966963,1,597,0,592,0,0,0,0,0,0,0,0
2021-02-02,"Tasmania","TAS",0,234,0,13,470,159620,0,234,0,221,0,0,0,0,0,0,0,0
2021-02-02,"Victoria","VIC",1,20450,0,823,8480,4476223,1,20450,0,19608,0,0,0,0,0,0,0,0
2021-02-02,"Western Australia","WA",1,904,0,9,10048,738946,1,904,5,886,1,1,0,0,0,0,0,0
2021-02-03,"Australian Capital Territory","ACT",0,118,0,3,723,157813,0,118,0,115,0,0,0,0,0,0,0,0
2021-02-03,"New South Wales","NSW",2,5114,0,55,11816,4654377,2,5114,0,2802,0,1,0,0,0,0,0,0
2021-02-03,"Northern Territory","NT",0,98,0,0,1108,104108,0,98,1,98,0,1,0,0,0,0,0,0
2021-02-03,"Queensland","QLD",0,1311,0,6,6890,1780934,0,1311,0,1295,0,6,0,0,0,0,0,0
2021-02-03,"South Australia","SA",4,601,0,4,4736,971699,4,601,0,592,0,0,0,0,0,0,0,0
2021-02-03,"Tasmania","TAS",0,234,0,13,557,160177,0,234,0,221,0,0,0,0,0,0,0,0
2021-02-03,"Victoria","VIC",-1,20449,0,823,16142,4492365,-1,20449,0,19608,0,0,0,0,0,0,0,0
2021-02-03,"Western Australia","WA",0,904,0,9,17248,756194,0,904,0,886,0,1,0,0,0,0,0,0
2021-02-04,"Australian Capital Territory","ACT",0,118,0,3,528,158341,0,118,0,115,0,0,0,0,0,0,0,0
2021-02-04,"New South Wales","NSW",3,5117,0,55,10551,4664928,3,5117,0,2802,1,2,0,0,0,0,0,0
2021-02-04,"Northern Territory","NT",1,99,0,0,868,104976,1,99,0,98,0,1,0,0,0,0,0,0
2021-02-04,"Queensland","QLD",0,1311,0,6,8226,1789160,0,1311,0,1295,0,6,0,0,0,0,0,0
2021-02-04,"South Australia","SA",0,601,0,4,3414,975113,0,601,3,595,0,0,0,0,0,0,0,0
2021-02-04,"Tasmania","TAS",0,234,0,13,487,160664,0,234,0,221,0,0,0,0,0,0,0,0
2021-02-04,"Victoria","VIC",3,20452,0,823,13675,4506040,3,20452,3,19611,0,0,0,0,0,0,0,0
2021-02-04,"Western Australia","WA",2,906,0,9,13431,769625,2,906,1,887,0,1,0,0,0,0,0,0
2021-02-05,"Australian Capital Territory","ACT",0,118,0,3,461,158802,0,118,0,115,0,0,0,0,0,0,0,0
2021-02-05,"New South Wales","NSW",0,5117,0,55,10113,4675041,0,5117,0,2802,0,2,0,0,0,0,0,0
2021-02-05,"Northern Territory","NT",0,99,0,0,660,105636,0,99,0,98,0,1,0,0,0,0,0,0
2021-02-05,"Queensland","QLD",-2,1309,0,6,6834,1795994,-2,1309,-2,1293,0,6,0,0,0,0,0,0
2021-02-05,"South Australia","SA",1,602,0,4,3174,978287,1,602,1,596,0,0,0,0,0,0,0,0
2021-02-05,"Tasmania","TAS",0,234,0,13,307,160971,0,234,0,221,0,0,0,0,0,0,0,0
2021-02-05,"Victoria","VIC",4,20456,0,823,14612,4520652,4,20456,1,19612,0,0,0,0,0,0,0,0
2021-02-05,"Western Australia","WA",1,907,0,9,9408,779033,1,907,0,887,0,1,0,0,0,0,0,0
2021-02-06,"Australian Capital Territory","ACT",0,118,0,3,340,159142,0,118,0,115,0,0,0,0,0,0,0,0
2021-02-06,"New South Wales","NSW",2,5119,0,55,12521,4687562,2,5119,0,2802,-1,1,0,0,0,0,0,0
2021-02-06,"Northern Territory","NT",2,101,0,0,621,106257,2,101,0,98,2,3,0,0,0,0,0,0
2021-02-06,"Queensland","QLD",2,1311,0,6,7663,1803657,2,1311,1,1294,-1,5,0,0,0,0,0,0
2021-02-06,"South Australia","SA",0,602,0,4,6423,984710,0,602,0,596,0,0,0,0,0,0,0,0
2021-02-06,"Tasmania","TAS",0,234,0,13,751,161722,0,234,0,221,0,0,0,0,0,0,0,0
2021-02-06,"Victoria","VIC",0,20456,0,823,23227,4543879,0,20456,2,19614,0,0,0,0,0,0,0,0
2021-02-06,"Western Australia","WA",0,907,0,9,8477,787510,0,907,0,887,-1,0,0,0,0,0,0,0
2021-02-07,"Australian Capital Territory","ACT",0,118,0,3,199,159341,0,118,0,115,0,0,0,0,0,0,0,0
2021-02-07,"New South Wales","NSW",1,5120,0,55,9248,4696810,1,5120,0,2802,0,1,0,0,0,0,0,0
2021-02-07,"Northern Territory","NT",1,102,0,0,531,106788,1,102,0,98,1,4,0,0,0,0,0,0
2021-02-07,"Queensland","QLD",1,1312,0,6,4625,1808282,1,1312,0,1294,1,6,0,0,0,0,0,0
2021-02-07,"South Australia","SA",0,602,0,4,6143,990853,0,602,0,596,0,0,0,0,0,0,0,0
2021-02-07,"Tasmania","TAS",0,234,0,13,319,162041,0,234,0,221,0,0,0,0,0,0,0,0
2021-02-07,"Victoria","VIC",-1,20455,0,823,14862,4558741,-1,20455,0,19614,0,0,0,0,0,0,0,0
2021-02-07,"Western Australia","WA",0,907,0,9,5264,792774,0,907,0,887,0,0,0,0,0,0,0,0
2021-02-08,"Australian Capital Territory","ACT",0,118,0,3,305,159646,0,118,0,115,0,0,0,0,0,0,0,0
2021-02-08,"New South Wales","NSW",3,5123,0,55,11399,4708209,3,5123,0,2802,0,1,0,0,0,0,0,0
2021-02-08,"Northern Territory","NT",0,102,0,0,389,107177,0,102,0,98,0,4,0,0,0,0,0,0
2021-02-08,"Queensland","QLD",2,1314,0,6,3782,1812064,2,1314,3,1297,-1,5,0,0,0,0,0,0
2021-02-08,"South Australia","SA",1,603,0,4,3626,994479,1,603,0,596,0,0,0,0,0,0,0,0
2021-02-08,"Tasmania","TAS",0,234,0,13,276,162317,0,234,0,221,0,0,0,0,0,0,0,0
2021-02-08,"Victoria","VIC",1,20456,0,823,11359,4570100,1,20456,2,19616,0,0,0,0,0,0,0,0
2021-02-08,"Western Australia","WA",0,907,0,9,7326,800100,0,907,1,888,0,0,0,0,0,0,0,0
2021-02-09,"Australian Capital Territory","ACT",0,118,0,3,567,160213,0,118,0,115,0,0,0,0,0,0,0,0
2021-02-09,"New South Wales","NSW",2,5125,0,55,7315,4715524,2,5125,0,2802,0,1,0,0,0,0,0,0
2021-02-09,"Northern Territory","NT",0,102,0,0,775,107952,0,102,0,98,0,4,0,0,0,0,0,0
2021-02-09,"Queensland","QLD",1,1315,0,6,6429,1818493,1,1315,0,1297,0,5,0,0,0,0,0,0
2021-02-09,"South Australia","SA",0,603,0,4,4181,998660,0,603,1,597,0,0,0,0,0,0,0,0
2021-02-09,"Tasmania","TAS",0,234,0,13,325,162642,0,234,0,221,0,0,0,0,0,0,0,0
2021-02-09,"Victoria","VIC",0,20456,0,823,12816,4582916,0,20456,5,19621,1,1,1,1,0,0,0,0
2021-02-09,"Western Australia","WA",0,907,0,9,6904,807004,0,907,1,889,0,0,0,0,0,0,0,0
2021-02-10,"Australian Capital Territory","ACT",0,118,0,3,878,161091,0,118,0,115,0,0,0,0,0,0,0,0
2021-02-10,"New South Wales","NSW",4,5129,0,55,18885,4734409,4,5129,0,2802,0,1,0,0,0,0,0,0
2021-02-10,"Northern Territory","NT",0,102,0,0,743,108695,0,102,0,98,0,4,0,0,0,0,0,0
2021-02-10,"Queensland","QLD",1,1316,0,6,8132,1826625,1,1316,0,1297,1,6,0,0,0,0,0,0
2021-02-10,"South Australia","SA",2,605,0,4,6136,1004796,2,605,0,597,0,0,0,0,0,0,0,0
2021-02-10,"Tasmania","TAS",0,234,0,13,462,163104,0,234,0,221,0,0,0,0,0,0,0,0
2021-02-10,"Victoria","VIC",2,20458,0,823,22849,4605765,2,20458,1,19622,0,1,0,1,0,0,0,0
2021-02-10,"Western Australia","WA",2,909,0,9,6563,813567,2,909,3,892,0,0,0,0,0,0,0,0
2021-02-11,"Australian Capital Territory","ACT",0,118,0,3,528,161619,0,118,0,115,0,0,0,0,0,0,0,0
2021-02-11,"New South Wales","NSW",3,5132,0,55,16397,4750806,3,5132,0,2802,0,1,0,0,0,0,0,0
2021-02-11,"Northern Territory","NT",0,102,0,0,738,109433,0,102,0,98,0,4,0,0,0,0,0,0
2021-02-11,"Queensland","QLD",1,1317,0,6,7762,1834387,1,1317,0,1297,0,6,0,0,0,0,0,0
2021-02-11,"South Australia","SA",1,606,0,4,6717,1011513,1,606,0,597,0,0,0,0,0,0,0,0
2021-02-11,"Tasmania","TAS",0,234,0,13,555,163659,0,234,0,221,0,0,0,0,0,0,0,0
2021-02-11,"Victoria","VIC",2,20460,0,823,22571,4628336,2,20460,1,19623,0,1,0,1,0,0,0,0
2021-02-11,"Western Australia","WA",1,910,0,9,5221,818788,1,910,1,893,0,0,0,0,0,0,0,0
2021-02-12,"Australian Capital Territory","ACT",0,118,0,3,594,162213,0,118,0,115,0,0,0,0,0,0,0,0
2021-02-12,"New South Wales","NSW",2,5134,0,55,14518,4765324,2,5134,0,2802,0,1,0,0,0,0,0,0
2021-02-12,"Northern Territory","NT",0,102,0,0,762,110195,0,102,0,98,0,4,0,0,0,0,0,0
2021-02-12,"Queensland","QLD",1,1318,0,6,7110,1841497,1,1318,2,1299,0,6,0,0,0,0,0,0
2021-02-12,"South Australia","SA",0,606,0,4,6604,1018117,0,606,0,597,0,0,0,0,0,0,0,0
2021-02-12,"Tasmania","TAS",0,234,0,13,391,164050,0,234,0,221,0,0,0,0,0,0,0,0
2021-02-12,"Victoria","VIC",5,20465,0,823,24209,4652545,5,20465,3,19626,0,1,0,1,0,0,0,0
2021-02-12,"Western Australia","WA",0,910,0,9,4186,822974,0,910,1,894,0,0,0,0,0,0,0,0
2021-02-13,"Australian Capital Territory","ACT",0,118,0,3,580,162793,0,118,0,115,0,0,0,0,0,0,0,0
2021-02-13,"New South Wales","NSW",2,5136,0,55,13088,4778412,2,5136,0,2802,0,1,0,0,0,0,0,0
2021-02-13,"Northern Territory","NT",0,102,0,0,705,110900,0,102,0,98,0,4,0,0,0,0,0,0
2021-02-13,"Queensland","QLD",2,1320,0,6,7597,1849094,2,1320,1,1300,-1,5,0,0,0,0,0,0
2021-02-13,"South Australia","SA",0,606,0,4,7092,1025209,0,606,2,599,0,0,0,0,0,0,0,0
2021-02-13,"Tasmania","TAS",0,234,0,13,488,164538,0,234,0,221,0,0,0,0,0,0,0,0
2021-02-13,"Victoria","VIC",1,20466,0,823,20116,4672661,1,20466,0,19626,0,1,0,1,0,0,0,0
2021-02-13,"Western Australia","WA",0,910,0,9,0,822974,0,910,1,895,0,0,0,0,0,0,0,0
2021-02-14,"Australian Capital Territory","ACT",0,118,0,3,379,163172,0,118,0,115,0,0,0,0,0,0,0,0
2021-02-14,"New South Wales","NSW",2,5138,0,55,16302,4794714,2,5138,0,2802,0,1,0,0,0,0,0,0
2021-02-14,"Northern Territory","NT",1,103,0,0,690,111590,1,103,0,98,1,5,0,0,0,0,0,0
2021-02-14,"Queensland","QLD",0,1320,0,6,6217,1855311,0,1320,1,1301,0,5,0,0,0,0,0,0
2021-02-14,"South Australia","SA",0,606,0,4,6402,1031611,0,606,0,599,0,0,0,0,0,0,0,0
2021-02-14,"Tasmania","TAS",0,234,0,13,861,165399,0,234,0,221,0,0,0,0,0,0,0,0
2021-02-14,"Victoria","VIC",3,20469,0,823,21475,4694136,3,20469,1,19627,0,1,-1,0,0,0,0,0
2021-02-14,"Western Australia","WA",0,910,0,9,0,822974,0,910,1,896,0,0,0,0,0,0,0,0
2021-02-15,"Australian Capital Territory","ACT",0,118,0,3,715,163887,0,118,0,115,0,0,0,0,0,0,0,0
2021-02-15,"New South Wales","NSW",0,5138,0,55,15695,4810409,0,5138,0,2802,0,1,0,0,0,0,0,0
2021-02-15,"Northern Territory","NT",0,103,0,0,962,112552,0,103,0,98,0,5,0,0,0,0,0,0
2021-02-15,"Queensland","QLD",0,1320,0,6,5656,1860967,0,1320,4,1305,2,7,0,0,0,0,0,0
2021-02-15,"South Australia","SA",0,606,0,4,4936,1036547,0,606,0,599,0,0,0,0,0,0,0,0
2021-02-15,"Tasmania","TAS",0,234,0,13,345,165744,0,234,0,221,0,0,0,0,0,0,0,0
2021-02-15,"Victoria","VIC",2,20471,0,823,25144,4719280,2,20471,3,19630,0,1,0,0,0,0,0,0
2021-02-15,"Western Australia","WA",0,910,0,9,10123,833097,0,910,0,896,0,0,0,0,0,0,0,0
2021-02-16,"Australian Capital Territory","ACT",0,118,0,3,1059,164946,0,118,0,115,0,0,0,0,0,0,0,0
2021-02-16,"New South Wales","NSW",1,5139,0,55,12336,4822745,1,5139,0,2802,0,1,0,0,0,0,0,0
2021-02-16,"Northern Territory","NT",0,103,0,0,1355,113907,0,103,1,99,-1,4,0,0,0,0,0,0
2021-02-16,"Queensland","QLD",0,1320,0,6,7451,1868418,0,1320,0,1305,0,7,0,0,0,0,0,0
2021-02-16,"South Australia","SA",0,606,0,4,4923,1041470,0,606,0,599,0,0,0,0,0,0,0,0
2021-02-16,"Tasmania","TAS",0,234,0,13,882,166626,0,234,0,221,0,0,0,0,0,0,0,0
2021-02-16,"Victoria","VIC",4,20475,0,823,23950,4743230,4,20475,0,19630,0,1,0,0,0,0,0,0
2021-02-16,"Western Australia","WA",0,910,0,9,3003,836100,0,910,1,897,0,0,0,0,0,0,0,0
2021-02-17,"Australian Capital Territory","ACT",0,118,0,3,696,165642,0,118,0,115,0,0,0,0,0,0,0,0
2021-02-17,"New South Wales","NSW",4,5143,0,55,23463,4846208,4,5143,0,2802,1,2,0,0,0,0,0,0
2021-02-17,"Northern Territory","NT",0,103,0,0,826,114733,0,103,0,99,0,4,0,0,0,0,0,0
2021-02-17,"Queensland","QLD",0,1320,0,6,9846,1878264,0,1320,1,1306,-1,6,0,0,0,0,0,0
2021-02-17,"South Australia","SA",2,608,0,4,6195,1047665,2,608,2,601,0,0,0,0,0,0,0,0
2021-02-17,"Tasmania","TAS",0,234,0,13,909,167535,0,234,0,221,0,0,0,0,0,0,0,0
2021-02-17,"Victoria","VIC",0,20475,0,823,39258,4782488,0,20475,0,19630,-1,0,0,0,0,0,0,0
2021-02-17,"Western Australia","WA",0,910,0,9,3667,839767,0,910,1,898,0,0,0,0,0,0,0,0
2021-02-18,"Australian Capital Territory","ACT",0,118,0,3,731,166373,0,118,0,115,0,0,0,0,0,0,0,0
2021-02-18,"New South Wales","NSW",0,5143,0,55,20906,4867114,0,5143,0,2802,-1,1,0,0,0,0,0,0
2021-02-18,"Northern Territory","NT",0,103,0,0,1030,115763,0,103,0,99,0,4,0,0,0,0,0,0
2021-02-18,"Queensland","QLD",0,1320,0,6,9572,1887836,0,1320,0,1306,0,6,0,0,0,0,0,0
2021-02-18,"South Australia","SA",0,608,0,4,6461,1054126,0,608,0,601,0,0,0,0,0,0,0,0
2021-02-18,"Tasmania","TAS",0,234,0,13,854,168389,0,234,0,221,0,0,0,0,0,0,0,0
2021-02-18,"Victoria","VIC",1,20476,0,823,30261,4812749,1,20476,1,19631,0,0,0,0,0,0,0,0
2021-02-18,"Western Australia","WA",0,910,0,9,3347,843114,0,910,0,898,0,0,0,0,0,0,0,0
2021-02-19,"Australian Capital Territory","ACT",0,118,0,3,628,167001,0,118,0,115,0,0,0,0,0,0,0,0
2021-02-19,"New South Wales","NSW",2,5145,0,55,16970,4884084,2,5145,0,2802,0,1,0,0,0,0,0,0
2021-02-19,"Northern Territory","NT",0,103,0,0,937,116700,0,103,2,101,-2,2,0,0,0,0,0,0
2021-02-19,"Queensland","QLD",1,1321,0,6,9277,1897113,1,1321,1,1307,0,6,0,0,0,0,0,0
2021-02-19,"South Australia","SA",0,608,0,4,4980,1059106,0,608,0,601,0,0,0,0,0,0,0,0
2021-02-19,"Tasmania","TAS",0,234,0,13,693,169082,0,234,0,221,0,0,0,0,0,0,0,0
2021-02-19,"Victoria","VIC",3,20479,0,823,21292,4834041,3,20479,1,19632,1,1,1,1,0,0,0,0
2021-02-19,"Western Australia","WA",0,910,0,9,2345,845459,0,910,-1,897,0,0,0,0,0,0,0,0
2021-02-20,"Australian Capital Territory","ACT",0,118,0,3,472,167473,0,118,0,115,0,0,0,0,0,0,0,0
2021-02-20,"New South Wales","NSW",1,5146,0,55,16422,4900506,1,5146,0,2802,0,1,0,0,0,0,0,0
2021-02-20,"Northern Territory","NT",1,104,0,0,814,117514,1,104,0,101,1,3,0,0,0,0,0,0
2021-02-20,"Queensland","QLD",0,1321,0,6,6339,1903452,0,1321,2,1309,-1,5,0,0,0,0,0,0
2021-02-20,"South Australia","SA",0,608,0,4,4066,1063172,0,608,1,602,0,0,0,0,0,0,0,0
2021-02-20,"Tasmania","TAS",0,234,0,13,606,169688,0,234,0,221,0,0,0,0,0,0,0,0
2021-02-20,"Victoria","VIC",0,20479,0,823,17701,4851742,0,20479,2,19634,0,1,0,1,0,0,0,0
2021-02-20,"Western Australia","WA",0,910,0,9,0,845459,0,910,1,898,0,0,0,0,0,0,0,0
2021-02-21,"Australian Capital Territory","ACT",0,118,0,3,262,167735,0,118,0,115,0,0,0,0,0,0,0,0
2021-02-21,"New South Wales","NSW",3,5149,0,55,13586,4914092,3,5149,0,2802,0,1,0,0,0,0,20,20
2021-02-21,"Northern Territory","NT",0,104,0,0,765,118279,0,104,0,101,0,3,0,0,0,0,0,0
2021-02-21,"Queensland","QLD",0,1321,0,6,5085,1908537,0,1321,0,1309,0,5,0,0,0,0,0,0
2021-02-21,"South Australia","SA",2,610,0,4,4330,1067502,2,610,1,603,0,0,0,0,0,0,0,0
2021-02-21,"Tasmania","TAS",0,234,0,13,433,170121,0,234,0,221,0,0,0,0,0,0,0,0
2021-02-21,"Victoria","VIC",0,20479,0,823,10339,4862081,0,20479,0,19634,0,1,0,1,0,0,0,0
2021-02-21,"Western Australia","WA",1,911,0,9,0,845459,1,911,1,899,0,0,0,0,0,0,0,0
2021-02-22,"Australian Capital Territory","ACT",0,118,0,3,0,167735,0,118,0,115,0,0,0,0,0,0,50,50
2021-02-22,"New South Wales","NSW",1,5150,0,55,12175,4926267,1,5150,0,2802,0,1,0,0,0,0,1300,1320
2021-02-22,"Northern Territory","NT",0,104,0,0,702,118981,0,104,0,101,0,3,0,0,0,0,88,88
2021-02-22,"Queensland","QLD",2,1323,0,6,3652,1912189,2,1323,0,1309,1,6,0,0,0,0,0,0
2021-02-22,"South Australia","SA",0,610,0,4,2436,1069938,0,610,0,603,0,0,0,0,0,0,0,0
2021-02-22,"Tasmania","TAS",0,234,0,13,300,170421,0,234,0,221,0,0,0,0,0,0,0,0
2021-02-22,"Victoria","VIC",0,20479,0,823,8277,4870358,0,20479,0,19634,0,1,0,1,0,0,0,0
2021-02-22,"Western Australia","WA",1,912,0,9,8251,853710,1,912,0,899,0,0,0,0,0,0,378,378
2021-02-23,"Australian Capital Territory","ACT",0,118,0,3,1436,169171,0,118,0,115,0,0,0,0,0,0,0,50
2021-02-23,"New South Wales","NSW",4,5154,0,55,10177,4936444,4,5154,0,2802,0,1,0,0,0,0,0,1320
2021-02-23,"Northern Territory","NT",0,104,0,0,1100,120081,0,104,0,101,0,3,0,0,0,0,0,88
2021-02-23,"Queensland","QLD",0,1323,0,6,6176,1918365,0,1323,0,1309,1,7,0,0,0,0,203,203
2021-02-23,"South Australia","SA",2,612,0,4,4000,1073938,2,612,1,604,0,0,0,0,0,0,168,168
2021-02-23,"Tasmania","TAS",0,234,0,13,611,171032,0,234,0,221,0,0,0,0,0,0,0,0
2021-02-23,"Victoria","VIC",0,20479,0,823,17270,4887628,0,20479,0,19634,0,1,-1,0,0,0,580,580
2021-02-23,"Western Australia","WA",1,913,0,9,3459,857169,1,913,2,901,0,0,0,0,0,0,0,378
2021-02-24,"Australian Capital Territory","ACT",0,118,0,3,242,169413,0,118,0,115,0,0,0,0,0,0,200,250
2021-02-24,"New South Wales","NSW",1,5155,0,55,17917,4954361,1,5155,0,2802,1,2,0,0,0,0,1900,3220
2021-02-24,"Northern Territory","NT",0,104,0,0,1008,121089,0,104,0,101,-1,2,0,0,0,0,0,88
2021-02-24,"Queensland","QLD",0,1323,0,6,8455,1926820,0,1323,0,1309,0,7,0,0,0,0,324,527
2021-02-24,"South Australia","SA",1,613,0,4,4842,1078780,1,613,1,605,0,0,0,0,0,0,235,403
2021-02-24,"Tasmania","TAS",0,234,0,13,496,171528,0,234,0,221,0,0,0,0,0,0,383,383
2021-02-24,"Victoria","VIC",0,20479,0,823,20201,4907829,0,20479,5,19639,0,1,0,0,0,0,675,1255
2021-02-24,"Western Australia","WA",0,913,0,9,3615,860784,0,913,0,901,0,0,0,0,0,0,422,800
2021-02-25,"Australian Capital Territory","ACT",0,118,0,3,1015,170428,0,118,0,115,0,0,0,0,0,0,274,524
2021-02-25,"New South Wales","NSW",7,5162,0,55,17919,4972280,7,5162,0,2802,0,2,0,0,0,0,2280,5500
2021-02-25,"Northern Territory","NT",0,104,0,0,1166,122255,0,104,0,101,-1,1,0,0,0,0,0,88
2021-02-25,"Queensland","QLD",1,1324,0,6,7763,1934583,1,1324,0,1309,1,8,0,0,0,0,415,942
2021-02-25,"South Australia","SA",0,613,0,4,3103,1081883,0,613,1,606,0,0,0,0,0,0,340,743
2021-02-25,"Tasmania","TAS",0,234,0,13,692,172220,0,234,0,221,0,0,0,0,0,0,424,807
2021-02-25,"Victoria","VIC",0,20479,0,823,18282,4926111,0,20479,4,19643,1,2,0,0,0,0,808,2063
2021-02-25,"Western Australia","WA",0,913,0,9,0,860784,0,913,0,901,0,0,0,0,0,0,440,1240
2021-02-26,"Australian Capital Territory","ACT",0,118,0,3,631,171059,0,118,0,115,0,0,0,0,0,0,253,777
2021-02-26,"New South Wales","NSW",4,5166,0,55,15498,4987778,4,5166,0,2802,1,3,0,0,0,0,2000,7500
2021-02-26,"Northern Territory","NT",1,105,0,0,804,123059,1,105,0,101,1,2,0,0,0,0,493,581
2021-02-26,"Queensland","QLD",4,1328,0,6,7603,1942186,4,1328,1,1310,2,10,0,0,0,0,435,1377
2021-02-26,"South Australia","SA",0,613,0,4,4110,1085993,0,613,0,606,0,0,0,0,0,0,310,1053
2021-02-26,"Tasmania","TAS",0,234,0,13,676,172896,0,234,0,221,0,0,0,0,0,0,346,1153
2021-02-26,"Victoria","VIC",2,20481,0,823,16584,4942695,2,20481,1,19644,0,2,0,0,0,0,831,2894
2021-02-26,"Western Australia","WA",0,913,0,9,1983,862767,0,913,0,901,0,0,0,0,0,0,414,1654
2021-02-27,"Australian Capital Territory","ACT",0,118,0,3,342,171401,0,118,0,115,0,0,0,0,0,0,203,980
2021-02-27,"New South Wales","NSW",6,5172,0,55,12671,5000449,6,5172,0,2802,1,4,0,0,0,0,0,7500
2021-02-27,"Northern Territory","NT",0,105,0,0,837,123896,0,105,2,103,0,2,0,0,0,0,0,581
2021-02-27,"Queensland","QLD",1,1329,0,6,5854,1948040,1,1329,0,1310,2,12,0,0,0,0,653,2030
2021-02-27,"South Australia","SA",0,613,0,4,2875,1088868,0,613,0,606,0,0,0,0,0,0,318,1371
2021-02-27,"Tasmania","TAS",0,234,0,13,546,173442,0,234,0,221,0,0,0,0,0,0,0,1153
2021-02-27,"Victoria","VIC",0,20481,0,823,10307,4953002,0,20481,2,19646,1,3,1,1,0,0,719,3613
2021-02-27,"Western Australia","WA",0,913,0,9,0,862767,0,913,0,901,0,0,0,0,0,0,645,2299
2021-02-28,"Australian Capital Territory","ACT",0,118,0,3,266,171667,0,118,0,115,0,0,0,0,0,0,0,980
2021-02-28,"New South Wales","NSW",5,5177,0,55,11225,5011674,5,5177,0,2802,0,4,0,0,0,0,0,7500
2021-02-28,"Northern Territory","NT",0,105,0,0,548,124444,0,105,0,103,0,2,0,0,0,0,0,581
2021-02-28,"Queensland","QLD",0,1329,0,6,5238,1953278,0,1329,1,1311,-1,11,0,0,0,0,0,2030
2021-02-28,"South Australia","SA",0,613,0,4,2542,1091410,0,613,0,606,0,0,0,0,0,0,110,1481
2021-02-28,"Tasmania","TAS",0,234,0,13,341,173783,0,234,0,221,0,0,0,0,0,0,0,1153
2021-02-28,"Victoria","VIC",0,20481,0,823,7440,4960442,0,20481,0,19646,-1,2,0,1,0,0,149,3762
2021-02-28,"Western Australia","WA",0,913,0,9,0,862767,0,913,0,901,0,0,0,0,0,0,285,2584
2021-03-01,"Australian Capital Territory","ACT",0,118,0,3,416,172083,0,118,0,115,0,0,0,0,0,0,-2,978
2021-03-01,"New South Wales","NSW",3,5180,0,55,10652,5022326,3,5180,0,2802,0,4,1,1,0,0,2839,10339
2021-03-01,"Northern Territory","NT",0,105,0,0,410,124854,0,105,0,103,0,2,0,0,0,0,167,748
2021-03-01,"Queensland","QLD",2,1331,0,6,3748,1957026,2,1331,2,1313,-2,9,0,0,0,0,0,2030
2021-03-01,"South Australia","SA",3,616,0,4,1808,1093218,3,616,0,606,0,0,0,0,0,0,149,1630
2021-03-01,"Tasmania","TAS",0,234,0,13,220,174003,0,234,0,221,0,0,0,0,0,0,12,1165
2021-03-01,"Victoria","VIC",0,20481,0,823,6972,4967414,0,20481,4,19650,0,2,-1,0,0,0,100,3862
2021-03-01,"Western Australia","WA",0,913,0,9,0,862767,0,913,0,901,0,0,0,0,0,0,295,2879
2021-03-02,"Australian Capital Territory","ACT",0,118,0,3,834,172917,0,118,0,115,0,0,0,0,0,0,195,1173
2021-03-02,"New South Wales","NSW",3,5183,0,55,7576,5029902,3,5183,0,2802,2,6,0,1,0,0,2085,12424
2021-03-02,"Northern Territory","NT",0,105,0,0,1133,125987,0,105,0,103,0,2,0,0,0,0,252,1000
2021-03-02,"Queensland","QLD",4,1335,0,6,5852,1962878,4,1335,0,1313,5,14,0,0,0,0,980,3010
2021-03-02,"South Australia","SA",1,617,0,4,2381,1095599,1,617,4,610,0,0,0,0,0,0,290,1920
2021-03-02,"Tasmania","TAS",0,234,0,13,695,174698,0,234,0,221,0,0,0,0,0,0,0,1165
2021-03-02,"Victoria","VIC",0,20481,0,823,13525,4980939,0,20481,1,19651,0,2,0,0,0,0,1158,5020
2021-03-02,"Western Australia","WA",0,913,0,9,7978,870745,0,913,0,901,0,0,0,0,0,0,-17,2862
2021-03-03,"Australian Capital Territory","ACT",2,120,0,3,775,173692,2,120,0,115,0,0,0,0,0,0,146,1319
2021-03-03,"New South Wales","NSW",6,5189,0,55,17047,5046949,6,5189,0,2802,-3,3,0,1,0,0,2576,15000
2021-03-03,"Northern Territory","NT",0,105,0,0,1144,127131,0,105,1,104,-1,1,0,0,0,0,0,1000
2021-03-03,"Queensland","QLD",0,1335,0,6,7808,1970686,0,1335,1,1314,0,14,0,0,0,0,1202,4212
2021-03-03,"South Australia","SA",1,618,0,4,3291,1098890,1,618,0,610,0,0,0,0,0,0,406,2326
2021-03-03,"Tasmania","TAS",0,234,0,13,691,175389,0,234,0,221,0,0,0,0,0,0,0,1165
2021-03-03,"Victoria","VIC",0,20481,0,823,18825,4999764,0,20481,2,19653,0,2,0,0,0,0,1656,6676
2021-03-03,"Western Australia","WA",1,914,0,9,3342,874087,1,914,0,901,0,0,0,0,0,0,657,3519
2021-03-04,"Australian Capital Territory","ACT",0,120,0,3,695,174387,0,120,0,115,0,0,0,0,0,0,244,1563
2021-03-04,"New South Wales","NSW",4,5193,0,55,14855,5061804,4,5193,0,2802,0,3,0,1,0,0,1805,16805
2021-03-04,"Northern Territory","NT",0,105,0,0,918,128049,0,105,0,104,0,1,0,0,0,0,588,1588
2021-03-04,"Queensland","QLD",7,1342,0,6,7184,1977870,7,1342,0,1314,6,20,0,0,0,0,1197,5409
2021-03-04,"South Australia","SA",0,618,0,4,2792,1101682,0,618,0,610,0,0,0,0,0,0,356,2682
2021-03-04,"Tasmania","TAS",0,234,0,13,735,176124,0,234,0,221,0,0,0,0,0,0,805,1970
2021-03-04,"Victoria","VIC",0,20481,0,823,19133,5018897,0,20481,1,19654,0,2,0,0,0,0,1969,8645
2021-03-04,"Western Australia","WA",0,914,0,9,2735,876822,0,914,1,902,0,0,0,0,0,0,827,4346
2021-03-05,"Australian Capital Territory","ACT",0,120,0,3,490,174877,0,120,0,115,0,0,0,0,0,0,194,1757
2021-03-05,"New South Wales","NSW",11,5204,0,55,13389,5075193,11,5204,0,2802,-1,2,0,1,0,0,2222,19027
2021-03-05,"Northern Territory","NT",0,105,0,0,957,129006,0,105,1,105,0,1,0,0,0,0,252,1840
2021-03-05,"Queensland","QLD",2,1344,0,6,7538,1985408,2,1344,2,1316,1,21,0,0,0,0,1125,6534
2021-03-05,"South Australia","SA",0,618,0,4,2298,1103980,0,618,0,610,0,0,0,0,0,0,380,3062
2021-03-05,"Tasmania","TAS",0,234,0,13,706,176830,0,234,0,221,0,0,0,0,0,0,357,2327
2021-03-05,"Victoria","VIC",0,20481,0,823,19846,5038743,0,20481,2,19656,-1,1,0,0,0,0,2262,10907
2021-03-05,"Western Australia","WA",0,914,0,9,2411,879233,0,914,0,902,0,0,0,0,0,0,1200,5546
2021-03-06,"Australian Capital Territory","ACT",0,120,0,3,486,175363,0,120,0,115,0,0,0,0,0,0,192,1949
2021-03-06,"New South Wales","NSW",3,5207,0,55,11594,5086787,3,5207,0,2802,1,3,0,1,0,0,0,19027
2021-03-06,"Northern Territory","NT",0,105,0,0,867,129873,0,105,0,105,0,1,0,0,0,0,0,1840
2021-03-06,"Queensland","QLD",4,1348,0,6,6438,1991846,4,1348,0,1316,3,24,0,0,0,0,1474,8008
2021-03-06,"South Australia","SA",0,618,0,4,2394,1106374,0,618,1,611,0,0,0,0,0,0,393,3455
2021-03-06,"Tasmania","TAS",0,234,0,13,579,177409,0,234,0,221,0,0,0,0,0,0,0,2327
2021-03-06,"Victoria","VIC",1,20482,0,823,14814,5053557,1,20482,0,19656,0,1,0,0,0,0,1944,12851
2021-03-06,"Western Australia","WA",2,916,0,9,0,879233,2,916,1,903,0,0,0,0,0,0,1070,6616
2021-03-07,"Australian Capital Territory","ACT",2,122,0,3,370,175733,2,122,0,115,0,0,0,0,0,0,0,1949
2021-03-07,"New South Wales","NSW",2,5209,0,55,9727,5096514,2,5209,0,2802,1,4,0,1,0,0,0,19027
2021-03-07,"Northern Territory","NT",0,105,0,0,477,130350,0,105,0,105,-1,0,0,0,0,0,0,1840
2021-03-07,"Queensland","QLD",3,1351,0,6,4110,1995956,3,1351,0,1316,1,25,0,0,0,0,292,8300
2021-03-07,"South Australia","SA",0,618,0,4,2278,1108652,0,618,0,611,0,0,0,0,0,0,130,3585
2021-03-07,"Tasmania","TAS",0,234,0,13,399,177808,0,234,0,221,0,0,0,0,0,0,0,2327
2021-03-07,"Victoria","VIC",-1,20481,0,823,11024,5064581,-1,20481,0,19656,-1,0,0,0,0,0,727,13578
2021-03-07,"Western Australia","WA",1,917,0,9,0,879233,1,917,0,903,0,0,0,0,0,0,256,6872
2021-03-08,"Australian Capital Territory","ACT",0,122,0,3,353,176086,0,122,0,115,0,0,0,0,0,0,2,1951
2021-03-08,"New South Wales","NSW",1,5210,0,55,10092,5106606,1,5210,0,2802,0,4,0,1,0,0,2736,21763
2021-03-08,"Northern Territory","NT",0,105,0,0,819,131169,0,105,0,105,0,0,0,0,0,0,226,2066
2021-03-08,"Queensland","QLD",5,1356,0,6,3832,1999788,5,1356,0,1316,0,25,0,0,0,0,0,8300
2021-03-08,"South Australia","SA",0,618,0,4,1901,1110553,0,618,0,611,0,0,0,0,0,0,120,3705
2021-03-08,"Tasmania","TAS",0,234,0,13,198,178006,0,234,0,221,0,0,0,0,0,0,0,2327
2021-03-08,"Victoria","VIC",1,20482,0,823,9993,5074574,1,20482,1,19657,0,0,0,0,0,0,844,14422
2021-03-08,"Western Australia","WA",2,919,0,9,7958,887191,2,919,0,903,0,0,0,0,0,0,968,7840
2021-03-09,"Australian Capital Territory","ACT",0,122,0,3,421,176507,0,122,0,115,0,0,0,0,0,0,206,2157
2021-03-09,"New South Wales","NSW",5,5215,0,55,6825,5113431,5,5215,0,2802,0,4,0,1,1,1,2160,23923
2021-03-09,"Northern Territory","NT",0,105,0,0,728,131897,0,105,0,105,0,0,0,0,0,0,283,2349
2021-03-09,"Queensland","QLD",6,1362,0,6,5155,2004943,6,1362,2,1318,8,33,0,0,0,0,1792,10092
2021-03-09,"South Australia","SA",2,620,0,4,2655,1113208,2,620,0,611,0,0,0,0,0,0,119,3824
2021-03-09,"Tasmania","TAS",0,234,0,13,373,178379,0,234,0,221,0,0,0,0,0,0,0,2327
2021-03-09,"Victoria","VIC",1,20483,0,823,8851,5083425,1,20483,0,19657,0,0,0,0,0,0,1072,15494
2021-03-09,"Western Australia","WA",1,920,0,9,2595,889786,1,920,0,903,0,0,0,0,0,0,1449,9289
2021-03-10,"Australian Capital Territory","ACT",1,123,0,3,741,177248,1,123,0,115,0,0,0,0,0,0,225,2382
2021-03-10,"New South Wales","NSW",5,5220,0,55,15534,5128965,5,5220,0,2802,1,5,0,1,0,1,3077,27000
2021-03-10,"Northern Territory","NT",0,105,0,0,794,132691,0,105,0,105,0,0,0,0,0,0,335,2684
2021-03-10,"Queensland","QLD",6,1368,0,6,7717,2012660,6,1368,3,1321,4,37,0,0,0,0,1904,11996
2021-03-10,"South Australia","SA",1,621,0,4,2191,1115399,1,621,2,613,0,0,0,0,0,0,450,4274
2021-03-10,"Tasmania","TAS",0,234,0,13,627,179006,0,234,0,221,0,0,0,0,0,0,386,2713
2021-03-10,"Victoria","VIC",0,20483,0,823,16614,5100039,0,20483,0,19657,0,0,0,0,0,0,2831,18325
2021-03-10,"Western Australia","WA",1,921,0,9,3091,892877,1,921,0,903,0,0,0,0,0,0,2084,11373
2021-03-11,"Australian Capital Territory","ACT",0,123,0,3,662,177910,0,123,0,115,0,0,0,0,0,0,305,2687
2021-03-11,"New South Wales","NSW",6,5226,0,55,14135,5143100,6,5226,0,2802,0,5,0,1,-1,0,4313,31313
2021-03-11,"Northern Territory","NT",0,105,0,0,916,133607,0,105,0,105,0,0,0,0,0,0,386,3070
2021-03-11,"Queensland","QLD",5,1373,0,6,8033,2020693,5,1373,0,1321,4,41,0,0,0,0,1993,13989
2021-03-11,"South Australia","SA",3,624,0,4,3822,1119221,3,624,4,617,0,0,0,0,0,0,597,4871
2021-03-11,"Tasmania","TAS",0,234,0,13,826,179832,0,234,0,221,0,0,0,0,0,0,542,3255
2021-03-11,"Victoria","VIC",0,20483,0,823,20039,5120078,0,20483,3,19660,0,0,0,0,0,0,3992,22317
2021-03-11,"Western Australia","WA",1,922,0,9,2578,895455,1,922,2,905,0,0,0,0,0,0,2125,13498
2021-03-12,"Australian Capital Territory","ACT",0,123,0,3,436,178346,0,123,0,115,0,0,0,0,0,0,338,3025
2021-03-12,"New South Wales","NSW",8,5234,0,55,11050,5154150,8,5234,0,2802,1,6,0,1,0,0,0,31313
2021-03-12,"Northern Territory","NT",0,105,0,0,670,134277,0,105,0,105,0,0,0,0,0,0,192,3262
2021-03-12,"Queensland","QLD",2,1375,0,6,6962,2027655,2,1375,3,1324,-3,38,0,0,0,0,2131,16120
2021-03-12,"South Australia","SA",2,626,0,4,3764,1122985,2,626,1,618,0,0,0,0,0,0,951,5822
2021-03-12,"Tasmania","TAS",0,234,0,13,785,180617,0,234,0,221,0,0,0,0,0,0,412,3667
2021-03-12,"Victoria","VIC",0,20483,0,823,18827,5138905,0,20483,0,19660,0,0,0,0,0,0,3631,25948
2021-03-12,"Western Australia","WA",0,922,0,9,2521,897976,0,922,0,905,0,0,0,0,0,0,2454,15952
2021-03-13,"Australian Capital Territory","ACT",0,123,0,3,531,178877,0,123,0,115,0,0,0,0,0,0,642,3667
2021-03-13,"New South Wales","NSW",0,5234,0,55,9994,5164144,0,5234,0,2802,0,6,-1,0,0,0,5507,36820
2021-03-13,"Northern Territory","NT",0,105,0,0,756,135033,0,105,0,105,0,0,0,0,0,0,257,3519
2021-03-13,"Queensland","QLD",4,1379,0,6,5657,2033312,4,1379,1,1325,4,42,0,0,0,0,2291,18411
2021-03-13,"South Australia","SA",5,631,0,4,2975,1125960,5,631,2,620,0,0,0,0,0,0,1056,6878
2021-03-13,"Tasmania","TAS",0,234,0,13,464,181081,0,234,0,221,0,0,0,0,0,0,0,3667
2021-03-13,"Victoria","VIC",0,20483,0,823,16612,5155517,0,20483,0,19660,0,0,0,0,0,0,4350,30298
2021-03-13,"Western Australia","WA",1,923,0,9,0,897976,1,923,0,905,0,0,0,0,0,0,1796,17748
2021-03-14,"Australian Capital Territory","ACT",0,123,0,3,278,179155,0,123,0,115,0,0,0,0,0,0,-304,3363
2021-03-14,"New South Wales","NSW",3,5237,0,55,9269,5173413,3,5237,0,2802,-1,5,0,0,0,0,0,36820
2021-03-14,"Northern Territory","NT",0,105,0,0,531,135564,0,105,0,105,0,0,0,0,0,0,0,3519
2021-03-14,"Queensland","QLD",1,1380,0,6,5026,2038338,1,1380,0,1325,-6,36,0,0,0,0,294,18705
2021-03-14,"South Australia","SA",0,631,0,4,2567,1128527,0,631,0,620,0,0,0,0,0,0,246,7124
2021-03-14,"Tasmania","TAS",0,234,0,13,339,181420,0,234,0,221,0,0,0,0,0,0,0,3667
2021-03-14,"Victoria","VIC",0,20483,0,823,11382,5166899,0,20483,1,19661,0,0,0,0,0,0,904,31202
2021-03-14,"Western Australia","WA",1,924,0,9,0,897976,1,924,1,906,0,0,0,0,0,0,643,18391
2021-03-15,"Australian Capital Territory","ACT",0,123,0,3,400,179555,0,123,0,115,0,0,0,0,0,0,0,3363
2021-03-15,"New South Wales","NSW",3,5240,0,55,8199,5181612,3,5240,0,2802,0,5,0,0,0,0,733,37553
2021-03-15,"Northern Territory","NT",0,105,0,0,804,136368,0,105,0,105,0,0,0,0,0,0,0,3519
2021-03-15,"Queensland","QLD",6,1386,0,6,4376,2042714,6,1386,3,1328,-4,32,0,0,0,0,0,18705
2021-03-15,"South Australia","SA",3,634,0,4,1943,1130470,3,634,0,620,0,0,0,0,0,0,148,7272
2021-03-15,"Tasmania","TAS",0,234,0,13,260,181680,0,234,0,221,0,0,0,0,0,0,186,3853
2021-03-15,"Victoria","VIC",0,20483,0,823,9696,5176595,0,20483,0,19661,0,0,0,0,0,0,606,31808
2021-03-15,"Western Australia","WA",1,925,0,9,6634,904610,1,925,0,906,0,0,0,0,0,0,557,18948
2021-03-16,"Australian Capital Territory","ACT",0,123,0,3,723,180278,0,123,0,115,0,0,0,0,0,0,506,3869
2021-03-16,"New South Wales","NSW",2,5242,0,55,6257,5187869,2,5242,0,2802,0,5,0,0,0,0,0,37553
2021-03-16,"Northern Territory","NT",0,105,0,0,1178,137546,0,105,0,105,0,0,0,0,0,0,196,3715
2021-03-16,"Queensland","QLD",2,1388,0,6,7148,2049862,2,1388,0,1328,6,38,0,0,0,0,3156,21861
2021-03-16,"South Australia","SA",2,636,0,4,2455,1132925,2,636,0,620,0,0,0,0,0,0,1028,8300
2021-03-16,"Tasmania","TAS",0,234,0,13,689,182369,0,234,0,221,0,0,0,0,0,0,763,4616
2021-03-16,"Victoria","VIC",0,20483,0,823,12638,5189233,0,20483,0,19661,0,0,0,0,0,0,3474,35282
2021-03-16,"Western Australia","WA",1,926,0,9,2755,907365,1,926,1,907,0,0,0,0,0,0,1602,20550
2021-03-17,"Australian Capital Territory","ACT",0,123,0,3,522,180800,0,123,0,115,0,0,0,0,0,0,504,4373
2021-03-17,"New South Wales","NSW",6,5248,0,55,14255,5202124,6,5248,0,2802,0,5,1,1,0,0,9267,46820
2021-03-17,"Northern Territory","NT",1,106,0,0,913,138459,1,106,0,105,1,1,0,0,0,0,381,4096
2021-03-17,"Queensland","QLD",6,1394,0,6,10173,2060035,6,1394,2,1330,3,41,0,0,0,0,3312,25173
2021-03-17,"South Australia","SA",2,638,0,4,3413,1136338,2,638,0,620,0,0,0,0,0,0,1531,9831
2021-03-17,"Tasmania","TAS",0,234,0,13,626,182995,0,234,0,221,0,0,0,0,0,0,1149,5765
2021-03-17,"Victoria","VIC",0,20483,0,823,21464,5210697,0,20483,0,19661,0,0,0,0,0,0,3666,38948
2021-03-17,"Western Australia","WA",1,927,0,9,2894,910259,1,927,0,907,0,0,0,0,0,0,2394,22944
2021-03-18,"Australian Capital Territory","ACT",0,123,0,3,496,181296,0,123,0,115,0,0,0,0,0,0,502,4875
2021-03-18,"New South Wales","NSW",3,5251,0,55,14049,5216173,3,5251,0,2802,0,5,0,1,0,0,4787,51607
2021-03-18,"Northern Territory","NT",0,106,0,0,830,139289,0,106,0,105,0,1,0,0,0,0,377,4473
2021-03-18,"Queensland","QLD",8,1402,0,6,7574,2067609,8,1402,0,1330,-1,40,0,0,0,0,3360,28533
2021-03-18,"South Australia","SA",2,640,0,4,3003,1139341,2,640,1,621,0,0,0,0,0,0,1531,11362
2021-03-18,"Tasmania","TAS",0,234,0,13,779,183774,0,234,0,221,0,0,0,0,0,0,950,6715
2021-03-18,"Victoria","VIC",0,20483,0,823,21290,5231987,0,20483,0,19661,0,0,0,0,0,0,4041,42989
2021-03-18,"Western Australia","WA",0,927,0,9,2475,912734,0,927,1,908,0,0,0,0,0,0,2559,25503
2021-03-19,"Australian Capital Territory","ACT",0,123,0,3,496,181792,0,123,1,116,0,0,0,0,0,0,504,5379
2021-03-19,"New South Wales","NSW",5,5256,0,55,11872,5228045,5,5256,0,2802,0,5,-1,0,0,0,0,51607
2021-03-19,"Northern Territory","NT",0,106,0,0,861,140150,0,106,0,105,0,1,0,0,0,0,311,4784
2021-03-19,"Queensland","QLD",9,1411,0,6,8234,2075843,9,1411,0,1330,17,57,1,1,0,0,3994,32527
2021-03-19,"South Australia","SA",1,641,0,4,2786,1142127,1,641,1,622,0,0,0,0,0,0,1599,12961
2021-03-19,"Tasmania","TAS",0,234,0,13,604,184378,0,234,0,221,0,0,0,0,0,0,916,7631
2021-03-19,"Victoria","VIC",0,20483,0,823,16426,5248413,0,20483,0,19661,0,0,0,0,0,0,4742,47731
2021-03-19,"Western Australia","WA",2,929,0,9,2803,915537,2,929,0,908,0,0,0,0,0,0,2631,28134
2021-03-20,"Australian Capital Territory","ACT",0,123,0,3,322,182114,0,123,0,116,0,0,0,0,0,0,522,5901
2021-03-20,"New South Wales","NSW",3,5259,0,55,10375,5238420,3,5259,0,2802,0,5,0,0,0,0,0,51607
2021-03-20,"Northern Territory","NT",0,106,0,0,774,140924,0,106,0,105,0,1,0,0,0,0,299,5083
2021-03-20,"Queensland","QLD",4,1415,0,6,7412,2083255,4,1415,1,1331,1,58,2,3,0,0,4177,36704
2021-03-20,"South Australia","SA",1,642,0,4,2314,1144441,1,642,0,622,0,0,0,0,0,0,1090,14051
2021-03-20,"Tasmania","TAS",0,234,0,13,733,185111,0,234,0,221,0,0,0,0,0,0,0,7631
2021-03-20,"Victoria","VIC",0,20483,0,823,14107,5262520,0,20483,0,19661,0,0,0,0,0,0,4552,52283
2021-03-20,"Western Australia","WA",1,930,0,9,0,915537,1,930,0,908,0,0,0,0,0,0,2437,30571
2021-03-21,"Australian Capital Territory","ACT",0,123,0,3,186,182300,0,123,0,116,0,0,0,0,0,0,0,5901
2021-03-21,"New South Wales","NSW",2,5261,0,55,15783,5254203,2,5261,0,2802,0,5,0,0,0,0,0,51607
2021-03-21,"Northern Territory","NT",0,106,0,0,494,141418,0,106,0,105,0,1,0,0,0,0,0,5083
2021-03-21,"Queensland","QLD",2,1417,0,6,4282,2087537,2,1417,0,1331,-4,54,-1,2,0,0,298,37002
2021-03-21,"South Australia","SA",0,642,0,4,2030,1146471,0,642,2,624,0,0,0,0,0,0,314,14365
2021-03-21,"Tasmania","TAS",0,234,0,13,247,185358,0,234,0,221,0,0,0,0,0,0,0,7631
2021-03-21,"Victoria","VIC",0,20483,0,823,12388,5274908,0,20483,1,19662,0,0,0,0,0,0,1398,53681
2021-03-21,"Western Australia","WA",0,930,0,9,0,915537,0,930,1,909,0,0,0,0,0,0,941,31512
2021-03-22,"Australian Capital Territory","ACT",0,123,0,3,210,182510,0,123,0,116,0,0,0,0,0,0,635,6536
2021-03-22,"New South Wales","NSW",5,5266,0,55,8337,5262540,5,5266,0,2802,0,5,0,0,0,0,13043,64650
2021-03-22,"Northern Territory","NT",0,106,0,0,658,142076,0,106,0,105,0,1,0,0,0,0,0,5083
2021-03-22,"Queensland","QLD",4,1421,0,6,3813,2091350,4,1421,3,1334,4,58,-1,1,0,0,0,37002
2021-03-22,"South Australia","SA",0,642,0,4,1901,1148372,0,642,0,624,0,0,0,0,0,0,551,14916
2021-03-22,"Tasmania","TAS",0,234,0,13,546,185904,0,234,0,221,0,0,0,0,0,0,636,8267
2021-03-22,"Victoria","VIC",0,20483,0,823,9393,5284301,0,20483,0,19662,0,0,0,0,0,0,1342,55023
2021-03-22,"Western Australia","WA",1,931,0,9,5690,921227,1,931,2,911,0,0,0,0,0,0,603,32115
2021-03-23,"Australian Capital Territory","ACT",0,123,0,3,491,183001,0,123,0,116,0,0,0,0,0,0,715,7251
2021-03-23,"New South Wales","NSW",4,5270,0,55,5127,5267667,4,5270,0,2802,0,5,0,0,0,0,8293,72943
2021-03-23,"Northern Territory","NT",0,106,0,0,914,142990,0,106,0,105,0,1,0,0,0,0,288,5371
2021-03-23,"Queensland","QLD",1,1422,0,6,4488,2095838,1,1422,1,1335,2,60,0,1,0,0,3868,40870
2021-03-23,"South Australia","SA",0,642,0,4,2448,1150820,0,642,0,624,0,0,0,0,0,0,2033,16949
2021-03-23,"Tasmania","TAS",0,234,0,13,334,186238,0,234,0,221,0,0,0,0,0,0,576,8843
2021-03-23,"Victoria","VIC",0,20483,0,823,13549,5297850,0,20483,1,19663,0,0,0,0,0,0,4486,59509
2021-03-23,"Western Australia","WA",0,931,0,9,2221,923448,0,931,1,912,0,0,0,0,0,0,2762,34877
2021-03-24,"Australian Capital Territory","ACT",0,123,0,3,464,183465,0,123,1,117,0,0,0,0,0,0,262,7513
2021-03-24,"New South Wales","NSW",2,5272,0,55,12322,5279989,2,5272,0,2802,0,5,0,0,0,0,0,72943
2021-03-24,"Northern Territory","NT",0,106,0,0,820,143810,0,106,0,105,0,1,0,0,0,0,308,5679
2021-03-24,"Queensland","QLD",4,1426,0,6,7872,2103710,4,1426,2,1337,6,66,0,1,0,0,4198,45068
2021-03-24,"South Australia","SA",2,644,0,4,3337,1154157,2,644,1,625,0,0,0,0,0,0,802,17751
2021-03-24,"Tasmania","TAS",0,234,0,13,810,187048,0,234,0,221,0,0,0,0,0,0,1011,9854
2021-03-24,"Victoria","VIC",0,20483,0,823,19731,5317581,0,20483,0,19663,0,0,0,0,0,0,4385,63894
2021-03-24,"Western Australia","WA",1,932,0,9,2370,925818,1,932,1,913,0,0,0,0,0,0,1813,36690
2021-03-25,"Australian Capital Territory","ACT",0,123,0,3,375,183840,0,123,0,117,0,0,0,0,0,0,522,8035
2021-03-25,"New South Wales","NSW",3,5275,0,55,10158,5290147,3,5275,0,2802,0,5,0,0,0,0,0,72943
2021-03-25,"Northern Territory","NT",0,106,0,0,842,144652,0,106,0,105,0,1,0,0,0,0,507,6186
2021-03-25,"Queensland","QLD",3,1429,0,6,6512,2110222,3,1429,1,1338,-1,65,0,1,0,0,4394,49462
2021-03-25,"South Australia","SA",0,644,0,4,2336,1156493,0,644,3,628,0,0,0,0,0,0,1504,19255
2021-03-25,"Tasmania","TAS",0,234,0,13,877,187925,0,234,0,221,0,0,0,0,0,0,1153,11007
2021-03-25,"Victoria","VIC",0,20483,0,823,15446,5333027,0,20483,0,19663,0,0,0,0,0,0,5698,69592
2021-03-25,"Western Australia","WA",2,934,0,9,2459,928277,2,934,2,915,0,0,0,0,0,0,2569,39259
2021-03-26,"Australian Capital Territory","ACT",0,123,0,3,363,184203,0,123,2,119,0,0,0,0,0,0,528,8563
2021-03-26,"New South Wales","NSW",3,5278,0,55,9904,5300051,3,5278,0,2802,-1,4,0,0,0,0,16253,89196
2021-03-26,"Northern Territory","NT",0,106,0,0,1052,145704,0,106,0,105,0,1,0,0,0,0,392,6578
2021-03-26,"Queensland","QLD",8,1437,0,6,7584,2117806,8,1437,0,1338,4,69,0,1,0,0,4431,53893
2021-03-26,"South Australia","SA",1,645,0,4,2522,1159015,1,645,2,630,0,0,0,0,0,0,1577,20832
2021-03-26,"Tasmania","TAS",0,234,0,13,695,188620,0,234,0,221,0,0,0,0,0,0,721,11728
2021-03-26,"Victoria","VIC",0,20483,0,823,13800,5346827,0,20483,0,19663,0,0,0,0,0,0,6034,75626
2021-03-26,"Western Australia","WA",0,934,0,9,2898,931175,0,934,0,915,0,0,0,0,0,0,2406,41665
2021-03-27,"Australian Capital Territory","ACT",0,123,0,3,253,184456,0,123,0,119,0,0,0,0,0,0,533,9096
2021-03-27,"New South Wales","NSW",3,5281,0,55,8256,5308307,3,5281,0,2802,0,4,0,0,0,0,0,89196
2021-03-27,"Northern Territory","NT",1,107,0,0,1023,146727,1,107,0,105,-1,0,0,0,0,0,0,6578
2021-03-27,"Queensland","QLD",6,1443,0,6,6881,2124687,6,1443,1,1339,2,71,1,2,0,0,4546,58439
2021-03-27,"South Australia","SA",3,648,0,4,2367,1161382,3,648,0,630,0,0,0,0,0,0,1440,22272
2021-03-27,"Tasmania","TAS",0,234,0,13,611,189231,0,234,0,221,0,0,0,0,0,0,0,11728
2021-03-27,"Victoria","VIC",0,20483,0,823,10286,5357113,0,20483,0,19663,0,0,0,0,0,0,5072,80698
2021-03-27,"Western Australia","WA",0,934,0,9,0,931175,0,934,0,915,0,0,0,0,0,0,2382,44047
2021-03-28,"Australian Capital Territory","ACT",0,123,0,3,386,184842,0,123,1,120,0,0,0,0,0,0,333,9429
2021-03-28,"New South Wales","NSW",0,5281,0,55,8204,5316511,0,5281,0,2802,0,4,0,0,0,0,0,89196
2021-03-28,"Northern Territory","NT",1,108,0,0,690,147417,1,108,1,106,2,2,0,0,0,0,0,6578
2021-03-28,"Queensland","QLD",3,1446,0,6,11348,2136035,3,1446,0,1339,0,71,0,2,0,0,491,58930
2021-03-28,"South Australia","SA",2,650,0,4,2664,1164046,2,650,1,631,0,0,0,0,0,0,225,22497
2021-03-28,"Tasmania","TAS",0,234,0,13,391,189622,0,234,0,221,0,0,0,0,0,0,0,11728
2021-03-28,"Victoria","VIC",0,20483,0,823,11708,5368821,0,20483,0,19663,0,0,0,0,0,0,3512,84210
2021-03-28,"Western Australia","WA",1,935,0,9,0,931175,1,935,0,915,0,0,0,0,0,0,495,44542
2021-03-29,"Australian Capital Territory","ACT",0,123,0,3,736,185578,0,123,0,120,0,0,0,0,0,0,317,9746
2021-03-29,"New South Wales","NSW",2,5283,0,55,8037,5324548,2,5283,0,2802,-1,3,0,0,0,0,7077,96273
2021-03-29,"Northern Territory","NT",0,108,0,0,1002,148419,0,108,0,106,0,2,0,0,0,0,449,7027
2021-03-29,"Queensland","QLD",10,1456,0,6,11626,2147661,10,1456,4,1343,2,73,0,2,0,0,196,59126
2021-03-29,"South Australia","SA",2,652,0,4,2553,1166599,2,652,1,632,0,0,0,0,0,0,290,22787
2021-03-29,"Tasmania","TAS",0,234,0,13,333,189955,0,234,0,221,0,0,0,0,0,0,1363,13091
2021-03-29,"Victoria","VIC",1,20484,0,823,13963,5382784,1,20484,0,19663,0,0,0,0,0,0,2072,86282
2021-03-29,"Western Australia","WA",3,938,0,9,6836,938011,3,938,1,916,0,0,0,0,0,0,549,45091
2021-03-30,"Australian Capital Territory","ACT",0,123,0,3,1483,187061,0,123,0,120,0,0,0,0,0,0,535,10281
2021-03-30,"New South Wales","NSW",5,5288,0,55,7303,5331851,5,5288,0,2802,0,3,0,0,0,0,0,96273
2021-03-30,"Northern Territory","NT",0,108,0,0,1243,149662,0,108,0,106,0,2,0,0,0,0,337,7364
2021-03-30,"Queensland","QLD",10,1466,0,6,14589,2162250,10,1466,0,1343,5,78,0,2,0,0,6003,65129
2021-03-30,"South Australia","SA",3,655,0,4,3374,1169973,3,655,1,633,0,0,0,0,0,0,1358,24145
2021-03-30,"Tasmania","TAS",0,234,0,13,657,190612,0,234,0,221,0,0,0,0,0,0,659,13750
2021-03-30,"Victoria","VIC",0,20484,0,823,12892,5395676,0,20484,0,19663,0,0,0,0,0,0,6483,92765
2021-03-30,"Western Australia","WA",0,938,0,9,3348,941359,0,938,2,918,0,0,0,0,0,0,2610,47701
2021-03-31,"Australian Capital Territory","ACT",0,123,0,3,1347,188408,0,123,0,120,0,0,0,0,0,0,538,10819
2021-03-31,"New South Wales","NSW",4,5292,0,55,17393,5349244,4,5292,0,2802,0,3,0,0,0,0,3727,100000
2021-03-31,"Northern Territory","NT",0,108,0,0,1376,151038,0,108,0,106,0,2,0,0,0,0,425,7789
2021-03-31,"Queensland","QLD",1,1467,0,6,33408,2195658,1,1467,0,1343,-7,71,-1,1,0,0,6813,71942
2021-03-31,"South Australia","SA",0,655,0,4,5073,1175046,0,655,7,640,0,0,0,0,0,0,1390,25535
2021-03-31,"Tasmania","TAS",0,234,0,13,1204,191816,0,234,0,221,0,0,0,0,0,0,0,13750
2021-03-31,"Victoria","VIC",0,20484,0,823,22069,5417745,0,20484,0,19663,0,0,0,0,0,0,6300,99065
2021-03-31,"Western Australia","WA",4,942,0,9,2906,944265,4,942,0,918,0,0,0,0,0,0,3030,50731
2021-04-01,"Australian Capital Territory","ACT",0,123,0,3,1197,189605,0,123,0,120,0,0,0,0,0,0,542,11361
2021-04-01,"New South Wales","NSW",4,5296,0,55,20459,5369703,4,5296,0,2802,0,3,0,0,0,0,17389,117389
2021-04-01,"Northern Territory","NT",1,109,0,0,1224,152262,1,109,0,106,0,2,0,0,0,0,488,8277
2021-04-01,"Queensland","QLD",10,1477,0,6,34711,2230369,10,1477,0,1343,11,82,0,1,0,0,7592,79534
2021-04-01,"South Australia","SA",1,656,0,4,3948,1178994,1,656,0,640,0,0,0,0,0,0,1488,27023
2021-04-01,"Tasmania","TAS",0,234,0,13,1878,193694,0,234,0,221,0,0,0,0,0,0,1327,15077
2021-04-01,"Victoria","VIC",0,20484,0,823,19430,5437175,0,20484,0,19663,0,0,0,0,0,0,8457,107522
2021-04-01,"Western Australia","WA",2,944,0,9,2819,947084,2,944,0,918,0,0,0,0,0,0,2751,53482
2021-04-02,"Australian Capital Territory","ACT",0,123,0,3,560,190165,0,123,0,120,0,0,0,0,0,0,0,11361
2021-04-02,"New South Wales","NSW",0,5296,0,55,20061,5389764,0,5296,0,2802,-1,2,0,0,0,0,6956,124345
2021-04-02,"Northern Territory","NT",2,111,0,0,938,153200,2,111,0,106,0,2,0,0,0,0,0,8277
2021-04-02,"Queensland","QLD",8,1485,0,6,35357,2265726,8,1485,0,1343,0,82,0,1,0,0,7686,87220
2021-04-02,"South Australia","SA",2,658,0,4,3628,1182622,2,658,1,641,0,0,0,0,0,0,1314,28337
2021-04-02,"Tasmania","TAS",0,234,0,13,1707,195401,0,234,0,221,0,0,0,0,0,0,0,15077
2021-04-02,"Victoria","VIC",0,20484,0,823,15829,5453004,0,20484,0,19663,0,0,0,0,0,0,7555,115077
2021-04-02,"Western Australia","WA",0,944,0,9,0,947084,0,944,1,919,0,0,0,0,0,0,2855,56337
2021-04-03,"Australian Capital Territory","ACT",0,123,0,3,227,190392,0,123,0,120,0,0,0,0,0,0,1069,12430
2021-04-03,"New South Wales","NSW",3,5299,0,55,13460,5403224,3,5299,0,2802,0,2,0,0,0,0,850,125195
2021-04-03,"Northern Territory","NT",0,111,0,0,709,153909,0,111,0,106,0,2,0,0,0,0,0,8277
2021-04-03,"Queensland","QLD",3,1488,0,6,25837,2291563,3,1488,10,1353,-8,74,1,2,0,0,1028,88248
2021-04-03,"South Australia","SA",0,658,0,4,3148,1185770,0,658,1,642,0,0,0,0,0,0,277,28614
2021-04-03,"Tasmania","TAS",0,234,0,13,618,196019,0,234,0,221,0,0,0,0,0,0,0,15077
2021-04-03,"Victoria","VIC",0,20484,0,823,12079,5465083,0,20484,0,19663,0,0,0,0,0,0,910,115987
2021-04-03,"Western Australia","WA",0,944,0,9,0,947084,0,944,2,921,0,0,0,0,0,0,312,56649
2021-04-04,"Australian Capital Territory","ACT",0,123,0,3,221,190613,0,123,0,120,0,0,0,0,0,0,348,12778
2021-04-04,"New South Wales","NSW",1,5300,0,55,6249,5409473,1,5300,0,2802,0,2,0,0,0,0,1299,126494
2021-04-04,"Northern Territory","NT",1,112,0,0,584,154493,1,112,0,106,4,6,0,0,0,0,370,8647
2021-04-04,"Queensland","QLD",1,1489,0,6,14011,2305574,1,1489,0,1353,-2,72,0,2,0,0,34,88282
2021-04-04,"South Australia","SA",1,659,0,4,1336,1187106,1,659,1,643,1,1,1,1,0,0,145,28759
2021-04-04,"Tasmania","TAS",0,234,0,13,378,196397,0,234,0,221,0,0,0,0,0,0,2434,17511
2021-04-04,"Victoria","VIC",0,20484,0,823,9576,5474659,0,20484,0,19663,0,0,0,0,0,0,247,116234
2021-04-04,"Western Australia","WA",3,947,0,9,0,947084,3,947,1,922,0,0,0,0,0,0,223,56872
2021-04-05,"Australian Capital Territory","ACT",0,123,0,3,192,190805,0,123,0,120,0,0,0,0,0,0,332,13110
2021-04-05,"New South Wales","NSW",3,5303,0,55,7973,5417446,3,5303,0,2802,0,2,0,0,0,0,32,126526
2021-04-05,"Northern Territory","NT",0,112,0,0,440,154933,0,112,0,106,0,6,0,0,0,0,70,8717
2021-04-05,"Queensland","QLD",3,1492,0,6,7514,2313088,3,1492,0,1353,3,75,0,2,0,0,0,88282
2021-04-05,"South Australia","SA",2,661,0,4,3499,1190605,2,661,1,644,0,1,0,1,0,0,174,28933
2021-04-05,"Tasmania","TAS",0,234,0,13,382,196779,0,234,0,221,0,0,0,0,0,0,0,17511
2021-04-05,"Victoria","VIC",0,20484,0,823,7077,5481736,0,20484,0,19663,0,0,0,0,0,0,443,116677
2021-04-05,"Western Australia","WA",1,948,0,9,0,947084,1,948,0,922,0,0,0,0,0,0,146,57018
2021-04-06,"Australian Capital Territory","ACT",0,123,0,3,302,191107,0,123,0,120,0,0,0,0,0,0,664,13774
2021-04-06,"New South Wales","NSW",7,5310,0,55,4819,5422265,7,5310,0,2802,0,2,0,0,0,0,813,127339
2021-04-06,"Northern Territory","NT",0,112,0,0,522,155455,0,112,0,106,0,6,0,0,0,0,311,9028
2021-04-06,"Queensland","QLD",-1,1491,0,6,5348,2318436,-1,1491,4,1357,-5,70,-1,1,0,0,1068,89350
2021-04-06,"South Australia","SA",0,661,0,4,1909,1192514,0,661,5,649,0,1,0,1,0,0,422,29355
2021-04-06,"Tasmania","TAS",0,234,0,13,340,197119,0,234,0,221,0,0,0,0,0,0,0,17511
2021-04-06,"Victoria","VIC",0,20484,0,823,7353,5489089,0,20484,0,19663,0,0,0,0,0,0,1023,117700
2021-04-06,"Western Australia","WA",2,950,0,9,7988,955072,2,950,1,923,0,0,0,0,0,0,446,57464
2021-04-07,"Australian Capital Territory","ACT",0,123,0,3,658,191765,0,123,0,120,0,0,0,0,0,0,671,14445
2021-04-07,"New South Wales","NSW",6,5316,0,55,4876,5427141,6,5316,0,2802,0,2,0,0,0,0,6984,134323
2021-04-07,"Northern Territory","NT",0,112,0,0,1563,157018,0,112,0,106,0,6,0,0,0,0,572,9600
2021-04-07,"Queensland","QLD",6,1497,0,6,8352,2326788,6,1497,9,1366,3,73,0,1,0,0,5412,94762
2021-04-07,"South Australia","SA",1,662,0,4,2512,1195026,1,662,0,649,0,1,0,1,0,0,1380,30735
2021-04-07,"Tasmania","TAS",0,234,0,13,436,197555,0,234,0,221,0,0,0,0,0,0,0,17511
2021-04-07,"Victoria","VIC",0,20484,0,823,11746,5500835,0,20484,0,19663,0,0,0,0,0,0,6059,123759
2021-04-07,"Western Australia","WA",1,951,0,9,2418,957490,1,951,1,924,0,0,0,0,0,0,2301,59765
2021-04-08,"Australian Capital Territory","ACT",0,123,0,3,515,192280,0,123,0,120,0,0,0,0,0,0,689,15134
2021-04-08,"New South Wales","NSW",2,5318,0,55,11694,5438835,2,5318,0,2802,0,2,0,0,0,0,6228,140551
2021-04-08,"Northern Territory","NT",0,112,0,0,848,157866,0,112,1,107,-1,5,0,0,0,0,0,9600
2021-04-08,"Queensland","QLD",3,1500,0,6,10014,2336802,3,1500,0,1366,-5,68,0,1,0,0,5536,100298
2021-04-08,"South Australia","SA",1,663,0,4,4103,1199129,1,663,2,651,0,1,0,1,0,0,1900,32635
2021-04-08,"Tasmania","TAS",0,234,0,13,873,198428,0,234,0,221,0,0,0,0,0,0,2392,19903
2021-04-08,"Victoria","VIC",0,20484,0,823,13291,5514126,0,20484,1,19664,0,0,0,0,0,0,5778,129537
2021-04-08,"Western Australia","WA",0,951,0,9,3211,960701,0,951,4,928,0,0,0,0,0,0,2532,62297
2021-04-09,"Australian Capital Territory","ACT",0,123,0,3,361,192641,0,123,0,120,0,0,0,0,0,0,13915,29049
2021-04-09,"New South Wales","NSW",2,5320,0,55,14078,5452913,2,5320,0,2802,0,2,0,0,0,0,175636,316187
2021-04-09,"Northern Territory","NT",0,112,0,0,1177,159043,0,112,0,107,0,5,0,0,0,0,4517,14117
2021-04-09,"Queensland","QLD",1,1501,0,6,9734,2346536,1,1501,10,1376,0,68,0,1,0,0,122586,222884
2021-04-09,"South Australia","SA",2,665,0,4,3950,1203079,2,665,0,651,0,1,0,1,0,0,47862,80497
2021-04-09,"Tasmania","TAS",0,234,0,13,803,199231,0,234,0,221,0,0,0,0,0,0,20293,40196
2021-04-09,"Victoria","VIC",0,20484,0,823,18463,5532589,0,20484,0,19664,0,0,0,0,0,0,131513,261050
2021-04-09,"Western Australia","WA",0,951,0,9,2422,963123,0,951,4,932,0,0,0,0,0,0,51234,113531
2021-04-10,"Australian Capital Territory","ACT",0,123,0,3,343,192984,0,123,0,120,0,0,0,0,0,0,1300,30349
2021-04-10,"New South Wales","NSW",4,5324,0,55,8686,5461599,4,5324,0,2802,-1,1,0,0,0,0,19083,335270
2021-04-10,"Northern Territory","NT",0,112,0,0,759,159802,0,112,0,107,0,5,0,0,0,0,849,14966
2021-04-10,"Queensland","QLD",1,1502,0,6,7425,2353961,1,1502,5,1381,-6,62,0,1,0,0,12850,235734
2021-04-10,"South Australia","SA",0,665,0,4,3117,1206196,0,665,3,654,0,1,0,1,0,0,6083,86580
2021-04-10,"Tasmania","TAS",0,234,0,13,740,199971,0,234,0,221,0,0,0,0,0,0,2792,42988
2021-04-10,"Victoria","VIC",1,20485,0,823,13099,5545688,1,20485,0,19664,0,0,0,0,0,0,13256,274306
2021-04-10,"Western Australia","WA",0,951,0,9,0,963123,0,951,1,933,0,0,0,0,0,0,5142,118673
2021-04-11,"Australian Capital Territory","ACT",0,123,0,3,196,193180,0,123,0,120,0,0,0,0,0,0,1002,31351
2021-04-11,"New South Wales","NSW",6,5330,0,55,7927,5469526,6,5330,0,2802,1,2,0,0,0,0,7045,342315
2021-04-11,"Northern Territory","NT",0,112,0,0,548,160350,0,112,0,107,0,5,0,0,0,0,34,15000
2021-04-11,"Queensland","QLD",0,1502,0,6,5710,2359671,0,1502,0,1381,-5,57,-1,0,0,0,5261,240995
2021-04-11,"South Australia","SA",1,666,0,4,3425,1209621,1,666,3,657,0,1,0,1,0,0,2009,88589
2021-04-11,"Tasmania","TAS",0,234,0,13,419,200390,0,234,0,221,0,0,0,0,0,0,1898,44886
2021-04-11,"Victoria","VIC",0,20485,0,823,12020,5557708,0,20485,0,19664,0,0,0,0,0,0,7408,281714
2021-04-11,"Western Australia","WA",2,953,0,9,0,963123,2,953,0,933,0,0,0,0,0,0,3045,121718
2021-04-12,"Australian Capital Territory","ACT",0,123,0,3,311,193491,0,123,0,120,0,0,0,0,0,0,1022,32373
2021-04-12,"New South Wales","NSW",9,5339,0,55,7198,5476724,9,5339,0,2802,0,2,0,0,0,0,2003,344318
2021-04-12,"Northern Territory","NT",0,112,0,0,640,160990,0,112,1,108,-1,4,0,0,0,0,26,15026
2021-04-12,"Queensland","QLD",2,1504,0,6,3778,2363449,2,1504,0,1381,-2,55,0,0,0,0,2259,243254
2021-04-12,"South Australia","SA",0,666,0,4,2671,1212292,0,666,0,657,0,1,0,1,0,0,1173,89762
2021-04-12,"Tasmania","TAS",0,234,0,13,355,200745,0,234,0,221,0,0,0,0,0,0,669,45555
2021-04-12,"Victoria","VIC",2,20487,0,823,9503,5567211,2,20487,0,19664,0,0,0,0,0,0,3528,285242
2021-04-12,"Western Australia","WA",1,954,0,9,7861,970984,1,954,2,935,0,0,0,0,0,0,1054,122772
2021-04-13,"Australian Capital Territory","ACT",0,123,0,3,457,193948,0,123,0,120,0,0,0,0,0,0,601,32974
2021-04-13,"New South Wales","NSW",5,5344,0,55,5510,5482234,5,5344,0,2802,1,3,1,1,0,0,4359,348677
2021-04-13,"Northern Territory","NT",0,112,0,0,823,161813,0,112,0,108,0,4,0,0,0,0,0,15026
2021-04-13,"Queensland","QLD",2,1506,1,7,5308,2368757,2,1506,0,1381,-1,54,0,0,0,0,3105,246359
2021-04-13,"South Australia","SA",8,674,0,4,2577,1214869,8,674,0,657,0,1,0,1,0,0,1550,91312
2021-04-13,"Tasmania","TAS",0,234,0,13,541,201286,0,234,0,221,0,0,0,0,0,0,887,46442
2021-04-13,"Victoria","VIC",0,20487,0,823,10338,5577549,0,20487,0,19664,0,0,0,0,0,0,3478,288720
2021-04-13,"Western Australia","WA",3,957,0,9,2958,973942,3,957,2,937,1,1,0,0,0,0,1749,124521
2021-04-14,"Australian Capital Territory","ACT",0,123,0,3,450,194398,0,123,0,120,0,0,0,0,0,0,1994,34968
2021-04-14,"New South Wales","NSW",3,5347,0,55,12260,5494494,3,5347,0,2802,-1,2,0,1,0,0,34010,382687
2021-04-14,"Northern Territory","NT",0,112,0,0,909,162722,0,112,0,108,1,5,0,0,0,0,1452,16478
2021-04-14,"Queensland","QLD",2,1508,0,7,8246,2377003,2,1508,16,1397,-4,50,0,0,0,0,19744,266103
2021-04-14,"South Australia","SA",1,675,0,4,3683,1218552,1,675,0,657,0,1,0,1,0,0,7725,99037
2021-04-14,"Tasmania","TAS",0,234,0,13,751,202037,0,234,0,221,0,0,0,0,0,0,3239,49681
2021-04-14,"Victoria","VIC",0,20487,0,823,16002,5593551,0,20487,0,19664,0,0,0,0,0,0,23998,312718
2021-04-14,"Western Australia","WA",7,964,0,9,3492,977434,7,964,1,938,0,1,0,0,0,0,9479,134000
2021-04-15,"Australian Capital Territory","ACT",0,123,0,3,397,194795,0,123,0,120,0,0,0,0,0,0,1327,36295
2021-04-15,"New South Wales","NSW",9,5356,0,55,10548,5505042,9,5356,0,2802,-1,1,0,1,0,0,20451,403138
2021-04-15,"Northern Territory","NT",1,113,0,0,1205,163927,1,113,0,108,0,5,0,0,0,0,719,17197
2021-04-15,"Queensland","QLD",1,1509,0,7,8128,2385131,1,1509,0,1397,-8,42,0,0,0,0,13013,279116
2021-04-15,"South Australia","SA",2,677,0,4,3668,1222220,2,677,4,661,0,1,0,1,0,0,6083,105120
2021-04-15,"Tasmania","TAS",0,234,0,13,774,202811,0,234,0,221,0,0,0,0,0,0,1773,51454
2021-04-15,"Victoria","VIC",5,20492,0,823,17040,5610591,5,20492,0,19664,0,0,0,0,0,0,14581,327299
2021-04-15,"Western Australia","WA",1,965,0,9,2646,980080,1,965,0,938,0,1,0,0,0,0,5686,139686
2021-04-16,"Australian Capital Territory","ACT",0,123,0,3,374,195169,0,123,0,120,0,0,0,0,0,0,1143,37438
2021-04-16,"New South Wales","NSW",7,5363,0,55,10415,5515457,7,5363,0,2802,2,3,0,1,0,0,19342,422480
2021-04-16,"Northern Territory","NT",0,113,0,0,742,164669,0,113,0,108,0,5,0,0,0,0,615,17812
2021-04-16,"Queensland","QLD",6,1515,0,7,7022,2392153,6,1515,0,1397,-6,36,0,0,0,0,12850,291966
2021-04-16,"South Australia","SA",1,678,0,4,2743,1224963,1,678,4,665,0,1,0,1,0,0,4985,110105
2021-04-16,"Tasmania","TAS",0,234,0,13,748,203559,0,234,0,221,0,0,0,0,0,0,2631,54085
2021-04-16,"Victoria","VIC",0,20492,0,823,14708,5625299,0,20492,0,19664,0,0,0,0,0,0,14182,341481
2021-04-16,"Western Australia","WA",1,966,0,9,2400,982480,1,966,2,940,0,1,0,0,0,0,5524,145210
2021-04-17,"Australian Capital Territory","ACT",0,123,0,3,254,195423,0,123,0,120,0,0,0,0,0,0,1048,38486
2021-04-17,"New South Wales","NSW",7,5370,0,55,8763,5524220,7,5370,0,2802,1,4,0,1,0,0,17916,440396
2021-04-17,"Northern Territory","NT",6,119,0,0,795,165464,6,119,0,108,6,11,0,0,0,0,748,18560
2021-04-17,"Queensland","QLD",1,1516,0,7,4828,2396981,1,1516,32,1429,-9,27,0,0,0,0,10157,302123
2021-04-17,"South Australia","SA",4,682,0,4,2709,1227672,4,682,0,665,0,1,0,1,0,0,4427,114532
2021-04-17,"Tasmania","TAS",0,234,0,13,500,204059,0,234,0,221,0,0,0,0,0,0,1570,55655
2021-04-17,"Victoria","VIC",2,20494,0,823,11829,5637128,2,20494,0,19664,0,0,0,0,0,0,13009,354490
2021-04-17,"Western Australia","WA",1,967,0,9,0,982480,1,967,1,941,0,1,0,0,0,0,5085,150295
2021-04-18,"Australian Capital Territory","ACT",0,123,0,3,181,195604,0,123,0,120,0,0,0,0,0,0,1129,39615
2021-04-18,"New South Wales","NSW",6,5376,0,55,8088,5532308,6,5376,0,2802,0,4,0,1,0,0,6843,447239
2021-04-18,"Northern Territory","NT",0,119,0,0,617,166081,0,119,0,108,0,11,0,0,0,0,47,18607
2021-04-18,"Queensland","QLD",2,1518,0,7,3596,2400577,2,1518,11,1440,0,27,0,0,0,0,3280,305403
2021-04-18,"South Australia","SA",0,682,0,4,2454,1230126,0,682,0,665,0,1,0,1,0,0,1736,116268
2021-04-18,"Tasmania","TAS",0,234,0,13,434,204493,0,234,0,221,0,0,0,0,0,0,1110,56765
2021-04-18,"Victoria","VIC",0,20494,0,823,8658,5645786,0,20494,0,19664,0,0,0,0,0,0,5283,359773
2021-04-18,"Western Australia","WA",6,973,0,9,0,982480,6,973,0,941,0,1,1,1,0,0,2643,152938
2021-04-19,"Australian Capital Territory","ACT",0,123,0,3,202,195806,0,123,0,120,0,0,0,0,0,0,368,39983
2021-04-19,"New South Wales","NSW",8,5384,0,55,7666,5539974,8,5384,0,2802,1,5,0,1,0,0,21585,468824
2021-04-19,"Northern Territory","NT",4,123,0,0,995,167076,4,123,3,111,1,12,0,0,0,0,137,18744
2021-04-19,"Queensland","QLD",0,1518,0,7,3199,2403776,0,1518,2,1442,-2,25,0,0,0,0,34847,340250
2021-04-19,"South Australia","SA",6,688,0,4,2124,1232250,6,688,0,665,0,1,0,1,0,0,2834,119102
2021-04-19,"Tasmania","TAS",0,234,0,13,334,204827,0,234,0,221,0,0,0,0,0,0,35,56800
2021-04-19,"Victoria","VIC",4,20498,0,823,7915,5653701,4,20498,0,19664,0,0,0,0,0,0,18777,378550
2021-04-19,"Western Australia","WA",2,975,0,9,6213,988693,2,975,0,941,0,1,0,1,0,0,11061,163999
2021-04-20,"Australian Capital Territory","ACT",0,123,0,3,500,196306,0,123,0,120,0,0,0,0,0,0,1733,41716
2021-04-20,"New South Wales","NSW",3,5387,0,55,5785,5545759,3,5387,0,2802,1,6,0,1,0,0,19933,488757
2021-04-20,"Northern Territory","NT",6,129,0,0,883,167959,6,129,0,111,6,18,0,0,0,0,580,19324
2021-04-20,"Queensland","QLD",0,1518,0,7,4933,2408709,0,1518,7,1449,-5,20,0,0,0,0,13677,353927
2021-04-20,"South Australia","SA",3,691,0,4,2616,1234866,3,691,4,669,2,3,0,1,0,0,5278,124380
2021-04-20,"Tasmania","TAS",0,234,0,13,258,205085,0,234,0,221,0,0,0,0,0,0,1906,58706
2021-04-20,"Victoria","VIC",1,20499,0,823,10042,5663743,1,20499,1,19665,0,0,0,0,0,0,16705,395255
2021-04-20,"Western Australia","WA",3,978,0,9,2861,991554,3,978,1,942,0,1,0,1,0,0,7222,171221
2021-04-21,"Australian Capital Territory","ACT",0,123,0,3,474,196780,0,123,0,120,0,0,0,0,0,0,1463,43179
2021-04-21,"New South Wales","NSW",8,5395,0,55,11943,5557702,8,5395,0,2802,0,6,0,1,1,1,20742,509499
2021-04-21,"Northern Territory","NT",3,132,0,0,1035,168994,3,132,0,111,3,21,0,0,0,0,654,19978
2021-04-21,"Queensland","QLD",1,1519,0,7,5433,2414142,1,1519,-1,1448,-3,17,0,0,0,0,13165,367092
2021-04-21,"South Australia","SA",2,693,0,4,3103,1237969,2,693,-1,668,-1,2,-1,0,0,0,4839,129219
2021-04-21,"Tasmania","TAS",0,234,0,13,818,205903,0,234,0,221,0,0,0,0,0,0,2114,60820
2021-04-21,"Victoria","VIC",3,20502,0,823,12606,5676349,3,20502,0,19665,0,0,0,0,0,0,15074,410329
2021-04-21,"Western Australia","WA",2,980,0,9,2337,993891,2,980,1,943,0,1,0,1,0,0,6770,177991
2021-04-22,"Australian Capital Territory","ACT",0,123,0,3,240,197020,0,123,0,120,0,0,0,0,0,0,1215,44394
2021-04-22,"New South Wales","NSW",5,5400,0,55,10264,5567966,5,5400,0,2802,-2,4,0,1,0,1,21392,530891
2021-04-22,"Northern Territory","NT",5,137,0,0,917,169911,5,137,0,111,5,26,0,0,0,0,849,20827
2021-04-22,"Queensland","QLD",1,1520,0,7,5165,2419307,1,1520,3,1451,-3,14,0,0,0,0,13610,380702
2021-04-22,"South Australia","SA",9,702,0,4,3279,1241248,9,702,0,668,0,2,0,0,0,0,4963,134182
2021-04-22,"Tasmania","TAS",0,234,0,13,709,206612,0,234,0,221,0,0,0,0,0,0,2184,63004
2021-04-22,"Victoria","VIC",2,20504,0,823,13951,5690300,2,20504,0,19665,0,0,0,0,0,0,16937,427266
2021-04-22,"Western Australia","WA",2,982,0,9,2661,996552,2,982,1,944,0,1,-1,0,0,0,6441,184432
2021-04-23,"Australian Capital Territory","ACT",0,123,0,3,444,197464,0,123,0,120,0,0,0,0,0,0,1048,45442
2021-04-23,"New South Wales","NSW",18,5418,0,55,9986,5577952,18,5418,0,2802,-2,2,0,1,0,1,19451,550342
2021-04-23,"Northern Territory","NT",12,149,0,0,838,170749,12,149,0,111,12,38,0,0,0,0,914,21741
2021-04-23,"Queensland","QLD",4,1524,0,7,2821,2422128,4,1524,2,1453,4,18,0,0,0,0,15974,396676
2021-04-23,"South Australia","SA",1,703,0,4,2947,1244195,1,703,7,675,0,2,0,0,0,0,4852,139034
2021-04-23,"Tasmania","TAS",0,234,0,13,630,207242,0,234,0,221,0,0,0,0,0,0,2301,65305
2021-04-23,"Victoria","VIC",3,20507,0,823,13233,5703533,3,20507,0,19665,0,0,0,0,0,0,19185,446451
2021-04-23,"Western Australia","WA",0,982,0,9,2558,999110,0,982,0,944,0,1,0,0,0,0,6178,190610
2021-04-24,"Australian Capital Territory","ACT",0,123,0,3,219,197683,0,123,0,120,0,0,0,0,0,0,1345,46787
2021-04-24,"New South Wales","NSW",1,5419,0,55,8568,5586520,1,5419,0,2802,0,2,0,1,0,1,17839,568181
2021-04-24,"Northern Territory","NT",10,159,0,0,863,171612,10,159,0,111,10,48,0,0,0,0,650,22391
2021-04-24,"Queensland","QLD",3,1527,0,7,8255,2430383,3,1527,1,1454,-2,16,0,0,0,0,12888,409564
2021-04-24,"South Australia","SA",1,704,0,4,2439,1246634,1,704,0,675,-1,1,0,0,0,0,4344,143378
2021-04-24,"Tasmania","TAS",0,234,0,13,648,207890,0,234,0,221,0,0,0,0,0,0,1416,66721
2021-04-24,"Victoria","VIC",1,20508,0,823,13079,5716612,1,20508,0,19665,0,0,0,0,0,0,13395,459846
2021-04-24,"Western Australia","WA",2,984,0,9,4077,1003187,2,984,2,946,0,1,0,0,0,0,6569,197179
2021-04-25,"Australian Capital Territory","ACT",0,123,0,3,259,197942,0,123,0,120,0,0,0,0,0,0,914,47701
2021-04-25,"New South Wales","NSW",1,5420,0,55,7706,5594226,1,5420,0,2802,0,2,0,1,0,1,5711,573892
2021-04-25,"Northern Territory","NT",1,160,0,0,1177,172789,1,160,0,111,1,49,0,0,0,0,7,22398
2021-04-25,"Queensland","QLD",2,1529,0,7,4033,2434416,2,1529,1,1455,0,16,0,0,0,0,3361,412925
2021-04-25,"South Australia","SA",1,705,0,4,3587,1250221,1,705,3,678,0,1,0,0,0,0,876,144254
2021-04-25,"Tasmania","TAS",0,234,0,13,432,208322,0,234,0,221,0,0,0,0,0,0,741,67462
2021-04-25,"Victoria","VIC",1,20509,0,823,13941,5730553,1,20509,1,19666,0,0,0,0,0,0,6376,466222
2021-04-25,"Western Australia","WA",2,986,0,9,11859,1015046,2,986,0,946,-1,0,0,0,0,0,2054,199233
2021-04-26,"Australian Capital Territory","ACT",0,123,0,3,212,198154,0,123,0,120,0,0,0,0,0,0,503,48204
2021-04-26,"New South Wales","NSW",8,5428,0,55,7415,5601641,8,5428,0,2802,0,2,0,1,0,1,525,574417
2021-04-26,"Northern Territory","NT",4,164,0,0,722,173511,4,164,0,111,4,53,0,0,0,0,0,22398
2021-04-26,"Queensland","QLD",3,1532,0,7,2767,2437183,3,1532,12,1467,0,16,0,0,0,0,317,413242
2021-04-26,"South Australia","SA",14,719,0,4,3374,1253595,14,719,5,683,0,1,0,0,0,0,285,144539
2021-04-26,"Tasmania","TAS",0,234,0,13,430,208752,0,234,0,221,0,0,0,0,0,0,151,67613
2021-04-26,"Victoria","VIC",0,20509,0,823,12680,5743233,0,20509,0,19666,0,0,0,0,0,0,1109,467331
2021-04-26,"Western Australia","WA",0,986,0,9,13029,1028075,0,986,2,948,1,1,0,0,0,0,508,199741
2021-04-27,"Australian Capital Territory","ACT",0,123,0,3,227,198381,0,123,0,120,0,0,0,0,0,0,651,48855
2021-04-27,"New South Wales","NSW",12,5440,0,55,4790,5606431,12,5440,0,2802,0,2,0,1,0,1,13633,588050
2021-04-27,"Northern Territory","NT",0,164,0,0,709,174220,0,164,1,112,-1,52,0,0,0,0,26,22424
2021-04-27,"Queensland","QLD",9,1541,0,7,2922,2440105,9,1541,35,1502,-2,14,0,0,0,0,1534,414776
2021-04-27,"South Australia","SA",1,720,0,4,2749,1256344,1,720,0,683,1,2,0,0,0,0,944,145483
2021-04-27,"Tasmania","TAS",0,234,0,13,553,209305,0,234,0,221,0,0,0,0,0,0,1573,69186
2021-04-27,"Victoria","VIC",4,20513,0,823,16875,5760108,4,20513,0,19666,0,0,0,0,0,0,11854,479185
2021-04-27,"Western Australia","WA",4,990,0,9,13665,1041740,4,990,5,953,0,1,0,0,0,0,1637,201378
2021-04-28,"Australian Capital Territory","ACT",1,124,0,3,540,198921,1,124,0,120,0,0,0,0,0,0,1303,50158
2021-04-28,"New South Wales","NSW",9,5449,0,55,16635,5623066,9,5449,0,2802,2,4,0,1,0,1,16760,604810
2021-04-28,"Northern Territory","NT",1,165,0,0,1308,175528,1,165,1,113,0,52,0,0,0,0,504,22928
2021-04-28,"Queensland","QLD",9,1550,0,7,6161,2446266,9,1550,0,1502,2,16,0,0,0,0,12396,427172
2021-04-28,"South Australia","SA",-1,719,0,4,3146,1259490,-1,719,1,684,0,2,0,0,0,0,4157,149640
2021-04-28,"Tasmania","TAS",0,234,0,13,944,210249,0,234,0,221,0,0,0,0,0,0,1854,71040
2021-04-28,"Victoria","VIC",2,20515,0,823,17015,5777123,2,20515,6,19672,0,0,0,0,0,0,17195,496380
2021-04-28,"Western Australia","WA",4,994,0,9,13713,1055453,4,994,5,958,0,1,1,1,0,0,6038,207416
2021-04-29,"Australian Capital Territory","ACT",0,124,0,3,448,199369,0,124,0,120,0,0,0,0,0,0,1904,52062
2021-04-29,"New South Wales","NSW",15,5464,0,55,12894,5635960,15,5464,0,2802,-2,2,0,1,0,1,25408,630218
2021-04-29,"Northern Territory","NT",0,165,0,0,993,176521,0,165,3,116,-3,49,0,0,0,0,684,23612
2021-04-29,"Queensland","QLD",6,1556,0,7,6362,2452628,6,1556,0,1502,0,16,0,0,0,0,16893,444065
2021-04-29,"South Australia","SA",3,722,0,4,4125,1263615,3,722,2,686,-1,1,0,0,0,0,5838,155478
2021-04-29,"Tasmania","TAS",0,234,0,13,564,210813,0,234,0,221,0,0,0,0,0,0,2557,73597
2021-04-29,"Victoria","VIC",1,20516,0,823,16891,5794014,1,20516,1,19673,0,0,0,0,0,0,20489,516869
2021-04-29,"Western Australia","WA",4,998,0,9,8145,1063598,4,998,3,961,0,1,0,1,0,0,8968,216384
2021-04-30,"Australian Capital Territory","ACT",0,124,0,3,336,199705,0,124,0,120,0,0,0,0,0,0,1191,53253
2021-04-30,"New South Wales","NSW",13,5477,0,55,11370,5647330,13,5477,0,2802,0,2,0,1,0,1,19680,649898
2021-04-30,"Northern Territory","NT",1,166,0,0,801,177322,1,166,1,117,0,49,0,0,0,0,712,24324
2021-04-30,"Queensland","QLD",3,1559,0,7,6337,2458965,3,1559,5,1507,2,18,0,0,0,0,14360,458425
2021-04-30,"South Australia","SA",2,724,0,4,4718,1268333,2,724,1,687,1,2,0,0,0,0,5320,160798
2021-04-30,"Tasmania","TAS",0,234,0,13,651,211464,0,234,0,221,0,0,0,0,0,0,1886,75483
2021-04-30,"Victoria","VIC",2,20518,0,823,15656,5809670,2,20518,1,19674,0,0,0,0,0,0,16805,533674
2021-04-30,"Western Australia","WA",1,999,0,9,4394,1067992,1,999,1,962,0,1,0,1,0,0,7305,223689
2021-05-01,"Australian Capital Territory","ACT",0,124,0,3,230,199935,0,124,0,120,0,0,0,0,0,0,1136,54389
2021-05-01,"New South Wales","NSW",4,5481,0,55,10227,5657557,4,5481,0,2802,2,4,0,1,0,1,17345,667243
2021-05-01,"Northern Territory","NT",0,166,0,0,919,178241,0,166,0,117,0,49,0,0,0,0,757,25081
2021-05-01,"Queensland","QLD",2,1561,0,7,5692,2464657,2,1561,0,1507,-1,17,0,0,0,0,10975,469400
2021-05-01,"South Australia","SA",1,725,0,4,3485,1271818,1,725,3,690,0,2,0,0,0,0,4574,165372
2021-05-01,"Tasmania","TAS",0,234,0,13,650,212114,0,234,0,221,0,0,0,0,0,0,1470,76953
2021-05-01,"Victoria","VIC",3,20521,0,823,15248,5824918,3,20521,4,19678,0,0,0,0,0,0,12503,546177
2021-05-01,"Western Australia","WA",1,1000,0,9,0,1067992,1,1000,6,968,0,1,0,1,0,0,6540,230229
2021-05-02,"Australian Capital Territory","ACT",0,124,0,3,261,200196,0,124,0,120,0,0,0,0,0,0,710,55099
2021-05-02,"New South Wales","NSW",3,5484,0,55,9000,5666557,3,5484,0,2802,-2,2,0,1,0,1,5119,672362
2021-05-02,"Northern Territory","NT",0,166,0,0,618,178859,0,166,8,125,-8,41,0,0,0,0,20,25101
2021-05-02,"Queensland","QLD",3,1564,0,7,4119,2468776,3,1564,4,1511,0,17,0,0,0,0,3229,472629
2021-05-02,"South Australia","SA",2,727,0,4,3372,1275190,2,727,0,690,-1,1,0,0,0,0,1578,166950
2021-05-02,"Tasmania","TAS",0,234,0,13,389,212503,0,234,0,221,0,0,0,0,0,0,799,77752
2021-05-02,"Victoria","VIC",1,20522,0,823,12284,5837202,1,20522,1,19679,0,0,0,0,0,0,4964,551141
2021-05-02,"Western Australia","WA",5,1005,0,9,3298,1071290,5,1005,2,970,1,2,0,1,0,0,2811,233040
2021-05-03,"Australian Capital Territory","ACT",0,124,0,3,95,200291,0,124,0,120,0,0,0,0,0,0,384,55483
2021-05-03,"New South Wales","NSW",5,5489,0,55,7920,5674477,5,5489,0,2802,0,2,0,1,0,1,916,673278
2021-05-03,"Northern Territory","NT",0,166,0,0,460,179319,0,166,6,131,-6,35,0,0,0,0,50,25151
2021-05-03,"Queensland","QLD",3,1567,0,7,3118,2471894,3,1567,0,1511,1,18,0,0,0,0,893,473522
2021-05-03,"South Australia","SA",3,730,0,4,2019,1277209,3,730,1,691,0,1,0,0,0,0,526,167476
2021-05-03,"Tasmania","TAS",0,234,0,13,257,212760,0,234,0,221,0,0,0,0,0,0,219,77971
2021-05-03,"Victoria","VIC",1,20523,0,823,11660,5848862,1,20523,3,19682,0,0,0,0,0,0,2281,553422
2021-05-03,"Western Australia","WA",3,1008,0,9,10114,1081404,3,1008,2,972,1,3,0,1,0,0,1272,234312
2021-05-04,"Australian Capital Territory","ACT",0,124,0,3,505,200796,0,124,0,120,0,0,0,0,0,0,1752,57235
2021-05-04,"New South Wales","NSW",7,5496,0,55,5601,5680078,7,5496,0,2802,0,2,0,1,0,1,17858,691136
2021-05-04,"Northern Territory","NT",0,166,0,0,1143,180462,0,166,0,131,0,35,0,0,0,0,-274,24877
2021-05-04,"Queensland","QLD",1,1568,0,7,2543,2474437,1,1568,0,1511,0,18,0,0,0,0,2048,475570
2021-05-04,"South Australia","SA",2,732,0,4,2781,1279990,2,732,3,694,1,2,0,0,0,0,4932,172408
2021-05-04,"Tasmania","TAS",0,234,0,13,522,213282,0,234,0,221,0,0,0,0,0,0,2681,80652
2021-05-04,"Victoria","VIC",1,20524,0,823,14325,5863187,1,20524,1,19683,0,0,0,0,0,0,19155,572577
2021-05-04,"Western Australia","WA",0,1008,0,9,3313,1084717,0,1008,1,973,0,3,-1,0,0,0,8202,242514
2021-05-05,"Australian Capital Territory","ACT",0,124,0,3,469,201265,0,124,0,120,0,0,0,0,0,0,1598,58833
2021-05-05,"New South Wales","NSW",11,5507,0,55,13544,5693622,11,5507,0,2802,1,3,0,1,0,1,22134,713270
2021-05-05,"Northern Territory","NT",0,166,0,0,834,181296,0,166,6,137,-6,29,0,0,0,0,759,25636
2021-05-05,"Queensland","QLD",0,1568,0,7,4847,2479284,0,1568,13,1524,-1,17,0,0,0,0,14957,490527
2021-05-05,"South Australia","SA",1,733,0,4,3014,1283004,1,733,5,699,0,2,0,0,0,0,5576,177984
2021-05-05,"Tasmania","TAS",0,234,0,13,638,213920,0,234,0,221,0,0,0,0,0,0,2253,82905
2021-05-05,"Victoria","VIC",0,20524,0,823,19402,5882589,0,20524,1,19684,0,0,0,0,0,0,23867,596444
2021-05-05,"Western Australia","WA",2,1010,0,9,10489,1095206,2,1010,2,975,0,3,0,0,0,0,8201,250715
2021-05-06,"Australian Capital Territory","ACT",0,124,0,3,482,201747,0,124,1,121,0,0,0,0,0,0,1414,60247
2021-05-06,"New South Wales","NSW",9,5516,0,55,11579,5705201,9,5516,0,2802,0,3,0,1,0,1,21883,735153
2021-05-06,"Northern Territory","NT",1,167,0,0,890,182186,1,167,9,146,-8,21,0,0,0,0,961,26597
2021-05-06,"Queensland","QLD",3,1571,0,7,5956,2485240,3,1571,0,1524,3,20,0,0,0,0,15032,505559
2021-05-06,"South Australia","SA",2,735,0,4,3388,1286392,2,735,3,702,-1,1,0,0,0,0,5801,183785
2021-05-06,"Tasmania","TAS",0,234,0,13,633,214553,0,234,0,221,0,0,0,0,0,0,1367,84272
2021-05-06,"Victoria","VIC",2,20526,0,823,16400,5898989,2,20526,3,19687,0,0,0,0,0,0,22537,618981
2021-05-06,"Western Australia","WA",3,1013,0,9,11307,1106513,3,1013,1,976,-2,1,0,0,0,0,8220,258935
2021-05-07,"Australian Capital Territory","ACT",0,124,0,3,476,202223,0,124,0,121,0,0,0,0,0,0,1463,61710
2021-05-07,"New South Wales","NSW",5,5521,0,55,13339,5718540,5,5521,0,2802,0,3,0,1,0,1,22071,757224
2021-05-07,"Northern Territory","NT",0,167,0,0,988,183174,0,167,8,154,-8,13,0,0,0,0,1108,27705
2021-05-07,"Queensland","QLD",3,1574,0,7,7399,2492639,3,1574,14,1538,1,21,0,0,0,0,15798,521357
2021-05-07,"South Australia","SA",3,738,0,4,3341,1289733,3,738,1,703,0,1,0,0,0,0,5680,189465
2021-05-07,"Tasmania","TAS",0,234,0,13,662,215215,0,234,0,221,0,0,0,0,0,0,1844,86116
2021-05-07,"Victoria","VIC",0,20526,0,823,16135,5915124,0,20526,2,19689,0,0,0,0,0,0,24564,643545
2021-05-07,"Western Australia","WA",0,1013,0,9,2466,1108979,0,1013,3,979,0,1,0,0,0,0,8474,267409
2021-05-08,"Australian Capital Territory","ACT",0,124,0,3,439,202662,0,124,0,121,0,0,0,0,0,0,1636,63346
2021-05-08,"New South Wales","NSW",6,5527,0,55,22153,5740693,6,5527,0,2802,0,3,0,1,0,1,21588,778812
2021-05-08,"Northern Territory","NT",0,167,0,0,584,183758,0,167,1,155,-1,12,0,0,0,0,829,28534
2021-05-08,"Queensland","QLD",2,1576,0,7,6576,2499215,2,1576,0,1538,0,21,0,0,0,0,14830,536187
2021-05-08,"South Australia","SA",0,738,0,4,2871,1292604,0,738,5,708,0,1,0,0,0,0,5885,195350
2021-05-08,"Tasmania","TAS",0,234,0,13,673,215888,0,234,0,221,0,0,0,0,0,0,2287,88403
2021-05-08,"Victoria","VIC",1,20527,0,823,18517,5933641,1,20527,2,19691,0,0,0,0,0,0,18528,662073
2021-05-08,"Western Australia","WA",0,1013,0,9,3274,1112253,0,1013,3,982,0,1,0,0,0,0,7611,275020
2021-05-09,"Australian Capital Territory","ACT",0,124,0,3,262,202924,0,124,0,121,0,0,0,0,0,0,1121,64467
2021-05-09,"New South Wales","NSW",5,5532,0,55,18024,5758717,5,5532,0,2802,0,3,0,1,0,1,7342,786154
2021-05-09,"Northern Territory","NT",0,167,0,0,776,184534,0,167,1,156,-1,11,0,0,0,0,106,28640
2021-05-09,"Queensland","QLD",4,1580,0,7,4264,2503479,4,1580,13,1551,-2,19,0,0,0,0,3281,539468
2021-05-09,"South Australia","SA",2,740,0,4,3456,1296060,2,740,2,710,0,1,0,0,0,0,1841,197191
2021-05-09,"Tasmania","TAS",0,234,0,13,383,216271,0,234,0,221,0,0,0,0,0,0,1296,89699
2021-05-09,"Victoria","VIC",6,20533,0,823,13230,5946871,6,20533,0,19691,0,0,0,0,0,0,7956,670029
2021-05-09,"Western Australia","WA",0,1013,0,9,1075,1113328,0,1013,2,984,0,1,1,1,0,0,3670,278690
2021-05-10,"Australian Capital Territory","ACT",0,124,0,3,250,203174,0,124,0,121,0,0,0,0,0,0,576,65043
2021-05-10,"New South Wales","NSW",6,5538,0,55,13768,5772485,6,5538,0,2802,0,3,0,1,0,1,1120,787274
2021-05-10,"Northern Territory","NT",0,167,0,0,524,185058,0,167,4,160,0,11,0,0,0,0,36,28676
2021-05-10,"Queensland","QLD",0,1580,0,7,3900,2507379,0,1580,1,1552,0,19,0,0,0,0,1792,541260
2021-05-10,"South Australia","SA",0,740,0,4,2130,1298190,0,740,7,717,0,1,0,0,0,0,620,197811
2021-05-10,"Tasmania","TAS",0,234,0,13,407,216678,0,234,0,221,0,0,0,0,0,0,107,89806
2021-05-10,"Victoria","VIC",2,20535,0,823,10546,5957417,2,20535,1,19692,0,0,0,0,0,0,3213,673242
2021-05-10,"Western Australia","WA",0,1013,0,9,6139,1119467,0,1013,2,986,0,1,0,1,0,0,1419,280109
2021-05-11,"Australian Capital Territory","ACT",0,124,0,3,747,203921,0,124,0,121,0,0,0,0,0,0,1907,66950
2021-05-11,"New South Wales","NSW",4,5542,0,55,7724,5780209,4,5542,0,2802,-1,2,0,1,0,1,20977,808251
2021-05-11,"Northern Territory","NT",0,167,0,0,821,185879,0,167,1,161,0,11,0,0,0,0,999,29675
2021-05-11,"Queensland","QLD",1,1581,0,7,5334,2512713,1,1581,3,1555,-2,17,0,0,0,0,12319,553579
2021-05-11,"South Australia","SA",0,740,0,4,2142,1300332,0,740,0,717,0,1,0,0,0,0,4767,202578
2021-05-11,"Tasmania","TAS",0,234,0,13,535,217213,0,234,0,221,0,0,0,0,0,0,1958,91764
2021-05-11,"Victoria","VIC",2,20537,0,823,12918,5970335,2,20537,4,19696,0,0,0,0,0,0,22044,695286
2021-05-11,"Western Australia","WA",2,1015,0,9,4970,1124437,2,1015,5,991,0,1,0,1,0,0,7915,288024
2021-05-12,"Australian Capital Territory","ACT",0,124,0,3,482,204403,0,124,0,121,0,0,0,0,0,0,1279,68229
2021-05-12,"New South Wales","NSW",4,5546,0,55,23224,5803433,4,5546,0,2802,2,4,0,1,0,1,24844,833095
2021-05-12,"Northern Territory","NT",0,167,0,0,1226,187105,0,167,1,162,-6,5,0,0,0,0,1015,30690
2021-05-12,"Queensland","QLD",2,1583,0,7,7066,2519779,2,1583,0,1555,1,18,0,0,0,0,14355,567934
2021-05-12,"South Australia","SA",1,741,0,4,3565,1303897,1,741,0,717,1,2,1,1,0,0,5249,207827
2021-05-12,"Tasmania","TAS",0,234,0,13,735,217948,0,234,0,221,0,0,0,0,0,0,2108,93872
2021-05-12,"Victoria","VIC",0,20537,0,823,21461,5991796,0,20537,3,19699,0,0,0,0,0,0,19769,715055
2021-05-12,"Western Australia","WA",0,1015,0,9,3716,1128153,0,1015,2,993,1,2,0,1,0,0,7760,295784
2021-05-13,"Australian Capital Territory","ACT",0,124,0,3,499,204902,0,124,0,121,0,0,0,0,0,0,1432,69661
2021-05-13,"New South Wales","NSW",5,5551,0,55,17806,5821239,5,5551,0,2802,0,4,0,1,0,1,26151,859246
2021-05-13,"Northern Territory","NT",0,167,0,0,888,187993,0,167,1,163,-1,4,0,0,0,0,991,31681
2021-05-13,"Queensland","QLD",2,1585,0,7,6306,2526085,2,1585,5,1560,-3,15,0,0,0,0,14443,582377
2021-05-13,"South Australia","SA",0,741,0,4,3820,1307717,0,741,5,722,0,2,0,1,0,0,6483,214310
2021-05-13,"Tasmania","TAS",0,234,0,13,622,218570,0,234,0,221,0,0,0,0,0,0,1891,95763
2021-05-13,"Victoria","VIC",1,20538,0,823,21984,6013780,1,20538,0,19699,0,0,0,0,0,0,23393,738448
2021-05-13,"Western Australia","WA",0,1015,0,9,3307,1131460,0,1015,0,993,0,2,0,1,0,0,7500,303284
2021-05-14,"Australian Capital Territory","ACT",0,124,0,3,482,205384,0,124,0,121,0,0,0,0,0,0,1515,71176
2021-05-14,"New South Wales","NSW",1,5552,0,55,15810,5837049,1,5552,0,2802,1,4,0,1,0,1,30285,889531
2021-05-14,"Northern Territory","NT",0,167,0,0,1045,189038,0,167,0,163,0,4,0,0,0,0,1773,33454
2021-05-14,"Queensland","QLD",0,1585,0,7,7247,2533332,0,1585,1,1561,-2,13,0,0,0,0,13831,596208
2021-05-14,"South Australia","SA",0,741,0,4,3468,1311185,0,741,1,723,0,2,0,1,0,0,5838,220148
2021-05-14,"Tasmania","TAS",0,234,0,13,961,219531,0,234,0,221,0,0,0,0,0,0,2369,98132
2021-05-14,"Victoria","VIC",1,20539,0,823,21931,6035711,1,20539,2,19701,0,0,0,0,0,0,21895,760343
2021-05-14,"Western Australia","WA",0,1015,0,9,3149,1134609,0,1015,2,995,-1,1,0,1,0,0,8368,311652
2021-05-15,"Australian Capital Territory","ACT",0,124,0,3,291,205675,0,124,0,121,0,0,0,0,0,0,1519,72695
2021-05-15,"New South Wales","NSW",3,5555,0,55,14663,5851712,3,5555,0,2802,-3,2,0,1,0,1,24101,913632
2021-05-15,"Northern Territory","NT",2,169,0,0,798,189836,2,169,0,163,2,6,0,0,0,0,1154,34608
2021-05-15,"Queensland","QLD",3,1588,0,7,6852,2540184,3,1588,1,1562,0,13,0,0,0,0,13253,609461
2021-05-15,"South Australia","SA",1,742,0,4,3547,1314732,1,742,0,723,0,2,0,1,0,0,6154,226302
2021-05-15,"Tasmania","TAS",0,234,0,13,608,220139,0,234,0,221,0,0,0,0,0,0,2234,100366
2021-05-15,"Victoria","VIC",1,20540,0,823,15242,6050953,1,20540,1,19702,0,0,0,0,0,0,19954,780297
2021-05-15,"Western Australia","WA",0,1015,0,9,0,1134609,0,1015,3,998,0,1,0,1,0,0,7784,319436
2021-05-16,"Australian Capital Territory","ACT",0,124,0,3,194,205869,0,124,0,121,0,0,0,0,0,0,1285,73980
2021-05-16,"New South Wales","NSW",3,5558,0,55,12203,5863915,3,5558,0,2802,1,2,0,1,0,1,12610,926242
2021-05-16,"Northern Territory","NT",0,169,0,0,606,190442,0,169,1,164,-1,5,0,0,0,0,260,34868
2021-05-16,"Queensland","QLD",1,1589,0,7,3576,2543760,1,1589,1,1563,0,13,0,0,0,0,3079,612540
2021-05-16,"South Australia","SA",0,742,0,4,3249,1317981,0,742,1,724,0,2,0,1,0,0,2133,228435
2021-05-16,"Tasmania","TAS",0,234,0,13,438,220577,0,234,0,221,0,0,0,0,0,0,1224,101590
2021-05-16,"Victoria","VIC",4,20544,0,823,14270,6065223,4,20544,0,19702,0,0,0,0,0,0,7667,787964
2021-05-16,"Western Australia","WA",0,1015,0,9,0,1134609,0,1015,1,999,0,1,0,1,0,0,4129,323565
2021-05-17,"Australian Capital Territory","ACT",0,124,0,3,253,206122,0,124,0,121,0,0,0,0,0,0,650,74630
2021-05-17,"New South Wales","NSW",2,5560,0,55,10790,5874705,2,5560,0,2802,0,2,0,1,0,1,1222,927464
2021-05-17,"Northern Territory","NT",0,169,0,0,745,191187,0,169,0,164,0,5,0,0,0,0,102,34970
2021-05-17,"Queensland","QLD",0,1589,0,7,3552,2547312,0,1589,1,1564,0,13,0,0,0,0,1291,613831
2021-05-17,"South Australia","SA",0,742,0,4,2403,1320384,0,742,0,724,0,2,0,1,0,0,699,229134
2021-05-17,"Tasmania","TAS",0,234,0,13,329,220906,0,234,0,221,0,0,0,0,0,0,451,102041
2021-05-17,"Victoria","VIC",1,20545,0,823,13585,6078808,1,20545,0,19702,0,0,0,0,0,0,4370,792334
2021-05-17,"Western Australia","WA",0,1015,0,9,7008,1141617,0,1015,0,999,0,1,0,1,0,0,2168,325733
2021-05-18,"Australian Capital Territory","ACT",0,124,0,3,668,206790,0,124,0,121,0,0,0,0,0,0,1658,76288
2021-05-18,"New South Wales","NSW",3,5563,0,55,8901,5883606,3,5563,0,2802,0,2,0,1,0,1,28344,955808
2021-05-18,"Northern Territory","NT",1,170,0,0,824,192011,1,170,0,164,1,6,0,0,0,0,964,35934
2021-05-18,"Queensland","QLD",2,1591,0,7,5905,2553217,2,1591,0,1564,1,14,0,0,0,0,12571,626402
2021-05-18,"South Australia","SA",4,746,0,4,2352,1322736,4,746,9,733,0,2,0,1,0,0,4851,233985
2021-05-18,"Tasmania","TAS",0,234,0,13,667,221573,0,234,0,221,0,0,0,0,0,0,2501,104542
2021-05-18,"Victoria","VIC",0,20545,0,823,18041,6096849,0,20545,2,19704,0,0,0,0,0,0,24217,816551
2021-05-18,"Western Australia","WA",0,1015,0,9,1996,1143613,0,1015,1,1000,0,1,0,1,0,0,8081,333814
2021-05-19,"Australian Capital Territory","ACT",0,124,0,3,524,207314,0,124,0,121,0,0,0,0,0,0,1762,78050
2021-05-19,"New South Wales","NSW",2,5565,0,55,19281,5902887,2,5565,0,2802,0,2,0,1,0,1,30898,986706
2021-05-19,"Northern Territory","NT",0,170,0,0,1030,193041,0,170,1,165,-1,5,0,0,0,0,1415,37349
2021-05-19,"Queensland","QLD",0,1591,0,7,7808,2561025,0,1591,3,1567,-2,12,0,0,0,0,14529,640931
2021-05-19,"South Australia","SA",0,746,0,4,4332,1327068,0,746,0,733,0,2,0,1,0,0,8990,242975
2021-05-19,"Tasmania","TAS",0,234,0,13,754,222327,0,234,0,221,0,0,0,0,0,0,4116,108658
2021-05-19,"Victoria","VIC",1,20546,0,823,20568,6117417,1,20546,2,19706,0,0,0,0,0,0,25162,841713
2021-05-19,"Western Australia","WA",0,1015,0,9,4317,1147930,0,1015,0,1000,0,1,0,1,0,0,8658,342472
2021-05-20,"Australian Capital Territory","ACT",0,124,0,3,394,207708,0,124,0,121,0,0,0,0,0,0,1898,79948
2021-05-20,"New South Wales","NSW",2,5567,0,55,16178,5919065,2,5567,0,2802,0,2,0,1,0,1,31772,1018478
2021-05-20,"Northern Territory","NT",0,170,0,0,1220,194261,0,170,0,165,0,5,0,0,0,0,1478,38827
2021-05-20,"Queensland","QLD",2,1593,0,7,8235,2569260,2,1593,4,1571,0,12,0,0,0,0,15225,656156
2021-05-20,"South Australia","SA",1,747,0,4,3875,1330943,1,747,3,736,0,2,-1,0,0,0,7051,250026
2021-05-20,"Tasmania","TAS",0,234,0,13,942,223269,0,234,0,221,0,0,0,0,0,0,1504,110162
2021-05-20,"Victoria","VIC",0,20546,0,823,21488,6138905,0,20546,1,19707,0,0,0,0,0,0,24961,866674
2021-05-20,"Western Australia","WA",1,1016,0,9,2913,1150843,1,1016,0,1000,0,1,-1,0,0,0,8985,351457
2021-05-21,"Australian Capital Territory","ACT",0,124,0,3,547,208255,0,124,0,121,0,0,0,0,0,0,1873,81821
2021-05-21,"New South Wales","NSW",0,5567,0,55,14691,5933756,0,5567,0,2802,0,2,0,1,0,1,34055,1052533
2021-05-21,"Northern Territory","NT",0,170,0,0,1413,195674,0,170,0,165,0,5,0,0,0,0,1259,40086
2021-05-21,"Queensland","QLD",2,1595,0,7,8230,2577490,2,1595,1,1572,0,12,0,0,0,0,17573,673729
2021-05-21,"South Australia","SA",1,748,0,4,3576,1334519,1,748,3,739,-1,1,0,0,0,0,7385,257411
2021-05-21,"Tasmania","TAS",0,234,0,13,817,224086,0,234,0,221,0,0,0,0,0,0,2195,112357
2021-05-21,"Victoria","VIC",0,20546,0,823,18042,6156947,0,20546,1,19708,0,0,0,0,0,0,26553,893227
2021-05-21,"Western Australia","WA",0,1016,0,9,2877,1153720,0,1016,2,1002,0,1,0,0,0,0,10253,361710
2021-05-22,"Australian Capital Territory","ACT",0,124,0,3,304,208559,0,124,0,121,0,0,0,0,0,0,1590,83411
2021-05-22,"New South Wales","NSW",1,5568,0,55,12669,5946425,1,5568,0,2802,1,3,0,1,0,1,31894,1084427
2021-05-22,"Northern Territory","NT",1,171,0,0,872,196546,1,171,0,165,1,6,0,0,0,0,889,40975
2021-05-22,"Queensland","QLD",6,1601,0,7,6261,2583751,6,1601,1,1573,1,13,0,0,0,0,15064,688793
2021-05-22,"South Australia","SA",0,748,0,4,3501,1338020,0,748,1,740,0,1,0,0,0,0,6191,263602
2021-05-22,"Tasmania","TAS",0,234,0,13,659,224745,0,234,0,221,0,0,0,0,0,0,3404,115761
2021-05-22,"Victoria","VIC",0,20546,0,823,15208,6172155,0,20546,3,19711,0,0,0,0,0,0,21741,914968
2021-05-22,"Western Australia","WA",0,1016,0,9,0,1153720,0,1016,1,1003,0,1,0,0,0,0,9848,371558
2021-05-23,"Australian Capital Territory","ACT",0,124,0,3,169,208728,0,124,0,121,0,0,0,0,0,0,1304,84715
2021-05-23,"New South Wales","NSW",2,5570,0,55,10020,5956445,2,5570,0,2802,0,3,0,1,0,1,13088,1097515
2021-05-23,"Northern Territory","NT",0,171,0,0,627,197173,0,171,3,168,-3,3,0,0,0,0,65,41040
2021-05-23,"Queensland","QLD",0,1601,0,7,4190,2587941,0,1601,0,1573,-1,12,0,0,0,0,4148,692941
2021-05-23,"South Australia","SA",0,748,0,4,3336,1341356,0,748,2,742,-1,0,0,0,0,0,2345,265947
2021-05-23,"Tasmania","TAS",0,234,0,13,392,225137,0,234,0,221,0,0,0,0,0,0,2444,118205
2021-05-23,"Victoria","VIC",1,20547,0,823,14465,6186620,1,20547,4,19715,0,0,0,0,0,0,9175,924143
2021-05-23,"Western Australia","WA",0,1016,0,9,0,1153720,0,1016,1,1004,-1,0,0,0,0,0,4900,376458
2021-05-24,"Australian Capital Territory","ACT",0,124,0,3,231,208959,0,124,0,121,0,0,0,0,0,0,592,85307
2021-05-24,"New South Wales","NSW",2,5572,0,55,9659,5966104,2,5572,0,2802,-1,2,0,1,0,1,1775,1099290
2021-05-24,"Northern Territory","NT",0,171,0,0,632,197805,0,171,0,168,0,3,0,0,0,0,286,41326
2021-05-24,"Queensland","QLD",4,1605,0,7,3981,2591922,4,1605,5,1578,1,13,0,0,0,0,1365,694306
2021-05-24,"South Australia","SA",1,749,0,4,2202,1343558,1,749,2,744,0,0,0,0,0,0,1225,267172
2021-05-24,"Tasmania","TAS",0,234,0,13,370,225507,0,234,0,221,0,0,0,0,0,0,1142,119347
2021-05-24,"Victoria","VIC",2,20549,0,823,11257,6197877,2,20549,4,19719,1,1,0,0,0,0,4964,929107
2021-05-24,"Western Australia","WA",1,1017,0,9,5638,1159358,1,1017,0,1004,0,0,0,0,0,0,1740,378198
2021-05-25,"Australian Capital Territory","ACT",0,124,0,3,684,209643,0,124,0,121,0,0,0,0,0,0,2431,87738
2021-05-25,"New South Wales","NSW",2,5574,0,55,7262,5973366,2,5574,0,2802,1,3,0,1,0,1,29512,1128802
2021-05-25,"Northern Territory","NT",0,171,0,0,842,198647,0,171,1,169,-1,2,0,0,0,0,823,42149
2021-05-25,"Queensland","QLD",2,1607,0,7,5303,2597225,2,1607,1,1579,-2,11,0,0,0,0,16271,710577
2021-05-25,"South Australia","SA",1,750,0,4,2743,1346301,1,750,0,744,0,0,0,0,0,0,5440,272612
2021-05-25,"Tasmania","TAS",0,234,0,13,562,226069,0,234,0,221,0,0,0,0,0,0,2179,121526
2021-05-25,"Victoria","VIC",4,20553,0,823,14892,6212769,4,20553,0,19719,0,1,0,0,0,0,11424,940531
2021-05-25,"Western Australia","WA",0,1017,0,9,3276,1162634,0,1017,1,1005,0,0,0,0,0,0,8489,386687
2021-05-26,"Australian Capital Territory","ACT",0,124,0,3,659,210302,0,124,0,121,0,0,0,0,0,0,1635,89373
2021-05-26,"New South Wales","NSW",2,5576,0,55,16698,5990064,2,5576,0,2802,0,3,0,1,0,1,33966,1162768
2021-05-26,"Northern Territory","NT",0,171,0,0,1418,200065,0,171,0,169,0,2,0,0,0,0,1594,43743
2021-05-26,"Queensland","QLD",4,1611,0,7,8096,2605321,4,1611,1,1580,3,14,0,0,0,0,18530,729107
2021-05-26,"South Australia","SA",2,752,0,4,4364,1350665,2,752,1,745,0,0,0,0,0,0,6583,279195
2021-05-26,"Tasmania","TAS",0,234,0,13,803,226872,0,234,0,221,0,0,0,0,0,0,2618,124144
2021-05-26,"Victoria","VIC",10,20563,0,823,26180,6238949,10,20563,1,19720,0,1,0,0,0,0,30498,971029
2021-05-26,"Western Australia","WA",0,1017,0,9,3276,1165910,0,1017,1,1006,0,0,0,0,0,0,9234,395921
2021-05-27,"Australian Capital Territory","ACT",0,124,0,3,502,210804,0,124,0,121,0,0,0,0,0,0,1865,91238
2021-05-27,"New South Wales","NSW",0,5576,0,55,18006,6008070,0,5576,0,2802,0,3,0,1,0,1,35917,1198685
2021-05-27,"Northern Territory","NT",1,172,0,0,1105,201170,1,172,0,169,1,3,0,0,0,0,1620,45363
2021-05-27,"Queensland","QLD",2,1613,0,7,9221,2614542,2,1613,6,1586,-3,11,0,0,0,0,20240,749347
2021-05-27,"South Australia","SA",0,752,0,4,7042,1357707,0,752,0,745,0,0,0,0,0,0,7473,286668
2021-05-27,"Tasmania","TAS",0,234,0,13,956,227828,0,234,0,221,0,0,0,0,0,0,2855,126999
2021-05-27,"Victoria","VIC",12,20575,0,823,40411,6279360,12,20575,1,19721,0,1,1,1,1,1,30426,1001455
2021-05-27,"Western Australia","WA",0,1017,0,9,3805,1169715,0,1017,0,1006,0,0,0,0,0,0,10992,406913
2021-05-28,"Australian Capital Territory","ACT",0,124,0,3,1245,212049,0,124,0,121,0,0,0,0,0,0,2020,93258
2021-05-28,"New South Wales","NSW",3,5579,0,55,17593,6025663,3,5579,0,2802,0,3,0,1,0,1,37570,1236255
2021-05-28,"Northern Territory","NT",0,172,0,0,1111,202281,0,172,0,169,0,3,0,0,0,0,1294,46657
2021-05-28,"Queensland","QLD",2,1615,0,7,9409,2623951,2,1615,2,1588,1,12,0,0,0,0,21669,771016
2021-05-28,"South Australia","SA",0,752,0,4,8297,1366004,0,752,1,746,0,0,0,0,0,0,7718,294386
2021-05-28,"Tasmania","TAS",0,234,0,13,1062,228890,0,234,0,221,0,0,0,0,0,0,2452,129451
2021-05-28,"Victoria","VIC",5,20580,0,823,47462,6326822,5,20580,0,19721,0,1,0,1,0,1,41389,1042844
2021-05-28,"Western Australia","WA",0,1017,0,9,9468,1179183,0,1017,0,1006,0,0,0,0,0,0,10758,417671
2021-05-29,"Australian Capital Territory","ACT",0,124,0,3,747,212796,0,124,0,121,0,0,0,0,0,0,2188,95446
2021-05-29,"New South Wales","NSW",1,5580,0,55,17012,6042675,1,5580,0,2802,0,3,0,1,0,1,35752,1272007
2021-05-29,"Northern Territory","NT",1,173,0,0,1481,203762,1,173,0,169,1,4,0,0,0,0,514,47171
2021-05-29,"Queensland","QLD",1,1616,0,7,2765,2626716,1,1616,2,1590,-3,9,0,0,0,0,19046,790062
2021-05-29,"South Australia","SA",0,752,0,4,7144,1373148,0,752,0,746,0,0,0,0,0,0,7490,301876
2021-05-29,"Tasmania","TAS",0,234,0,13,1451,230341,0,234,0,221,0,0,0,0,0,0,2507,131958
2021-05-29,"Victoria","VIC",7,20587,0,823,56624,6383446,7,20587,1,19722,0,1,-1,0,-1,0,43458,1086302
2021-05-29,"Western Australia","WA",0,1017,0,9,0,1179183,0,1017,0,1006,0,0,0,0,0,0,10656,428327
2021-05-30,"Australian Capital Territory","ACT",0,124,0,3,246,213042,0,124,0,121,0,0,0,0,0,0,1089,96535
2021-05-30,"New South Wales","NSW",5,5585,0,55,15989,6058664,5,5585,0,2802,0,3,0,1,0,1,15968,1287975
2021-05-30,"Northern Territory","NT",0,173,0,0,1562,205324,0,173,1,170,-1,3,0,0,0,0,10,47181
2021-05-30,"Queensland","QLD",2,1618,0,7,1486,2628202,2,1618,1,1591,3,12,0,0,0,0,4581,794643
2021-05-30,"South Australia","SA",2,754,0,4,5892,1379040,2,754,1,747,0,0,0,0,0,0,2781,304657
2021-05-30,"Tasmania","TAS",0,234,0,13,885,231226,0,234,0,221,0,0,0,0,0,0,2284,134242
2021-05-30,"Victoria","VIC",6,20593,0,823,45301,6428747,6,20593,2,19724,0,1,0,0,0,0,27448,1113750
2021-05-30,"Western Australia","WA",0,1017,0,9,0,1179183,0,1017,0,1006,0,0,0,0,0,0,3791,432118
2021-05-31,"Australian Capital Territory","ACT",0,124,0,3,339,213381,0,124,0,121,0,0,0,0,0,0,900,97435
2021-05-31,"New South Wales","NSW",2,5587,0,55,13857,6072521,2,5587,0,2802,0,3,0,1,0,1,1989,1289964
2021-05-31,"Northern Territory","NT",0,173,0,0,2004,207328,0,173,0,170,0,3,0,0,0,0,1439,48620
2021-05-31,"Queensland","QLD",0,1618,0,7,1776,2629978,0,1618,0,1591,2,14,0,0,0,0,1330,795973
2021-05-31,"South Australia","SA",0,754,0,4,5064,1384104,0,754,0,747,0,0,0,0,0,0,1221,305878
2021-05-31,"Tasmania","TAS",0,234,0,13,865,232091,0,234,0,221,0,0,0,0,0,0,220,134462
2021-05-31,"Victoria","VIC",5,20598,0,823,43874,6472621,5,20598,0,19724,0,1,0,0,0,0,20909,1134659
2021-05-31,"Western Australia","WA",1,1018,0,9,13512,1192695,1,1018,0,1006,0,0,0,0,0,0,4491,436609
2021-06-01,"Australian Capital Territory","ACT",0,124,0,3,487,213868,0,124,0,121,0,0,0,0,0,0,812,98247
2021-06-01,"New South Wales","NSW",0,5587,0,55,9801,6082322,0,5587,0,2802,0,3,0,1,0,1,35474,1325438
2021-06-01,"Northern Territory","NT",0,173,0,0,2070,209398,0,173,0,170,0,3,0,0,0,0,1445,50065
2021-06-01,"Queensland","QLD",0,1618,0,7,0,2629978,0,1618,0,1591,-1,13,0,0,0,0,19129,815102
2021-06-01,"South Australia","SA",0,754,0,4,5334,1389438,0,754,1,748,0,0,0,0,0,0,7219,313097
2021-06-01,"Tasmania","TAS",0,234,0,13,771,232862,0,234,0,221,0,0,0,0,0,0,4440,138902
2021-06-01,"Victoria","VIC",11,20609,0,823,42699,6515320,11,20609,2,19726,0,1,0,0,0,0,40389,1175048
2021-06-01,"Western Australia","WA",1,1019,0,9,4101,1196796,1,1019,0,1006,0,0,0,0,0,0,10231,446840
2021-06-02,"Australian Capital Territory","ACT",0,124,0,3,966,214834,0,124,0,121,0,0,0,0,0,0,2332,100579
2021-06-02,"New South Wales","NSW",1,5588,0,55,21551,6103873,1,5588,0,2802,0,3,0,1,0,1,37779,1363217
2021-06-02,"Northern Territory","NT",0,173,0,0,46,209444,0,173,0,170,0,3,0,0,0,0,1859,51924
2021-06-02,"Queensland","QLD",1,1619,0,7,9103,2639081,1,1619,0,1591,0,13,0,0,0,0,24234,839336
2021-06-02,"South Australia","SA",6,760,0,4,7918,1397356,6,760,5,753,0,0,0,0,0,0,8079,321176
2021-06-02,"Tasmania","TAS",0,234,0,13,1233,234095,0,234,0,221,0,0,0,0,0,0,3017,141919
2021-06-02,"Victoria","VIC",5,20614,0,823,51033,6566353,5,20614,1,19727,1,2,0,0,0,0,51176,1226224
2021-06-02,"Western Australia","WA",-1,1018,0,9,4533,1201329,-1,1018,2,1008,0,0,0,0,0,0,10229,457069
2021-06-03,"Australian Capital Territory","ACT",0,124,0,3,1296,216130,0,124,0,121,0,0,0,0,0,0,1987,102566
2021-06-03,"New South Wales","NSW",2,5590,0,55,18672,6122545,2,5590,0,2802,0,3,0,1,0,1,40378,1403595
2021-06-03,"Northern Territory","NT",0,173,0,0,1582,211026,0,173,1,171,-1,2,0,0,0,0,1794,53718
2021-06-03,"Queensland","QLD",2,1621,0,7,3625,2642706,2,1621,2,1593,-1,12,0,0,0,0,23512,862848
2021-06-03,"South Australia","SA",0,760,0,4,8059,1405415,0,760,-1,752,0,0,0,0,0,0,9503,330679
2021-06-03,"Tasmania","TAS",0,234,0,13,734,234829,0,234,0,221,0,0,0,0,0,0,2763,144682
2021-06-03,"Victoria","VIC",3,20617,0,823,57519,6623872,3,20617,1,19728,1,3,0,0,0,0,50710,1276934
2021-06-03,"Western Australia","WA",0,1018,0,9,4034,1205363,0,1018,0,1008,0,0,0,0,0,0,10612,467681
2021-06-04,"Australian Capital Territory","ACT",0,124,0,3,793,216923,0,124,0,121,0,0,0,0,0,0,2776,105342
2021-06-04,"New South Wales","NSW",0,5590,0,55,22583,6145128,0,5590,0,2802,0,3,-1,0,-1,0,41722,1445317
2021-06-04,"Northern Territory","NT",0,173,0,0,1883,212909,0,173,0,171,0,2,0,0,0,0,2129,55847
2021-06-04,"Queensland","QLD",8,1629,0,7,2470,2645176,8,1629,4,1597,-2,10,0,0,0,0,26170,889018
2021-06-04,"South Australia","SA",1,761,0,4,6698,1412113,1,761,0,752,1,1,0,0,0,0,9401,340080
2021-06-04,"Tasmania","TAS",0,234,0,13,1803,236632,0,234,0,221,0,0,0,0,0,0,1790,146472
2021-06-04,"Victoria","VIC",4,20621,0,823,49439,6673311,4,20621,1,19729,0,3,0,0,0,0,48215,1325149
2021-06-04,"Western Australia","WA",0,1018,0,9,3840,1209203,0,1018,0,1008,0,0,0,0,0,0,11456,479137
2021-06-05,"Australian Capital Territory","ACT",0,124,0,3,1079,218002,0,124,0,121,0,0,0,0,0,0,2395,107737
2021-06-05,"New South Wales","NSW",0,5590,0,55,19403,6164531,0,5590,0,2802,-1,2,0,0,0,0,35974,1481291
2021-06-05,"Northern Territory","NT",0,173,0,0,1014,213923,0,173,0,171,0,2,0,0,0,0,1446,57293
2021-06-05,"Queensland","QLD",1,1630,0,7,4356,2649532,1,1630,0,1597,-1,9,0,0,0,0,25200,914218
2021-06-05,"South Australia","SA",1,762,0,4,5729,1417842,1,762,0,752,0,1,0,0,0,0,9519,349599
2021-06-05,"Tasmania","TAS",0,234,0,13,837,237469,0,234,0,221,0,0,0,0,0,0,3761,150233
2021-06-05,"Victoria","VIC",6,20627,0,823,36362,6709673,6,20627,0,19729,0,3,0,0,0,0,52102,1377251
2021-06-05,"Western Australia","WA",0,1018,0,9,0,1209203,0,1018,0,1008,0,0,0,0,0,0,10848,489985
2021-06-06,"Australian Capital Territory","ACT",0,124,0,3,441,218443,0,124,0,121,0,0,0,0,0,0,2263,110000
2021-06-06,"New South Wales","NSW",5,5595,0,55,17524,6182055,5,5595,0,2802,0,2,0,0,0,0,16772,1498063
2021-06-06,"Northern Territory","NT",0,173,0,0,693,214616,0,173,0,171,0,2,0,0,0,0,178,57471
2021-06-06,"Queensland","QLD",2,1632,0,7,-275,2649257,2,1632,1,1598,0,9,0,0,0,0,14565,928783
2021-06-06,"South Australia","SA",2,764,0,4,4655,1422497,2,764,2,754,0,1,0,0,0,0,4189,353788
2021-06-06,"Tasmania","TAS",0,234,0,13,490,237959,0,234,0,221,0,0,0,0,0,0,2599,152832
2021-06-06,"Victoria","VIC",8,20635,0,823,29816,6739489,8,20635,1,19730,-1,2,0,0,0,0,42365,1419616
2021-06-06,"Western Australia","WA",0,1018,0,9,0,1209203,0,1018,0,1008,0,0,0,0,0,0,5814,495799
2021-06-07,"Australian Capital Territory","ACT",0,124,0,3,284,218727,0,124,0,121,0,0,0,0,0,0,1193,111193
2021-06-07,"New South Wales","NSW",5,5600,0,55,13773,6195828,5,5600,0,2802,0,2,0,0,0,0,2735,1500798
2021-06-07,"Northern Territory","NT",0,173,0,0,831,215447,0,173,1,172,-1,1,0,0,0,0,275,57746
2021-06-07,"Queensland","QLD",0,1632,0,7,44725,2693982,0,1632,0,1598,1,10,0,0,0,0,8218,937001
2021-06-07,"South Australia","SA",3,767,0,4,3914,1426411,3,767,4,758,0,1,0,0,0,0,1946,355734
2021-06-07,"Tasmania","TAS",0,234,0,13,501,238460,0,234,0,221,0,0,0,0,0,0,1388,154220
2021-06-07,"Victoria","VIC",11,20646,0,823,24265,6763754,11,20646,2,19732,1,3,0,0,0,0,42581,1462197
2021-06-07,"Western Australia","WA",1,1019,0,9,0,1209203,1,1019,0,1008,0,0,0,0,0,0,1725,497524
2021-06-08,"Australian Capital Territory","ACT",0,124,0,3,845,219572,0,124,0,121,0,0,0,0,0,0,2855,114048
2021-06-08,"New South Wales","NSW",3,5603,0,55,11219,6207047,3,5603,0,2802,0,2,0,0,0,0,36276,1537074
2021-06-08,"Northern Territory","NT",1,174,0,0,1405,216852,1,174,0,172,0,1,0,0,0,0,1637,59383
2021-06-08,"Queensland","QLD",1,1633,0,7,4356,2698338,1,1633,1,1599,1,11,0,0,0,0,22956,959957
2021-06-08,"South Australia","SA",2,769,0,4,4658,1431069,2,769,2,760,0,1,0,0,0,0,9321,365055
2021-06-08,"Tasmania","TAS",0,234,0,13,1101,239561,0,234,0,221,0,0,0,0,0,0,3430,157650
2021-06-08,"Victoria","VIC",3,20649,0,823,22814,6786568,3,20649,5,19737,0,3,0,0,0,0,49267,1511464
2021-06-08,"Western Australia","WA",-1,1018,0,9,9336,1218539,-1,1018,0,1008,0,0,0,0,0,0,1822,499346
2021-06-09,"Australian Capital Territory","ACT",0,124,0,3,677,220249,0,124,0,121,0,0,0,0,0,0,2343,116391
2021-06-09,"New South Wales","NSW",4,5607,0,55,22496,6229543,4,5607,0,2802,-1,1,0,0,0,0,39484,1576558
2021-06-09,"Northern Territory","NT",0,174,0,0,1548,218400,0,174,1,173,0,1,0,0,0,0,1887,61270
2021-06-09,"Queensland","QLD",2,1635,0,7,6444,2704782,2,1635,0,1599,-3,8,0,0,0,0,25687,985644
2021-06-09,"South Australia","SA",0,769,0,4,7095,1438164,0,769,1,761,0,1,0,0,0,0,10667,375722
2021-06-09,"Tasmania","TAS",0,234,0,13,1000,240561,0,234,0,221,0,0,0,0,0,0,3909,161559
2021-06-09,"Victoria","VIC",1,20650,0,823,28485,6815053,1,20650,10,19747,0,3,0,0,0,0,47260,1558724
2021-06-09,"Western Australia","WA",0,1018,0,9,5539,1224078,0,1018,0,1008,0,0,0,0,0,0,9648,508994
2021-06-10,"Australian Capital Territory","ACT",0,124,0,3,608,220857,0,124,0,121,0,0,0,0,0,0,2349,118740
2021-06-10,"New South Wales","NSW",3,5610,0,55,19810,6249353,3,5610,0,2802,0,1,0,0,0,0,37917,1614475
2021-06-10,"Northern Territory","NT",0,174,0,0,1758,220158,0,174,0,173,0,1,0,0,0,0,2072,63342
2021-06-10,"Queensland","QLD",7,1642,0,7,9857,2714639,7,1642,1,1600,2,10,0,0,0,0,26219,1011863
2021-06-10,"South Australia","SA",1,770,0,4,6264,1444428,1,770,0,761,0,1,0,0,0,0,10095,385817
2021-06-10,"Tasmania","TAS",0,234,0,13,1028,241589,0,234,0,221,0,0,0,0,0,0,2504,164063
2021-06-10,"Victoria","VIC",4,20654,0,823,23679,6838732,4,20654,9,19756,1,4,0,0,0,0,51347,1610071
2021-06-10,"Western Australia","WA",0,1018,0,9,3775,1227853,0,1018,0,1008,0,0,0,0,0,0,10305,519299
2021-06-11,"Australian Capital Territory","ACT",0,124,0,3,612,221469,0,124,0,121,0,0,0,0,0,0,2534,121274
2021-06-11,"New South Wales","NSW",1,5611,0,55,18525,6267878,1,5611,0,2802,0,1,0,0,0,0,41304,1655779
2021-06-11,"Northern Territory","NT",0,174,0,0,1201,221359,0,174,0,173,0,1,0,0,0,0,2008,65350
2021-06-11,"Queensland","QLD",0,1642,0,7,5953,2720592,0,1642,3,1603,1,11,0,0,0,0,28462,1040325
2021-06-11,"South Australia","SA",1,771,0,4,6037,1450465,1,771,2,763,-1,0,0,0,0,0,12543,398360
2021-06-11,"Tasmania","TAS",0,234,0,13,1179,242768,0,234,0,221,0,0,0,0,0,0,3237,167300
2021-06-11,"Victoria","VIC",1,20655,0,823,17604,6856336,1,20655,4,19760,-1,3,0,0,0,0,50637,1660708
2021-06-11,"Western Australia","WA",0,1018,0,9,4054,1231907,0,1018,1,1009,0,0,0,0,0,0,12613,531912
2021-06-12,"Australian Capital Territory","ACT",0,124,0,3,461,221930,0,124,0,121,0,0,0,0,0,0,2498,123772
2021-06-12,"New South Wales","NSW",1,5612,0,55,19304,6287182,1,5612,0,2802,0,1,0,0,0,0,36329,1692108
2021-06-12,"Northern Territory","NT",0,174,0,0,1189,222548,0,174,0,173,0,1,0,0,0,0,1823,67173
2021-06-12,"Queensland","QLD",0,1642,0,7,7791,2728383,0,1642,0,1603,-1,10,0,0,0,0,24452,1064777
2021-06-12,"South Australia","SA",3,774,0,4,4380,1454845,3,774,4,767,0,0,0,0,0,0,9253,407613
2021-06-12,"Tasmania","TAS",0,234,0,13,749,243517,0,234,0,221,0,0,0,0,0,0,3374,170674
2021-06-12,"Victoria","VIC",4,20659,0,823,15110,6871446,4,20659,5,19765,0,3,0,0,0,0,43882,1704590
2021-06-12,"Western Australia","WA",0,1018,0,9,0,1231907,0,1018,0,1009,0,0,0,0,0,0,11305,543217
2021-06-13,"Australian Capital Territory","ACT",0,124,0,3,264,222194,0,124,0,121,0,0,0,0,0,0,1777,125549
2021-06-13,"New South Wales","NSW",1,5613,0,55,17187,6304369,1,5613,0,2802,0,1,0,0,0,0,12998,1705106
2021-06-13,"Northern Territory","NT",1,175,0,0,1043,223591,1,175,0,173,1,2,0,0,0,0,26,67199
2021-06-13,"Queensland","QLD",8,1650,0,7,9627,2738010,8,1650,0,1603,0,10,0,0,0,0,10525,1075302
2021-06-13,"South Australia","SA",1,775,0,4,4032,1458877,1,775,1,768,0,0,0,0,0,0,3948,411561
2021-06-13,"Tasmania","TAS",0,234,0,13,518,244035,0,234,0,221,0,0,0,0,0,0,1681,172355
2021-06-13,"Victoria","VIC",0,20659,0,823,17102,6888548,0,20659,6,19771,0,3,0,0,0,0,23222,1727812
2021-06-13,"Western Australia","WA",0,1018,0,9,0,1231907,0,1018,0,1009,0,0,0,0,0,0,6645,549862
2021-06-14,"Australian Capital Territory","ACT",0,124,0,3,259,222453,0,124,0,121,0,0,0,0,0,0,1271,126820
2021-06-14,"New South Wales","NSW",6,5619,0,55,9479,6313848,6,5619,0,2802,0,1,0,0,0,0,1205,1706311
2021-06-14,"Northern Territory","NT",0,175,0,0,810,224401,0,175,0,173,0,2,0,0,0,0,80,67279
2021-06-14,"Queensland","QLD",2,1652,0,7,3703,2741713,2,1652,0,1603,8,18,0,0,0,0,5705,1081007
2021-06-14,"South Australia","SA",0,775,0,4,3344,1462221,0,775,1,769,0,0,0,0,0,0,2648,414209
2021-06-14,"Tasmania","TAS",0,234,0,13,525,244560,0,234,0,221,0,0,0,0,0,0,620,172975
2021-06-14,"Victoria","VIC",6,20665,0,823,16932,6905480,6,20665,10,19781,0,3,1,1,0,0,17435,1745247
2021-06-14,"Western Australia","WA",0,1018,0,9,7460,1239367,0,1018,0,1009,0,0,0,0,0,0,3589,553451
2021-06-15,"Australian Capital Territory","ACT",0,124,0,3,379,222832,0,124,0,121,0,0,0,0,0,0,1298,128118
2021-06-15,"New South Wales","NSW",4,5623,0,55,8287,6322135,4,5623,0,2802,0,1,0,0,0,0,14023,1720334
2021-06-15,"Northern Territory","NT",0,175,0,0,1049,225450,0,175,0,173,0,2,0,0,0,0,1163,68442
2021-06-15,"Queensland","QLD",3,1655,0,7,9308,2751021,3,1655,1,1604,0,18,0,0,0,0,24895,1105902
2021-06-15,"South Australia","SA",1,776,0,4,3100,1465321,1,776,1,770,0,0,0,0,0,0,2452,416661
2021-06-15,"Tasmania","TAS",0,234,0,13,321,244881,0,234,0,221,0,0,0,0,0,0,294,173269
2021-06-15,"Victoria","VIC",3,20668,0,823,15067,6920547,3,20668,13,19794,2,5,0,1,0,0,10602,1755849
2021-06-15,"Western Australia","WA",1,1019,0,9,3240,1242607,1,1019,0,1009,0,0,0,0,0,0,9219,562670
2021-06-16,"Australian Capital Territory","ACT",0,124,0,3,736,223568,0,124,0,121,0,0,0,0,0,0,3160,131278
2021-06-16,"New South Wales","NSW",3,5626,0,55,10524,6332659,3,5626,0,2802,0,1,0,0,0,0,40434,1760768
2021-06-16,"Northern Territory","NT",0,175,0,0,906,226356,0,175,1,174,-1,1,0,0,0,0,1174,69616
2021-06-16,"Queensland","QLD",0,1655,0,7,8658,2759679,0,1655,10,1614,2,20,0,0,0,0,30676,1136578
2021-06-16,"South Australia","SA",4,780,0,4,3885,1469206,4,780,0,770,0,0,0,0,0,0,11042,427703
2021-06-16,"Tasmania","TAS",0,234,0,13,660,245541,0,234,0,221,0,0,0,0,0,0,3870,177139
2021-06-16,"Victoria","VIC",9,20677,0,823,17538,6938085,9,20677,8,19802,0,5,0,1,0,0,51093,1806942
2021-06-16,"Western Australia","WA",1,1020,0,9,4530,1247137,1,1020,0,1009,0,0,0,0,0,0,10626,573296
2021-06-17,"Australian Capital Territory","ACT",0,124,0,3,425,223993,0,124,0,121,0,0,0,0,0,0,2767,134045
2021-06-17,"New South Wales","NSW",5,5631,0,55,23145,6355804,5,5631,0,2802,0,1,0,0,0,0,39457,1800225
2021-06-17,"Northern Territory","NT",0,175,0,0,1300,227656,0,175,0,174,0,1,0,0,0,0,2278,71894
2021-06-17,"Queensland","QLD",6,1661,0,7,9593,2769272,6,1661,3,1617,6,26,0,0,0,0,27053,1163631
2021-06-17,"South Australia","SA",1,781,0,4,4498,1473704,1,781,3,773,1,1,0,0,0,0,9947,437650
2021-06-17,"Tasmania","TAS",0,234,0,13,953,246494,0,234,0,221,0,0,0,0,0,0,2897,180036
2021-06-17,"Victoria","VIC",1,20678,0,823,25635,6963720,1,20678,2,19804,1,6,0,1,0,0,40463,1847405
2021-06-17,"Western Australia","WA",0,1020,0,9,4919,1252056,0,1020,0,1009,0,0,0,0,0,0,11148,584444
2021-06-18,"Australian Capital Territory","ACT",0,124,0,3,930,224923,0,124,0,121,0,0,0,0,0,0,2399,136444
2021-06-18,"New South Wales","NSW",0,5631,0,55,21678,6377482,0,5631,0,2802,0,1,0,0,0,0,41791,1842016
2021-06-18,"Northern Territory","NT",1,176,0,0,1699,229355,1,176,0,174,0,1,0,0,0,0,2269,74163
2021-06-18,"Queensland","QLD",3,1664,0,7,6941,2776213,3,1664,0,1617,3,29,0,0,0,0,30146,1193777
2021-06-18,"South Australia","SA",3,784,0,4,5613,1479317,3,784,1,774,0,1,0,0,0,0,11168,448818
2021-06-18,"Tasmania","TAS",0,234,0,13,998,247492,0,234,0,221,0,0,0,0,0,0,3112,183148
2021-06-18,"Victoria","VIC",2,20680,0,823,35252,6998972,2,20680,2,19806,1,7,0,1,0,0,40118,1887523
2021-06-18,"Western Australia","WA",0,1020,0,9,2533,1254589,0,1020,0,1009,0,0,0,0,0,0,10333,594777
2021-06-19,"Australian Capital Territory","ACT",0,124,0,3,1225,226148,0,124,0,121,0,0,0,0,0,0,2181,138625
2021-06-19,"New South Wales","NSW",6,5637,0,55,26631,6404113,6,5637,0,2802,0,1,0,0,0,0,37496,1879512
2021-06-19,"Northern Territory","NT",0,176,0,0,1217,230572,0,176,0,174,1,2,0,0,0,0,2632,76795
2021-06-19,"Queensland","QLD",0,1664,0,7,7836,2784049,0,1664,0,1617,-3,26,0,0,0,0,28381,1222158
2021-06-19,"South Australia","SA",1,785,0,4,4527,1483844,1,785,1,775,0,1,0,0,0,0,9598,458416
2021-06-19,"Tasmania","TAS",0,234,0,13,718,248210,0,234,0,221,0,0,0,0,0,0,3631,186779
2021-06-19,"Victoria","VIC",3,20683,0,823,30843,7029815,3,20683,6,19812,-1,6,0,1,0,0,36662,1924185
2021-06-19,"Western Australia","WA",0,1020,0,9,0,1254589,0,1020,0,1009,0,0,0,0,0,0,10229,605006
2021-06-20,"Australian Capital Territory","ACT",0,124,0,3,681,226829,0,124,0,121,0,0,0,0,0,0,1699,140324
2021-06-20,"New South Wales","NSW",7,5644,0,55,24468,6428581,7,5644,0,2802,0,1,0,0,0,0,17277,1896789
2021-06-20,"Northern Territory","NT",0,176,0,0,775,231347,0,176,0,174,0,2,0,0,0,0,336,77131
2021-06-20,"Queensland","QLD",1,1665,0,7,6082,2790131,1,1665,3,1620,1,27,0,0,0,0,12571,1234729
2021-06-20,"South Australia","SA",0,785,0,4,4193,1488037,0,785,1,776,0,1,0,0,0,0,5422,463838
2021-06-20,"Tasmania","TAS",0,234,0,13,507,248717,0,234,0,221,0,0,0,0,0,0,3036,189815
2021-06-20,"Victoria","VIC",2,20685,0,823,19502,7049317,2,20685,2,19814,-1,5,0,1,0,0,18382,1942567
2021-06-20,"Western Australia","WA",0,1020,0,9,0,1254589,0,1020,0,1009,0,0,0,0,0,0,5830,610836
2021-06-21,"Australian Capital Territory","ACT",0,124,0,3,738,227567,0,124,0,121,0,0,0,0,0,0,1690,142014
2021-06-21,"New South Wales","NSW",6,5650,0,55,25252,6453833,6,5650,0,2802,0,1,0,0,0,0,2349,1899138
2021-06-21,"Northern Territory","NT",0,176,0,0,743,232090,0,176,0,174,0,2,0,0,0,0,9,77140
2021-06-21,"Queensland","QLD",5,1670,0,7,3998,2794129,5,1670,0,1620,5,32,0,0,0,0,8020,1242749
2021-06-21,"South Australia","SA",3,788,0,4,3399,1491436,3,788,1,777,0,1,0,0,0,0,3334,467172
2021-06-21,"Tasmania","TAS",0,234,0,13,417,249134,0,234,0,221,0,0,0,0,0,0,2233,192048
2021-06-21,"Victoria","VIC",9,20694,0,823,16290,7065607,9,20694,6,19820,-1,4,0,1,0,0,12577,1955144
2021-06-21,"Western Australia","WA",0,1020,0,9,10846,1265435,0,1020,0,1009,0,0,0,0,0,0,4500,615336
2021-06-22,"Australian Capital Territory","ACT",0,124,0,3,408,227975,0,124,0,121,0,0,0,0,0,0,2073,144087
2021-06-22,"New South Wales","NSW",11,5661,0,55,28645,6482478,11,5661,0,2802,2,3,1,1,0,0,37235,1936373
2021-06-22,"Northern Territory","NT",0,176,0,0,1011,233101,0,176,0,174,0,2,0,0,0,0,2078,79218
2021-06-22,"Queensland","QLD",3,1673,0,7,7598,2801727,3,1673,0,1620,0,32,0,0,0,0,24327,1267076
2021-06-22,"South Australia","SA",0,788,0,4,3587,1495023,0,788,0,777,0,1,0,0,0,0,13064,480236
2021-06-22,"Tasmania","TAS",0,234,0,13,651,249785,0,234,0,221,0,0,0,0,0,0,3374,195422
2021-06-22,"Victoria","VIC",3,20697,0,823,13176,7078783,3,20697,6,19826,0,4,0,1,0,0,36498,1991642
2021-06-22,"Western Australia","WA",0,1020,0,9,4759,1270194,0,1020,0,1009,0,0,0,0,0,0,9994,625330
2021-06-23,"Australian Capital Territory","ACT",0,124,0,3,0,227975,0,124,0,121,0,0,0,0,0,0,2191,146278
2021-06-23,"New South Wales","NSW",17,5678,0,55,44640,6527118,17,5678,0,2802,-1,2,0,1,0,0,39289,1975662
2021-06-23,"Northern Territory","NT",1,177,0,0,1426,234527,1,177,0,174,1,3,0,0,0,0,2284,81502
2021-06-23,"Queensland","QLD",1,1674,0,7,10087,2811814,1,1674,0,1620,3,35,0,0,0,0,29536,1296612
2021-06-23,"South Australia","SA",0,788,0,4,5692,1500715,0,788,0,777,0,1,0,0,0,0,10696,490932
2021-06-23,"Tasmania","TAS",0,234,0,13,1054,250839,0,234,0,221,0,0,0,0,0,0,3805,199227
2021-06-23,"Victoria","VIC",1,20698,0,823,28267,7107050,1,20698,2,19828,0,4,-1,0,0,0,41061,2032703
2021-06-23,"Western Australia","WA",0,1020,0,9,4006,1274200,0,1020,0,1009,0,0,0,0,0,0,12030,637360
2021-06-24,"Australian Capital Territory","ACT",0,124,0,3,2421,230396,0,124,0,121,0,0,0,0,0,0,1948,148226
2021-06-24,"New South Wales","NSW",11,5689,0,55,48402,6575520,11,5689,0,2802,1,3,-1,0,0,0,39727,2015389
2021-06-24,"Northern Territory","NT",0,177,0,0,1074,235601,0,177,0,174,0,3,0,0,0,0,1940,83442
2021-06-24,"Queensland","QLD",3,1677,0,7,10421,2822235,3,1677,0,1620,4,39,0,0,0,0,29867,1326479
2021-06-24,"South Australia","SA",4,792,0,4,5134,1505849,4,792,2,779,0,1,0,0,0,0,10988,501920
2021-06-24,"Tasmania","TAS",0,234,0,13,813,251652,0,234,0,221,0,0,0,0,0,0,3706,202933
2021-06-24,"Victoria","VIC",4,20702,0,823,22812,7129862,4,20702,0,19828,0,4,0,0,0,0,38301,2071004
2021-06-24,"Western Australia","WA",1,1021,0,9,3937,1278137,1,1021,0,1009,0,0,0,0,0,0,12445,649805
2021-06-25,"Australian Capital Territory","ACT",0,124,0,3,1432,231828,0,124,0,121,0,0,0,0,0,0,2315,150541
2021-06-25,"New South Wales","NSW",23,5712,0,55,47603,6623123,23,5712,0,2802,1,4,1,1,0,0,43006,2058395
2021-06-25,"Northern Territory","NT",0,177,0,0,1352,236953,0,177,0,174,0,3,0,0,0,0,2245,85687
2021-06-25,"Queensland","QLD",2,1679,0,7,8995,2831230,2,1679,1,1621,2,41,0,0,0,0,29809,1356288
2021-06-25,"South Australia","SA",-3,789,0,4,5303,1511152,-3,789,1,780,-1,0,0,0,0,0,11231,513151
2021-06-25,"Tasmania","TAS",0,234,0,13,770,252422,0,234,0,221,0,0,0,0,0,0,3550,206483
2021-06-25,"Victoria","VIC",0,20702,0,823,21991,7151853,0,20702,5,19833,0,4,0,0,0,0,35730,2106734
2021-06-25,"Western Australia","WA",0,1021,0,9,4469,1282606,0,1021,1,1010,0,0,0,0,0,0,10548,660353
2021-06-26,"Australian Capital Territory","ACT",0,124,0,3,1142,232970,0,124,0,121,0,0,0,0,0,0,2246,152787
2021-06-26,"New South Wales","NSW",12,5724,0,55,55227,6678350,12,5724,0,2802,0,4,0,1,0,0,35880,2094275
2021-06-26,"Northern Territory","NT",1,178,0,0,2372,239325,1,178,0,174,0,3,0,0,0,0,1272,86959
2021-06-26,"Queensland","QLD",1,1680,0,7,8938,2840168,1,1680,3,1624,0,41,0,0,0,0,25314,1381602
2021-06-26,"South Australia","SA",2,791,0,4,5352,1516504,2,791,1,781,0,0,0,0,0,0,9638,522789
2021-06-26,"Tasmania","TAS",0,234,0,13,415,252837,0,234,0,221,0,0,0,0,0,0,2424,208907
2021-06-26,"Victoria","VIC",3,20705,0,823,21595,7173448,3,20705,1,19834,0,4,0,0,0,0,33734,2140468
2021-06-26,"Western Australia","WA",0,1021,0,9,0,1282606,0,1021,0,1010,0,0,0,0,0,0,9465,669818
2021-06-27,"Australian Capital Territory","ACT",0,124,0,3,779,233749,0,124,0,121,0,0,0,0,0,0,1559,154346
2021-06-27,"New South Wales","NSW",32,5756,0,55,52048,6730398,32,5756,0,2802,0,4,0,1,0,0,20248,2114523
2021-06-27,"Northern Territory","NT",3,181,0,0,828,240153,3,181,0,174,4,7,0,0,0,0,260,87219
2021-06-27,"Queensland","QLD",3,1683,0,7,7301,2847469,3,1683,0,1624,0,41,0,0,0,0,14395,1395997
2021-06-27,"South Australia","SA",3,794,0,4,5549,1522053,3,794,0,781,0,0,0,0,0,0,5317,528106
2021-06-27,"Tasmania","TAS",0,234,0,13,221,253058,0,234,0,221,0,0,0,0,0,0,2967,211874
2021-06-27,"Victoria","VIC",3,20708,0,823,20698,7194146,3,20708,10,19844,0,4,0,0,0,0,17679,2158147
2021-06-27,"Western Australia","WA",1,1022,0,9,0,1282606,1,1022,1,1011,0,0,0,0,0,0,6290,676108
2021-06-28,"Australian Capital Territory","ACT",0,124,0,3,1042,234791,0,124,0,121,0,0,0,0,0,0,1403,155749
2021-06-28,"New South Wales","NSW",22,5778,0,55,58870,6789268,22,5778,0,2802,4,8,1,2,0,0,12652,2127175
2021-06-28,"Northern Territory","NT",1,182,0,0,-240,239913,1,182,0,174,1,8,0,0,0,0,343,87562
2021-06-28,"Queensland","QLD",3,1686,0,7,6656,2854125,3,1686,0,1624,-1,40,0,0,0,0,8197,1404194
2021-06-28,"South Australia","SA",0,794,0,4,5971,1528024,0,794,0,781,0,0,0,0,0,0,3640,531746
2021-06-28,"Tasmania","TAS",0,234,0,13,1609,254667,0,234,0,221,0,0,0,0,0,0,1701,213575
2021-06-28,"Victoria","VIC",0,20708,0,823,17617,7211763,0,20708,-1,19843,-2,2,0,0,0,0,14727,2172874
2021-06-28,"Western Australia","WA",1,1023,0,9,12273,1294879,1,1023,-1,1010,0,0,0,0,0,0,5683,681791
2021-06-29,"Australian Capital Territory","ACT",0,124,0,3,1615,236406,0,124,0,121,0,0,0,0,0,0,2203,157952
2021-06-29,"New South Wales","NSW",20,5798,0,55,67000,6856268,20,5798,0,2802,-2,6,-1,1,0,0,38095,2165270
2021-06-29,"Northern Territory","NT",2,184,0,0,0,239913,2,184,0,174,2,10,0,0,0,0,1689,89251
2021-06-29,"Queensland","QLD",6,1692,0,7,14989,2869114,6,1692,0,1624,1,41,0,0,0,0,23959,1428153
2021-06-29,"South Australia","SA",2,796,0,4,8318,1536342,2,796,2,783,0,0,0,0,0,0,8382,540128
2021-06-29,"Tasmania","TAS",0,234,0,13,1750,256417,0,234,0,221,0,0,0,0,0,0,2574,216149
2021-06-29,"Victoria","VIC",2,20710,0,823,20723,7232486,2,20710,3,19846,0,2,0,0,0,0,39490,2212364
2021-06-29,"Western Australia","WA",1,1024,0,9,12550,1307429,1,1024,0,1010,0,0,0,0,0,0,9642,691433
2021-06-30,"Australian Capital Territory","ACT",0,124,0,3,1632,238038,0,124,0,121,0,0,0,0,0,0,2517,160469
2021-06-30,"New South Wales","NSW",28,5826,0,55,68220,6924488,28,5826,0,2802,3,9,0,1,0,0,46010,2211280
2021-06-30,"Northern Territory","NT",0,184,0,0,4397,244310,0,184,0,174,0,10,0,0,0,0,1678,90929
2021-06-30,"Queensland","QLD",4,1696,0,7,18447,2887561,4,1696,11,1635,1,42,0,0,0,0,32551,1460704
2021-06-30,"South Australia","SA",11,807,0,4,11214,1547556,11,807,2,785,0,0,0,0,0,0,10153,550281
2021-06-30,"Tasmania","TAS",0,234,0,13,1381,257798,0,234,0,221,0,0,0,0,0,0,3227,219376
2021-06-30,"Victoria","VIC",2,20712,0,823,29949,7262435,2,20712,12,19858,-1,1,0,0,0,0,35102,2247466
2021-06-30,"Western Australia","WA",4,1028,0,9,15302,1322731,4,1028,1,1011,0,0,0,0,0,0,13647,705080
2021-07-01,"Australian Capital Territory","ACT",0,124,0,3,1645,239683,0,124,0,121,0,0,0,0,0,0,2790,163259
2021-07-01,"New South Wales","NSW",28,5854,0,55,59941,6984429,28,5854,0,2802,5,14,1,2,0,0,48463,2259743
2021-07-01,"Northern Territory","NT",1,185,0,0,3069,247379,1,185,2,176,-1,9,0,0,0,0,2839,93768
2021-07-01,"Queensland","QLD",4,1700,0,7,29990,2917551,4,1700,0,1635,0,42,1,1,0,0,38764,1499468
2021-07-01,"South Australia","SA",0,807,0,4,11766,1559322,0,807,4,789,0,0,0,0,0,0,11609,561890
2021-07-01,"Tasmania","TAS",0,234,0,13,1624,259422,0,234,0,221,0,0,0,0,0,0,3593,222969
2021-07-01,"Victoria","VIC",-1,20711,0,823,29149,7291584,-1,20711,2,19860,1,2,0,0,0,0,38628,2286094
2021-07-01,"Western Australia","WA",0,1028,0,9,18588,1341319,0,1028,0,1011,0,0,0,0,0,0,14704,719784
2021-07-02,"Australian Capital Territory","ACT",0,124,0,3,1281,240964,0,124,0,121,0,0,0,0,0,0,2726,165985
2021-07-02,"New South Wales","NSW",32,5886,0,55,73601,7058030,32,5886,0,2802,3,17,1,3,0,0,52885,2312628
2021-07-02,"Northern Territory","NT",0,185,0,0,3502,250881,0,185,0,176,-1,8,0,0,0,0,2198,95966
2021-07-02,"Queensland","QLD",5,1705,0,7,26993,2944544,5,1705,0,1635,4,46,0,1,0,0,38563,1538031
2021-07-02,"South Australia","SA",2,809,0,4,13123,1572445,2,809,0,789,0,0,0,0,0,0,12472,574362
2021-07-02,"Tasmania","TAS",0,234,0,13,1635,261057,0,234,0,221,0,0,0,0,0,0,3444,226413
2021-07-02,"Victoria","VIC",2,20713,0,823,24726,7316310,2,20713,1,19861,0,2,0,0,0,0,37463,2323557
2021-07-02,"Western Australia","WA",1,1029,0,9,17923,1359242,1,1029,0,1011,0,0,0,0,0,0,13427,733211
2021-07-03,"Australian Capital Territory","ACT",0,124,0,3,1142,242106,0,124,0,121,0,0,0,0,0,0,2798,168783
2021-07-03,"New South Wales","NSW",40,5926,0,55,56331,7114361,40,5926,0,2802,-7,10,2,5,0,0,49483,2362111
2021-07-03,"Northern Territory","NT",0,185,0,0,4009,254890,0,185,0,176,0,8,0,0,0,0,1915,97881
2021-07-03,"Queensland","QLD",8,1713,0,7,25145,2969689,8,1713,0,1635,1,47,0,1,0,0,31831,1569862
2021-07-03,"South Australia","SA",1,810,0,4,11862,1584307,1,810,0,789,0,0,0,0,0,0,11125,585487
2021-07-03,"Tasmania","TAS",0,234,0,13,1197,262254,0,234,0,221,0,0,0,0,0,0,3389,229802
2021-07-03,"Victoria","VIC",0,20713,0,823,24247,7340557,0,20713,2,19863,-1,1,0,0,0,0,36854,2360411
2021-07-03,"Western Australia","WA",0,1029,0,9,8925,1368167,0,1029,0,1011,0,0,0,0,0,0,14101,747312
2021-07-04,"Australian Capital Territory","ACT",0,124,0,3,647,242753,0,124,0,121,0,0,0,0,0,0,2208,170991
2021-07-04,"New South Wales","NSW",16,5942,0,55,45331,7159692,16,5942,0,2802,10,20,0,5,0,0,26294,2388405
2021-07-04,"Northern Territory","NT",0,185,0,0,6375,261265,0,185,0,176,0,8,0,0,0,0,166,98047
2021-07-04,"Queensland","QLD",3,1716,0,7,14000,2983689,3,1716,6,1641,-1,46,0,1,0,0,14301,1584163
2021-07-04,"South Australia","SA",2,812,0,4,11335,1595642,2,812,2,791,0,0,0,0,0,0,5912,591399
2021-07-04,"Tasmania","TAS",0,234,0,13,714,262968,0,234,0,221,0,0,0,0,0,0,3037,232839
2021-07-04,"Victoria","VIC",1,20714,0,823,20441,7360998,1,20714,8,19871,0,1,1,1,0,0,19384,2379795
2021-07-04,"Western Australia","WA",1,1030,0,9,6190,1374357,1,1030,0,1011,0,0,0,0,0,0,8416,755728
2021-07-05,"Australian Capital Territory","ACT",0,124,0,3,787,243540,0,124,0,121,0,0,0,0,0,0,2122,173113
2021-07-05,"New South Wales","NSW",37,5979,0,55,58373,7218065,37,5979,0,2802,4,24,-1,4,0,0,17447,2405852
2021-07-05,"Northern Territory","NT",0,185,0,0,1474,262739,0,185,0,176,0,8,0,0,0,0,1046,99093
2021-07-05,"Queensland","QLD",6,1722,0,7,13588,2997277,6,1722,0,1641,1,47,0,1,0,0,6439,1590602
2021-07-05,"South Australia","SA",1,813,0,4,9495,1605137,1,813,2,793,0,0,0,0,0,0,4323,595722
2021-07-05,"Tasmania","TAS",0,234,0,13,649,263617,0,234,0,221,0,0,0,0,0,0,1621,234460
2021-07-05,"Victoria","VIC",2,20716,0,823,20690,7381688,2,20716,2,19873,1,2,1,2,0,0,14443,2394238
2021-07-05,"Western Australia","WA",0,1030,0,9,12002,1386359,0,1030,0,1011,0,0,0,0,0,0,6665,762393
2021-07-06,"Australian Capital Territory","ACT",0,124,0,3,1195,244735,0,124,0,121,0,0,0,0,0,0,2670,175783
2021-07-06,"New South Wales","NSW",18,5997,0,55,32321,7250386,18,5997,0,2802,2,26,2,6,2,2,47708,2453560
2021-07-06,"Northern Territory","NT",0,185,0,0,0,262739,0,185,0,176,0,8,0,0,0,0,2032,101125
2021-07-06,"Queensland","QLD",6,1728,0,7,22218,3019495,6,1728,0,1641,0,47,0,1,0,0,27362,1617964
2021-07-06,"South Australia","SA",0,813,0,4,7795,1612932,0,813,0,793,0,0,0,0,0,0,10053,605775
2021-07-06,"Tasmania","TAS",0,234,0,13,915,264532,0,234,0,221,0,0,0,0,0,0,3522,237982
2021-07-06,"Victoria","VIC",2,20718,0,823,22149,7403837,2,20718,0,19873,0,2,0,2,0,0,41403,2435641
2021-07-06,"Western Australia","WA",3,1033,0,9,7031,1393390,3,1033,1,1012,0,0,0,0,0,0,11968,774361
2021-07-07,"Australian Capital Territory","ACT",0,124,0,3,1303,246038,0,124,0,121,0,0,0,0,0,0,2892,178675
2021-07-07,"New South Wales","NSW",28,6025,0,55,45000,7295386,28,6025,0,2802,11,37,1,7,0,2,51994,2505554
2021-07-07,"Northern Territory","NT",0,185,0,0,673,263412,0,185,0,176,0,8,0,0,0,0,2472,103597
2021-07-07,"Queensland","QLD",1,1729,0,7,-14000,3005495,1,1729,0,1641,2,49,0,1,0,0,33780,1651744
2021-07-07,"South Australia","SA",0,813,0,4,10289,1623221,0,813,0,793,1,1,0,0,0,0,11479,617254
2021-07-07,"Tasmania","TAS",0,234,0,13,1335,265867,0,234,0,221,0,0,0,0,0,0,3927,241909
2021-07-07,"Victoria","VIC",0,20718,0,823,27498,7431335,0,20718,1,19874,0,2,0,2,0,0,44194,2479835
2021-07-07,"Western Australia","WA",0,1033,0,9,5727,1399117,0,1033,0,1012,0,0,0,0,0,0,14737,789098
2021-07-08,"Australian Capital Territory","ACT",0,124,0,3,867,246905,0,124,0,121,0,0,0,0,0,0,2359,181034
2021-07-08,"New South Wales","NSW",39,6064,0,55,39733,7335119,39,6064,0,2802,3,40,4,11,1,3,50650,2556204
2021-07-08,"Northern Territory","NT",3,188,0,0,1248,264660,3,188,1,177,1,9,0,0,0,0,2559,106156
2021-07-08,"Queensland","QLD",3,1732,0,7,14936,3020431,3,1732,0,1641,0,49,0,1,0,0,36162,1687906
2021-07-08,"South Australia","SA",1,814,0,4,7066,1630287,1,814,0,793,0,1,0,0,0,0,6266,623520
2021-07-08,"Tasmania","TAS",0,234,0,13,1144,267011,0,234,0,221,0,0,0,0,0,0,2942,244851
2021-07-08,"Victoria","VIC",0,20718,0,823,27420,7458755,0,20718,3,19877,1,3,0,2,0,0,24104,2503939
2021-07-08,"Western Australia","WA",0,1033,0,9,10848,1409965,0,1033,1,1013,1,1,1,1,0,0,14091,803189
2021-07-09,"Australian Capital Territory","ACT",0,124,0,3,883,247788,0,124,0,121,0,0,0,0,0,0,3070,184104
2021-07-09,"New South Wales","NSW",45,6109,0,55,42152,7377271,45,6109,0,2802,3,43,-1,10,1,4,55953,2612157
2021-07-09,"Northern Territory","NT",0,188,0,0,2371,267031,0,188,0,177,2,11,0,0,0,0,2331,108487
2021-07-09,"Queensland","QLD",0,1732,0,7,14543,3034974,0,1732,0,1641,-4,45,0,1,0,0,34391,1722297
2021-07-09,"South Australia","SA",2,816,0,4,6749,1637036,2,816,1,794,0,1,0,0,0,0,16738,640258
2021-07-09,"Tasmania","TAS",0,234,0,13,924,267935,0,234,0,221,0,0,0,0,0,0,3858,248709
2021-07-09,"Victoria","VIC",1,20719,0,823,25590,7484345,1,20719,1,19878,0,3,-2,0,0,0,34287,2538226
2021-07-09,"Western Australia","WA",0,1033,0,9,4891,1414856,0,1033,0,1013,0,1,0,1,0,0,14145,817334
2021-07-10,"Australian Capital Territory","ACT",0,124,0,3,565,248353,0,124,0,121,0,0,0,0,0,0,2551,186655
2021-07-10,"New South Wales","NSW",52,6161,0,55,42023,7419294,52,6161,0,2802,4,47,6,16,0,4,51003,2663160
2021-07-10,"Northern Territory","NT",0,188,0,0,1256,268287,0,188,0,177,-1,10,0,0,0,0,1301,109788
2021-07-10,"Queensland","QLD",5,1737,0,7,14054,3049028,5,1737,0,1641,4,49,0,1,0,0,29691,1751988
2021-07-10,"South Australia","SA",2,818,0,4,5804,1642840,2,818,1,795,1,2,0,0,0,0,9836,650094
2021-07-10,"Tasmania","TAS",0,234,0,13,984,268919,0,234,0,221,0,0,0,0,0,0,2550,251259
2021-07-10,"Victoria","VIC",3,20722,0,823,23265,7507610,3,20722,1,19879,0,3,0,0,0,0,31392,2569618
2021-07-10,"Western Australia","WA",0,1033,0,9,5672,1420528,0,1033,1,1014,0,1,0,1,0,0,12651,829985
2021-07-11,"Australian Capital Territory","ACT",0,124,0,3,452,248805,0,124,0,121,0,0,0,0,0,0,2455,189110
2021-07-11,"New South Wales","NSW",82,6243,1,56,48754,7468048,82,6243,0,2802,5,52,-1,15,1,5,29063,2692223
2021-07-11,"Northern Territory","NT",0,188,0,0,1023,269310,0,188,0,177,-2,8,0,0,0,0,624,110412
2021-07-11,"Queensland","QLD",1,1738,0,7,7175,3056203,1,1738,0,1641,-3,46,0,1,0,0,14229,1766217
2021-07-11,"South Australia","SA",1,819,0,4,6892,1649732,1,819,1,796,0,2,0,0,0,0,6352,656446
2021-07-11,"Tasmania","TAS",0,234,0,13,563,269482,0,234,0,221,0,0,0,0,0,0,2692,253951
2021-07-11,"Victoria","VIC",0,20722,0,823,23302,7530912,0,20722,3,19882,0,3,0,0,0,0,20710,2590328
2021-07-11,"Western Australia","WA",2,1035,0,9,3894,1424422,2,1035,0,1014,1,2,0,1,0,0,9297,839282
2021-07-12,"Australian Capital Territory","ACT",0,124,0,3,578,249383,0,124,0,121,0,0,0,0,0,0,1896,191006
2021-07-12,"New South Wales","NSW",116,6359,0,56,46478,7514526,116,6359,0,2802,11,63,3,18,-1,4,15925,2708148
2021-07-12,"Northern Territory","NT",1,189,0,0,1453,270763,1,189,0,177,1,9,0,0,0,0,2,110414
2021-07-12,"Queensland","QLD",1,1739,0,7,49627,3105830,1,1739,0,1641,1,47,0,1,0,0,6613,1772830
2021-07-12,"South Australia","SA",2,821,0,4,5338,1655070,2,821,1,797,0,2,0,0,0,0,4089,660535
2021-07-12,"Tasmania","TAS",0,234,0,13,1107,270589,0,234,0,221,0,0,0,0,0,0,2138,256089
2021-07-12,"Victoria","VIC",2,20724,0,823,19239,7550151,2,20724,3,19885,0,3,0,0,0,0,14792,2605120
2021-07-12,"Western Australia","WA",1,1036,0,9,6313,1430735,1,1036,1,1015,0,2,0,1,0,0,6393,845675
2021-07-13,"Australian Capital Territory","ACT",0,124,0,3,1357,250740,0,124,0,121,0,0,0,0,0,0,3024,194030
2021-07-13,"New South Wales","NSW",93,6452,1,57,49055,7563581,93,6452,0,2802,2,65,3,21,0,4,54998,2763146
2021-07-13,"Northern Territory","NT",0,189,0,0,1096,271859,0,189,0,177,0,9,0,0,0,0,2577,112991
2021-07-13,"Queensland","QLD",3,1742,0,7,12674,3118504,3,1742,0,1641,-2,45,0,1,0,0,28065,1800895
2021-07-13,"South Australia","SA",0,821,0,4,6501,1661571,0,821,1,798,0,2,0,0,0,0,10121,670656
2021-07-13,"Tasmania","TAS",0,234,0,13,1313,271902,0,234,0,221,0,0,0,0,0,0,3499,259588
2021-07-13,"Victoria","VIC",1,20725,0,823,25081,7575232,1,20725,0,19885,-1,2,0,0,0,0,40041,2645161
2021-07-13,"Western Australia","WA",0,1036,0,9,5123,1435858,0,1036,3,1018,0,2,0,1,0,0,11884,857559
2021-07-14,"Australian Capital Territory","ACT",0,124,0,3,1215,251955,0,124,0,121,0,0,0,0,0,0,2986,197016
2021-07-14,"New South Wales","NSW",99,6551,0,57,65322,7628903,99,6551,0,2802,6,71,-1,20,0,4,63455,2826601
2021-07-14,"Northern Territory","NT",0,189,0,0,1650,273509,0,189,3,180,-2,7,0,0,0,0,2177,115168
2021-07-14,"Queensland","QLD",5,1747,0,7,12799,3131303,5,1747,0,1641,2,47,0,1,0,0,34669,1835564
2021-07-14,"South Australia","SA",2,823,0,4,8025,1669596,2,823,1,799,0,2,0,0,0,0,11497,682153
2021-07-14,"Tasmania","TAS",0,234,0,13,1292,273194,0,234,0,221,0,0,0,0,0,0,3149,262737
2021-07-14,"Victoria","VIC",1,20726,0,823,33037,7608269,1,20726,2,19887,-1,1,0,0,0,0,32415,2677576
2021-07-14,"Western Australia","WA",0,1036,0,9,4949,1440807,0,1036,0,1018,0,2,0,1,0,0,14771,872330
2021-07-15,"Australian Capital Territory","ACT",0,124,0,3,1087,253042,0,124,0,121,0,0,0,0,0,0,2637,199653
2021-07-15,"New South Wales","NSW",67,6618,0,57,58299,7687202,67,6618,0,2802,2,73,-1,19,1,5,58508,2885109
2021-07-15,"Northern Territory","NT",1,190,0,0,1753,275262,1,190,0,180,0,7,0,0,0,0,2387,117555
2021-07-15,"Queensland","QLD",5,1752,0,7,12350,3143653,5,1752,0,1641,3,50,1,2,0,0,33435,1868999
2021-07-15,"South Australia","SA",2,825,0,4,7974,1677570,2,825,6,805,-2,0,0,0,0,0,12310,694463
2021-07-15,"Tasmania","TAS",0,234,0,13,1044,274238,0,234,0,221,0,0,0,0,0,0,3171,265908
2021-07-15,"Victoria","VIC",11,20737,0,823,25450,7633719,11,20737,4,19891,0,1,0,0,0,0,35575,2713151
2021-07-15,"Western Australia","WA",0,1036,0,9,3500,1444307,0,1036,2,1020,0,2,0,1,0,0,14639,886969
2021-07-16,"Australian Capital Territory","ACT",0,124,0,3,1084,254126,0,124,0,121,0,0,0,0,0,0,2820,202473
2021-07-16,"New South Wales","NSW",98,6716,0,57,77587,7764789,98,6716,0,2802,2,75,-1,18,0,5,66701,2951810
2021-07-16,"Northern Territory","NT",1,191,0,0,1125,276387,1,191,3,183,1,8,0,0,0,0,2676,120231
2021-07-16,"Queensland","QLD",1,1753,0,7,13296,3156949,1,1753,0,1641,-2,48,0,2,0,0,35851,1904850
2021-07-16,"South Australia","SA",6,831,0,4,7992,1685562,6,831,6,811,0,0,0,0,0,0,11459,705922
2021-07-16,"Tasmania","TAS",0,234,0,13,555,274793,0,234,0,221,0,0,0,0,0,0,3614,269522
2021-07-16,"Victoria","VIC",10,20747,0,823,33129,7666848,10,20747,1,19892,-1,0,0,0,0,0,37590,2750741
2021-07-16,"Western Australia","WA",0,1036,0,9,5601,1449908,0,1036,1,1021,-1,1,0,1,0,0,14291,901260
2021-07-17,"Australian Capital Territory","ACT",0,124,0,3,1034,255160,0,124,0,121,0,0,0,0,0,0,2756,205229
2021-07-17,"New South Wales","NSW",117,6833,1,58,81970,7846759,117,6833,0,2802,0,75,0,18,1,6,62644,3014454
2021-07-17,"Northern Territory","NT",0,191,0,0,1177,277564,0,191,0,183,0,8,0,0,0,0,1958,122189
2021-07-17,"Queensland","QLD",1,1754,0,7,14755,3171704,1,1754,0,1641,-9,39,0,2,0,0,28917,1933767
2021-07-17,"South Australia","SA",0,831,0,4,9461,1695023,0,831,2,813,0,0,0,0,0,0,11333,717255
2021-07-17,"Tasmania","TAS",0,234,0,13,1869,276662,0,234,0,221,0,0,0,0,0,0,3478,273000
2021-07-17,"Victoria","VIC",20,20767,0,823,47657,7714505,20,20767,1,19893,0,0,0,0,0,0,39228,2789969
2021-07-17,"Western Australia","WA",1,1037,0,9,0,1449908,1,1037,0,1021,0,1,0,1,0,0,13623,914883
2021-07-18,"Australian Capital Territory","ACT",0,124,0,3,592,255752,0,124,0,121,0,0,0,0,0,0,2164,207393
2021-07-18,"New South Wales","NSW",109,6942,1,59,66671,7913430,109,6942,0,2802,1,76,0,18,1,7,36573,3051027
2021-07-18,"Northern Territory","NT",0,191,0,0,978,278542,0,191,0,183,0,8,0,0,0,0,155,122344
2021-07-18,"Queensland","QLD",0,1754,0,7,10507,3182211,0,1754,0,1641,0,39,0,2,0,0,14898,1948665
2021-07-18,"South Australia","SA",0,831,0,4,11355,1706378,0,831,1,814,0,0,0,0,0,0,6413,723668
2021-07-18,"Tasmania","TAS",0,234,0,13,522,277184,0,234,0,221,0,0,0,0,0,0,2697,275697
2021-07-18,"Victoria","VIC",18,20785,0,823,53232,7767737,18,20785,2,19895,0,0,0,0,0,0,24857,2814826
2021-07-18,"Western Australia","WA",0,1037,0,9,0,1449908,0,1037,0,1021,0,1,0,1,0,0,8943,923826
2021-07-19,"Australian Capital Territory","ACT",0,124,0,3,983,256735,0,124,0,121,0,0,0,0,0,0,1370,208763
2021-07-19,"New South Wales","NSW",100,7042,1,60,75845,7989275,100,7042,0,2802,6,82,6,24,0,7,20464,3071491
2021-07-19,"Northern Territory","NT",0,191,0,0,1142,279684,0,191,0,183,-1,7,0,0,0,0,394,122738
2021-07-19,"Queensland","QLD",2,1756,0,7,7393,3189604,2,1756,0,1641,-3,36,0,2,0,0,5536,1954201
2021-07-19,"South Australia","SA",4,835,0,4,7164,1713542,4,835,1,815,1,1,0,0,0,0,5048,728716
2021-07-19,"Tasmania","TAS",0,234,0,13,1585,278769,0,234,0,221,0,0,0,0,0,0,1593,277290
2021-07-19,"Victoria","VIC",13,20798,0,823,54839,7822576,13,20798,2,19897,1,1,0,0,0,0,16744,2831570
2021-07-19,"Western Australia","WA",1,1038,0,9,12645,1462553,1,1038,1,1022,0,1,0,1,0,0,6938,930764
2021-07-20,"Australian Capital Territory","ACT",0,124,0,3,931,257666,0,124,0,121,0,0,0,0,0,0,3712,212475
2021-07-20,"New South Wales","NSW",79,7121,0,60,62860,8052135,79,7121,0,2802,13,95,3,27,4,11,65041,3136532
2021-07-20,"Northern Territory","NT",0,191,0,0,1971,281655,0,191,2,185,-1,6,0,0,0,0,2003,124741
2021-07-20,"Queensland","QLD",5,1761,0,7,9311,3198915,5,1761,0,1641,0,36,0,2,0,0,25763,1979964
2021-07-20,"South Australia","SA",3,838,0,4,7607,1721149,3,838,1,816,0,1,0,0,0,0,9931,738647
2021-07-20,"Tasmania","TAS",0,234,0,13,1250,280019,0,234,0,221,0,0,0,0,0,0,4360,281650
2021-07-20,"Victoria","VIC",16,20814,0,823,49454,7872030,16,20814,1,19898,2,3,0,0,0,0,45529,2877099
2021-07-20,"Western Australia","WA",8,1046,0,9,3992,1466545,8,1046,0,1022,0,1,0,1,0,0,13572,944336
2021-07-21,"Australian Capital Territory","ACT",0,124,0,3,1327,258993,0,124,0,121,0,0,0,0,0,0,2941,215416
2021-07-21,"New South Wales","NSW",112,7233,0,60,83477,8135612,112,7233,0,2802,11,106,-4,23,0,11,66851,3203383
2021-07-21,"Northern Territory","NT",0,191,0,0,1406,283061,0,191,0,185,0,6,0,0,0,0,2591,127332
2021-07-21,"Queensland","QLD",1,1762,0,7,12876,3211791,1,1762,60,1701,0,36,0,2,0,0,33205,2013169
2021-07-21,"South Australia","SA",8,846,0,4,12899,1734048,8,846,6,822,0,1,0,0,0,0,12649,751296
2021-07-21,"Tasmania","TAS",0,234,0,13,1717,281736,0,234,0,221,0,0,0,0,0,0,3407,285057
2021-07-21,"Victoria","VIC",23,20837,0,823,59355,7931385,23,20837,1,19899,2,5,0,0,0,0,37251,2914350
2021-07-21,"Western Australia","WA",2,1048,0,9,7123,1473668,2,1048,1,1023,0,1,0,1,0,0,15694,960030
2021-07-22,"Australian Capital Territory","ACT",0,124,0,3,951,259944,0,124,0,121,0,0,0,0,0,0,3556,218972
2021-07-22,"New South Wales","NSW",124,7357,0,60,85185,8220797,124,7357,0,2802,12,118,5,28,3,14,64905,3268288
2021-07-22,"Northern Territory","NT",0,191,0,0,1296,284357,0,191,1,186,-1,5,0,0,0,0,2312,129644
2021-07-22,"Queensland","QLD",-1,1761,0,7,16675,3228466,-1,1761,0,1701,-11,25,-1,1,0,0,32136,2045305
2021-07-22,"South Australia","SA",3,849,0,4,17592,1751640,3,849,0,822,0,1,0,0,0,0,14283,765579
2021-07-22,"Tasmania","TAS",0,234,0,13,1980,283716,0,234,0,221,0,0,0,0,0,0,3488,288545
2021-07-22,"Victoria","VIC",28,20865,0,823,43674,7975059,28,20865,0,19899,0,5,1,1,0,0,46459,2960809
2021-07-22,"Western Australia","WA",0,1048,0,9,7079,1480747,0,1048,1,1024,0,1,0,1,0,0,17391,977421
2021-07-23,"Australian Capital Territory","ACT",0,124,0,3,1146,261090,0,124,0,121,0,0,0,0,0,0,3631,222603
2021-07-23,"New South Wales","NSW",135,7492,1,61,86620,8307417,135,7492,0,2802,19,137,4,32,0,14,75652,3343940
2021-07-23,"Northern Territory","NT",0,191,0,0,1354,285711,0,191,2,188,-2,3,0,0,0,0,2071,131715
2021-07-23,"Queensland","QLD",2,1763,0,7,17367,3245833,2,1763,0,1701,0,25,0,1,0,0,33367,2078672
2021-07-23,"South Australia","SA",2,851,0,4,23572,1775212,2,851,0,822,0,1,0,0,0,0,13480,779059
2021-07-23,"Tasmania","TAS",0,234,0,13,1510,285226,0,234,0,221,0,0,0,0,0,0,4071,292616
2021-07-23,"Victoria","VIC",14,20879,0,823,43542,8018601,14,20879,2,19901,2,7,1,2,0,0,47503,3008312
2021-07-23,"Western Australia","WA",0,1048,0,9,3894,1484641,0,1048,1,1025,0,1,0,1,0,0,16655,994076
2021-07-24,"Australian Capital Territory","ACT",0,124,0,3,918,262008,0,124,0,121,0,0,0,0,0,0,3521,226124
2021-07-24,"New South Wales","NSW",159,7651,0,61,93910,8401327,159,7651,0,2802,2,139,5,37,3,17,70192,3414132
2021-07-24,"Northern Territory","NT",1,192,0,0,1213,286924,1,192,0,188,1,4,0,0,0,0,544,132259
2021-07-24,"Queensland","QLD",0,1763,0,7,14382,3260215,0,1763,6,1707,-4,21,0,1,0,0,31091,2109763
2021-07-24,"South Australia","SA",1,852,0,4,23410,1798622,1,852,0,822,1,2,0,0,0,0,13045,792104
2021-07-24,"Tasmania","TAS",0,234,0,13,1312,286538,0,234,0,221,0,0,0,0,0,0,3981,296597
2021-07-24,"Victoria","VIC",12,20891,0,823,39846,8058447,12,20891,1,19902,1,8,1,3,0,0,44179,3052491
2021-07-24,"Western Australia","WA",0,1048,0,9,0,1484641,0,1048,5,1030,-1,0,-1,0,0,0,15289,1009365
2021-07-25,"Australian Capital Territory","ACT",0,124,0,3,664,262672,0,124,0,121,0,0,0,0,0,0,3102,229226
2021-07-25,"New South Wales","NSW",141,7792,0,61,102233,8503560,141,7792,0,2802,2,141,6,43,1,18,40700,3454832
2021-07-25,"Northern Territory","NT",0,192,0,0,833,287757,0,192,0,188,0,4,0,0,0,0,886,133145
2021-07-25,"Queensland","QLD",7,1770,0,7,12763,3272978,7,1770,8,1715,5,26,0,1,0,0,14448,2124211
2021-07-25,"South Australia","SA",3,855,0,4,23719,1822341,3,855,0,822,0,2,0,0,0,0,7561,799665
2021-07-25,"Tasmania","TAS",0,234,0,13,531,287069,0,234,0,221,0,0,0,0,0,0,2632,299229
2021-07-25,"Victoria","VIC",11,20902,0,823,32385,8090832,11,20902,1,19903,-1,7,-1,2,0,0,28442,3080933
2021-07-25,"Western Australia","WA",0,1048,0,9,0,1484641,0,1048,0,1030,0,0,0,0,0,0,9905,1019270
2021-07-26,"Australian Capital Territory","ACT",0,124,0,3,785,263457,0,124,0,121,0,0,0,0,0,0,2228,231454
2021-07-26,"New South Wales","NSW",150,7942,2,63,98158,8601718,150,7942,0,2802,14,155,1,44,0,18,23449,3478281
2021-07-26,"Northern Territory","NT",0,192,0,0,1110,288867,0,192,1,189,-1,3,0,0,0,0,360,133505
2021-07-26,"Queensland","QLD",0,1770,0,7,10811,3283789,0,1770,0,1715,0,26,0,1,0,0,6886,2131097
2021-07-26,"South Australia","SA",2,857,0,4,17260,1839601,2,857,5,827,0,2,0,0,0,0,5368,805033
2021-07-26,"Tasmania","TAS",0,234,0,13,977,288046,0,234,0,221,0,0,0,0,0,0,2242,301471
2021-07-26,"Victoria","VIC",12,20914,0,823,25404,8116236,12,20914,1,19904,-2,5,0,2,0,0,21528,3102461
2021-07-26,"Western Australia","WA",0,1048,0,9,11310,1495951,0,1048,0,1030,0,0,0,0,0,0,8875,1028145
2021-07-27,"Australian Capital Territory","ACT",0,124,0,3,1021,264478,0,124,0,121,0,0,0,0,0,0,4335,235789
2021-07-27,"New South Wales","NSW",175,8117,2,65,84466,8686184,175,8117,0,2802,14,169,2,46,1,19,71396,3549677
2021-07-27,"Northern Territory","NT",0,192,0,0,2270,291137,0,192,1,190,-1,2,0,0,0,0,2069,135574
2021-07-27,"Queensland","QLD",0,1770,0,7,13081,3296870,0,1770,0,1715,-1,25,0,1,0,0,27187,2158284
2021-07-27,"South Australia","SA",0,857,0,4,15750,1855351,0,857,1,828,0,2,0,0,0,0,11896,816929
2021-07-27,"Tasmania","TAS",0,234,0,13,834,288880,0,234,0,221,0,0,0,0,0,0,3646,305117
2021-07-27,"Victoria","VIC",10,20924,0,823,24340,8140576,10,20924,2,19906,2,7,0,2,0,0,48341,3150802
2021-07-27,"Western Australia","WA",2,1050,0,9,4683,1500634,2,1050,0,1030,2,2,0,0,0,0,16467,1044612
2021-07-28,"Australian Capital Territory","ACT",0,124,0,3,1732,266210,0,124,0,121,0,0,0,0,0,0,3822,239611
2021-07-28,"New South Wales","NSW",177,8294,1,66,94552,8780736,177,8294,0,2802,-5,164,10,56,3,22,76927,3626604
2021-07-28,"Northern Territory","NT",0,192,0,0,1374,292511,0,192,0,190,0,2,0,0,0,0,2172,137746
2021-07-28,"Queensland","QLD",20,1790,0,7,17816,3314686,20,1790,2,1717,-2,23,0,1,0,0,34175,2192459
2021-07-28,"South Australia","SA",0,857,0,4,16057,1871408,0,857,0,828,0,2,0,0,0,0,13976,830905
2021-07-28,"Tasmania","TAS",0,234,0,13,1413,290293,0,234,0,221,0,0,0,0,0,0,4291,309408
2021-07-28,"Victoria","VIC",8,20932,0,823,35862,8176438,8,20932,1,19907,0,7,0,2,0,0,43123,3193925
2021-07-28,"Western Australia","WA",1,1051,0,9,450,1501084,1,1051,2,1032,1,3,1,1,0,0,18496,1063108
2021-07-29,"Australian Capital Territory","ACT",0,124,0,3,1067,267277,0,124,0,121,0,0,0,0,0,0,3668,243279
2021-07-29,"New South Wales","NSW",237,8531,2,68,110962,8891698,237,8531,0,2802,18,182,-2,54,0,22,79319,3705923
2021-07-29,"Northern Territory","NT",5,197,0,0,1683,294194,5,197,0,190,5,7,0,0,0,0,2631,140377
2021-07-29,"Queensland","QLD",1,1791,0,7,25362,3340048,1,1791,0,1717,19,42,0,1,0,0,34736,2227195
2021-07-29,"South Australia","SA",2,859,0,4,17436,1888844,2,859,0,828,0,2,0,0,0,0,13770,844675
2021-07-29,"Tasmania","TAS",0,234,0,13,1483,291776,0,234,0,221,0,0,0,0,0,0,3655,313063
2021-07-29,"Victoria","VIC",7,20939,0,823,42009,8218447,7,20939,7,19914,0,7,0,2,0,0,43603,3237528
2021-07-29,"Western Australia","WA",6,1057,0,9,4243,1505327,6,1057,0,1032,0,3,0,1,0,0,20088,1083196
2021-07-30,"Australian Capital Territory","ACT",0,124,0,3,1137,268414,0,124,0,121,0,0,0,0,0,0,3894,247173
2021-07-30,"New South Wales","NSW",172,8703,0,68,95446,8987144,172,8703,0,2802,5,187,4,58,2,24,83637,3789560
2021-07-30,"Northern Territory","NT",0,197,0,0,1410,295604,0,197,0,190,-1,6,0,0,0,0,2540,142917
2021-07-30,"Queensland","QLD",2,1793,0,7,16020,3356068,2,1793,3,1720,1,43,0,1,0,0,35785,2262980
2021-07-30,"South Australia","SA",0,859,0,4,13597,1902441,0,859,2,830,0,2,0,0,0,0,13931,858606
2021-07-30,"Tasmania","TAS",0,234,0,13,1201,292977,0,234,0,221,0,0,0,0,0,0,4625,317688
2021-07-30,"Victoria","VIC",3,20942,0,823,43542,8261989,3,20942,8,19922,-1,6,0,2,0,0,45938,3283466
2021-07-30,"Western Australia","WA",0,1057,0,9,3699,1509026,0,1057,1,1033,0,3,0,1,0,0,20392,1103588
2021-07-31,"Australian Capital Territory","ACT",0,124,0,3,902,269316,0,124,0,121,0,0,0,0,0,0,3728,250901
2021-07-31,"New South Wales","NSW",211,8914,1,69,105963,9093107,211,8914,0,2802,0,187,0,58,0,24,82220,3871780
2021-07-31,"Northern Territory","NT",2,199,0,0,1424,297028,2,199,0,190,0,6,0,0,0,0,2589,145506
2021-07-31,"Queensland","QLD",7,1800,0,7,12974,3369042,7,1800,0,1720,0,43,0,1,0,0,33697,2296677
2021-07-31,"South Australia","SA",0,859,0,4,13270,1915711,0,859,0,830,0,2,0,0,0,0,12676,871282
2021-07-31,"Tasmania","TAS",0,234,0,13,0,292977,0,234,0,221,0,0,0,0,0,0,2113,319801
2021-07-31,"Victoria","VIC",2,20944,0,823,32760,8294749,2,20944,22,19944,0,6,0,2,1,1,45280,3328746
2021-07-31,"Western Australia","WA",0,1057,0,9,0,1509026,0,1057,3,1036,0,3,0,1,0,0,18403,1121991
2021-08-01,"Australian Capital Territory","ACT",0,124,0,3,391,269707,0,124,0,121,0,0,0,0,0,0,3525,254426
2021-08-01,"New South Wales","NSW",239,9153,0,69,87712,9180819,239,9153,0,2802,35,222,-4,54,1,25,45761,3917541
2021-08-01,"Northern Territory","NT",0,199,0,0,1007,298035,0,199,1,191,0,6,0,0,0,0,613,146119
2021-08-01,"Queensland","QLD",9,1809,0,7,11468,3380510,9,1809,5,1725,10,53,0,1,0,0,13563,2310240
2021-08-01,"South Australia","SA",3,862,0,4,13100,1928811,3,862,0,830,2,4,0,0,0,0,6259,877541
2021-08-01,"Tasmania","TAS",0,234,0,13,1508,294485,0,234,0,221,0,0,0,0,0,0,1194,320995
2021-08-01,"Victoria","VIC",4,20948,0,823,25779,8320528,4,20948,23,19967,2,8,0,2,0,1,28288,3357034
2021-08-01,"Western Australia","WA",0,1057,0,9,0,1509026,0,1057,2,1038,-1,2,0,1,0,0,11770,1133761
2021-08-02,"Australian Capital Territory","ACT",0,124,0,3,1726,271433,0,124,0,121,0,0,0,0,0,0,2977,257403
2021-08-02,"New South Wales","NSW",207,9360,1,70,117009,9297828,207,9360,0,2802,6,228,0,54,0,25,25958,3943499
2021-08-02,"Northern Territory","NT",1,200,0,0,1320,299355,1,200,0,191,1,7,0,0,0,0,244,146363
2021-08-02,"Queensland","QLD",15,1824,0,7,21806,3402316,15,1824,2,1727,13,66,0,1,0,0,8141,2318381
2021-08-02,"South Australia","SA",1,863,0,4,10927,1939738,1,863,1,831,-1,3,0,0,0,0,4394,881935
2021-08-02,"Tasmania","TAS",0,234,0,13,577,295062,0,234,0,221,0,0,0,0,0,0,5488,326483
2021-08-02,"Victoria","VIC",2,20950,0,823,21417,8341945,2,20950,29,19996,0,8,1,3,0,1,19507,3376541
2021-08-02,"Western Australia","WA",1,1058,0,9,10152,1519178,1,1058,0,1038,0,2,0,1,0,0,9527,1143288
2021-08-03,"Australian Capital Territory","ACT",0,124,0,3,1243,272676,0,124,0,121,0,0,0,0,0,0,3691,261094
2021-08-03,"New South Wales","NSW",201,9561,0,70,104536,9402364,201,9561,0,2802,19,247,-1,53,-5,20,84623,4028122
2021-08-03,"Northern Territory","NT",0,200,0,0,879,300234,0,200,0,191,0,7,0,0,0,0,452,146815
2021-08-03,"Queensland","QLD",16,1840,0,7,34718,3437034,16,1840,0,1727,16,82,0,1,0,0,34704,2353085
2021-08-03,"South Australia","SA",0,863,0,4,10242,1949980,0,863,4,835,-1,2,0,0,0,0,12612,894547
2021-08-03,"Tasmania","TAS",0,234,0,13,1859,296921,0,234,0,221,0,0,0,0,0,0,3298,329781
2021-08-03,"Victoria","VIC",5,20955,0,823,22217,8364162,5,20955,5,20001,2,10,-1,2,0,1,45236,3421777
2021-08-03,"Western Australia","WA",0,1058,0,9,4919,1524097,0,1058,1,1039,0,2,0,1,0,0,15942,1159230
2021-08-04,"Australian Capital Territory","ACT",0,124,0,3,1085,273761,0,124,0,121,0,0,0,0,0,0,3787,264881
2021-08-04,"New South Wales","NSW",232,9793,2,72,107578,9509942,232,9793,0,2802,39,286,0,53,3,23,84545,4112667
2021-08-04,"Northern Territory","NT",0,200,0,0,1545,301779,0,200,0,191,0,7,0,0,0,0,2392,149207
2021-08-04,"Queensland","QLD",19,1859,0,7,51479,3488513,19,1859,0,1727,-23,59,0,1,0,0,44275,2397360
2021-08-04,"South Australia","SA",3,866,0,4,7163,1957143,3,866,6,841,0,2,0,0,0,0,13386,907933
2021-08-04,"Tasmania","TAS",0,234,0,13,1591,298512,0,234,0,221,0,0,0,0,0,0,4929,334710
2021-08-04,"Victoria","VIC",0,20955,0,823,30117,8394279,0,20955,35,20036,-1,9,0,2,0,1,41767,3463544
2021-08-04,"Western Australia","WA",1,1059,0,9,4619,1528716,1,1059,2,1041,0,2,0,1,0,0,18866,1178096
2021-08-05,"Australian Capital Territory","ACT",0,124,0,3,1060,274821,0,124,0,121,0,0,0,0,0,0,4050,268931
2021-08-05,"New South Wales","NSW",262,10055,5,77,106954,9616896,262,10055,0,2802,-1,285,-1,52,1,24,83620,4196287
2021-08-05,"Northern Territory","NT",0,200,0,0,1713,303492,0,200,0,191,0,7,0,0,0,0,3185,152392
2021-08-05,"Queensland","QLD",27,1886,0,7,52351,3540864,27,1886,0,1727,6,65,0,1,0,0,47485,2444845
2021-08-05,"South Australia","SA",0,866,0,4,5894,1963037,0,866,1,842,1,3,1,1,0,0,15134,923067
2021-08-05,"Tasmania","TAS",1,235,0,13,1541,300053,1,235,0,221,0,0,0,0,0,0,2789,337499
2021-08-05,"Victoria","VIC",7,20962,0,823,27279,8421558,7,20962,26,20062,-2,7,0,2,0,1,45939,3509483
2021-08-05,"Western Australia","WA",0,1059,0,9,5831,1534547,0,1059,0,1041,0,2,0,1,0,0,19657,1197753
2021-08-06,"Australian Capital Territory","ACT",0,124,0,3,1836,276657,0,124,0,121,0,0,0,0,0,0,3886,272817
2021-08-06,"New South Wales","NSW",286,10341,1,78,109547,9726443,286,10341,0,2802,19,304,-2,50,-2,22,93626,4289913
2021-08-06,"Northern Territory","NT",0,200,0,0,1883,305375,0,200,2,193,0,7,0,0,0,0,3192,155584
2021-08-06,"Queensland","QLD",10,1896,0,7,48028,3588892,10,1896,0,1727,0,65,0,1,0,0,49957,2494802
2021-08-06,"South Australia","SA",0,866,0,4,4755,1967792,0,866,8,850,0,3,0,1,0,0,13574,936641
2021-08-06,"Tasmania","TAS",0,235,0,13,1926,301979,0,235,0,221,0,0,0,0,0,0,5494,342993
2021-08-06,"Victoria","VIC",6,20968,0,823,29631,8451189,6,20968,11,20073,0,7,0,2,0,1,48738,3558221
2021-08-06,"Western Australia","WA",0,1059,0,9,10134,1544681,0,1059,0,1041,0,2,0,1,0,0,21572,1219325
2021-08-07,"Australian Capital Territory","ACT",0,124,0,3,1085,277742,0,124,0,121,0,0,0,0,0,0,4213,277030
2021-08-07,"New South Wales","NSW",315,10656,5,83,108449,9834892,315,10656,0,2802,34,338,6,56,1,23,89499,4379412
2021-08-07,"Northern Territory","NT",0,200,0,0,1761,307136,0,200,0,193,0,7,0,0,0,0,2201,157785
2021-08-07,"Queensland","QLD",13,1909,0,7,40835,3629727,13,1909,0,1727,5,70,0,1,0,0,46047,2540849
2021-08-07,"South Australia","SA",0,866,0,4,4859,1972651,0,866,5,855,0,3,0,1,0,0,13097,949738
2021-08-07,"Tasmania","TAS",0,235,0,13,1567,303546,0,235,1,222,0,0,0,0,0,0,1530,344523
2021-08-07,"Victoria","VIC",29,20997,0,823,43618,8494807,29,20997,7,20080,0,7,0,2,0,1,50115,3608336
2021-08-07,"Western Australia","WA",0,1059,0,9,0,1544681,0,1059,2,1043,-1,1,0,1,0,0,19357,1238682
2021-08-08,"Australian Capital Territory","ACT",0,124,0,3,811,278553,0,124,0,121,0,0,0,0,0,0,3027,280057
2021-08-08,"New South Wales","NSW",261,10917,1,84,95480,9930372,261,10917,0,2802,24,362,2,58,1,24,58317,4437729
2021-08-08,"Northern Territory","NT",0,200,0,0,1251,308387,0,200,0,193,0,7,0,0,0,0,1377,159162
2021-08-08,"Queensland","QLD",9,1918,0,7,26286,3656013,9,1918,9,1736,-6,64,0,1,0,0,22169,2563018
2021-08-08,"South Australia","SA",2,868,0,4,4903,1977554,2,868,0,855,-1,2,0,1,0,0,8327,958065
2021-08-08,"Tasmania","TAS",0,235,0,13,1210,304756,0,235,0,222,0,0,0,0,0,0,1385,345908
2021-08-08,"Victoria","VIC",13,21010,0,823,38179,8532986,13,21010,10,20090,-2,5,-1,1,0,1,32443,3640779
2021-08-08,"Western Australia","WA",0,1059,0,9,0,1544681,0,1059,0,1043,0,1,0,1,0,0,13180,1251862
2021-08-09,"Australian Capital Territory","ACT",0,124,0,3,680,279233,0,124,0,121,0,0,0,0,0,0,3578,283635
2021-08-09,"New South Wales","NSW",284,11201,0,84,133840,10064212,284,11201,0,2802,-13,349,9,67,5,29,25483,4463212
2021-08-09,"Northern Territory","NT",0,200,0,0,980,309367,0,200,0,193,0,7,0,0,0,0,287,159449
2021-08-09,"Queensland","QLD",5,1923,0,7,26394,3682407,5,1923,0,1736,-2,62,0,1,0,0,11022,2574040
2021-08-09,"South Australia","SA",0,868,0,4,3820,1981374,0,868,2,857,0,2,0,1,0,0,5514,963579
2021-08-09,"Tasmania","TAS",0,235,0,13,1514,306270,0,235,0,222,0,0,0,0,0,0,5999,351907
2021-08-09,"Victoria","VIC",11,21021,0,823,38987,8571973,11,21021,8,20098,0,5,0,1,0,1,25225,3666004
2021-08-09,"Western Australia","WA",0,1059,0,9,11959,1556640,0,1059,2,1045,0,1,0,1,0,0,9458,1261320
2021-08-10,"Australian Capital Territory","ACT",0,124,0,3,1556,280789,0,124,0,121,0,0,0,0,0,0,3813,287448
2021-08-10,"New South Wales","NSW",356,11557,4,88,95036,10159248,356,11557,0,2802,8,357,-7,60,-1,28,98244,4561456
2021-08-10,"Northern Territory","NT",0,200,0,0,1924,311291,0,200,0,193,0,7,0,0,0,0,2266,161715
2021-08-10,"Queensland","QLD",3,1926,0,7,20484,3702891,3,1926,5,1741,1,63,0,1,0,0,37938,2611978
2021-08-10,"South Australia","SA",0,868,0,4,4096,1985470,0,868,0,857,0,2,0,1,0,0,12795,976374
2021-08-10,"Tasmania","TAS",0,235,0,13,1466,307736,0,235,0,222,0,0,0,0,0,0,4363,356270
2021-08-10,"Victoria","VIC",20,21041,0,823,34892,8606865,20,21041,12,20110,-3,2,-1,0,-1,0,57536,3723540
2021-08-10,"Western Australia","WA",0,1059,0,9,0,1556640,0,1059,1,1046,0,1,0,1,0,0,17944,1279264
2021-08-11,"Australian Capital Territory","ACT",0,124,0,3,1395,282184,0,124,0,121,0,0,0,0,0,0,3936,291384
2021-08-11,"New South Wales","NSW",345,11902,2,90,119256,10278504,345,11902,0,2802,17,374,2,62,1,29,106592,4668048
2021-08-11,"Northern Territory","NT",0,200,0,0,2455,313746,0,200,4,197,-4,3,0,0,0,0,2503,164218
2021-08-11,"Queensland","QLD",3,1929,0,7,23099,3725990,3,1929,0,1741,-4,59,0,1,0,0,47451,2659429
2021-08-11,"South Australia","SA",0,868,0,4,6033,1991503,0,868,0,857,0,2,0,1,0,0,15262,991636
2021-08-11,"Tasmania","TAS",0,235,0,13,1686,309422,0,235,0,222,0,0,0,0,0,0,4695,360965
2021-08-11,"Victoria","VIC",15,21056,0,823,41571,8648436,15,21056,8,20118,-1,1,0,0,0,0,55469,3779009
2021-08-11,"Western Australia","WA",0,1059,0,9,11700,1568340,0,1059,0,1046,0,1,0,1,0,0,20056,1299320
2021-08-12,"Australian Capital Territory","ACT",1,125,0,3,1819,284003,1,125,0,121,0,0,0,0,0,0,4268,295652
2021-08-12,"New South Wales","NSW",343,12245,2,92,151830,10430334,343,12245,0,2802,0,374,0,62,0,29,105064,4773112
2021-08-12,"Northern Territory","NT",0,200,0,0,1679,315425,0,200,0,197,0,3,0,0,0,0,2910,167128
2021-08-12,"Queensland","QLD",11,1940,0,7,31774,3757764,11,1940,3,1744,-14,45,0,1,0,0,46691,2706120
2021-08-12,"South Australia","SA",0,868,0,4,4933,1996436,0,868,1,858,1,3,0,1,0,0,15399,1007035
2021-08-12,"Tasmania","TAS",0,235,0,13,1416,310838,0,235,0,222,0,0,0,0,0,0,4254,365219
2021-08-12,"Victoria","VIC",27,21083,0,823,45408,8693844,27,21083,8,20126,1,2,0,0,0,0,61606,3840615
2021-08-12,"Western Australia","WA",0,1059,0,9,4161,1572501,0,1059,0,1046,0,1,0,1,0,0,22122,1321442
2021-08-13,"Australian Capital Territory","ACT",5,130,0,3,982,284985,5,130,0,121,0,0,0,0,0,0,4200,299852
2021-08-13,"New South Wales","NSW",384,12629,2,94,127998,10558332,384,12629,0,2802,14,388,1,63,1,30,106331,4879443
2021-08-13,"Northern Territory","NT",0,200,0,0,2040,317465,0,200,1,198,-1,2,0,0,0,0,2708,169836
2021-08-13,"Queensland","QLD",8,1948,0,7,35503,3793267,8,1948,9,1753,-2,43,0,1,0,0,48815,2754935
2021-08-13,"South Australia","SA",0,868,0,4,5000,2001436,0,868,1,859,0,3,0,1,0,0,16182,1023217
2021-08-13,"Tasmania","TAS",0,235,0,13,1281,312119,0,235,0,222,0,0,0,0,0,0,5936,371155
2021-08-13,"Victoria","VIC",15,21098,0,823,40737,8734581,15,21098,4,20130,0,2,1,1,0,0,64266,3904881
2021-08-13,"Western Australia","WA",0,1059,0,9,4275,1576776,0,1059,0,1046,0,1,0,1,0,0,22460,1343902
2021-08-14,"Australian Capital Territory","ACT",1,131,0,3,2422,287407,1,131,0,121,0,0,0,0,0,0,4979,304831
2021-08-14,"New South Wales","NSW",467,13096,4,98,129342,10687674,467,13096,0,2802,-10,378,1,64,-1,29,105595,4985038
2021-08-14,"Northern Territory","NT",0,200,0,0,1890,319355,0,200,0,198,0,2,0,0,0,0,2626,172462
2021-08-14,"Queensland","QLD",7,1955,0,7,22774,3816041,7,1955,0,1753,-2,41,0,1,0,0,46421,2801356
2021-08-14,"South Australia","SA",0,868,0,4,4826,2006262,0,868,2,861,-1,2,0,1,0,0,14317,1037534
2021-08-14,"Tasmania","TAS",0,235,0,13,1329,313448,0,235,0,222,0,0,0,0,0,0,4267,375422
2021-08-14,"Victoria","VIC",21,21119,0,823,33675,8768256,21,21119,6,20136,1,3,0,1,0,0,65193,3970074
2021-08-14,"Western Australia","WA",0,1059,0,9,0,1576776,0,1059,1,1047,0,1,0,1,0,0,21404,1365306
2021-08-15,"Australian Capital Territory","ACT",2,133,0,3,4068,291475,2,133,0,121,0,0,0,0,0,0,4073,308904
2021-08-15,"New South Wales","NSW",407,13503,5,103,126790,10814464,407,13503,0,2802,1,379,-2,62,-5,24,65634,5050672
2021-08-15,"Northern Territory","NT",0,200,0,0,953,320308,0,200,0,198,0,2,0,0,0,0,387,172849
2021-08-15,"Queensland","QLD",0,1955,0,7,13341,3829382,0,1955,0,1753,-7,34,0,1,0,0,24804,2826160
2021-08-15,"South Australia","SA",0,868,0,4,4903,2011165,0,868,1,862,0,2,0,1,0,0,8070,1045604
2021-08-15,"Tasmania","TAS",0,235,0,13,744,314192,0,235,0,222,0,0,0,0,0,0,3317,378739
2021-08-15,"Victoria","VIC",25,21144,0,823,32286,8800542,25,21144,3,20139,1,4,0,1,0,0,42848,4012922
2021-08-15,"Western Australia","WA",0,1059,0,9,0,1576776,0,1059,0,1047,1,2,0,1,0,0,14043,1379349
2021-08-16,"Australian Capital Territory","ACT",19,152,0,3,7641,299116,19,152,0,121,0,0,0,0,0,0,47614,356518
2021-08-16,"New South Wales","NSW",475,13978,8,111,156495,10970959,475,13978,0,2802,13,392,2,64,4,28,119652,5170324
2021-08-16,"Northern Territory","NT",0,200,0,0,1507,321815,0,200,-1,197,1,3,0,0,0,0,5192,178041
2021-08-16,"Queensland","QLD",0,1955,0,7,9209,3838591,0,1955,9,1762,0,34,0,1,0,0,11598,2837758
2021-08-16,"South Australia","SA",0,868,0,4,3099,2014264,0,868,0,862,1,3,0,1,0,0,-5354,1040250
2021-08-16,"Tasmania","TAS",0,235,0,13,1222,315414,0,235,0,222,0,0,0,0,0,0,860,379599
2021-08-16,"Victoria","VIC",22,21166,0,823,29986,8830528,22,21166,2,20141,2,6,0,1,0,0,-30981,3981941
2021-08-16,"Western Australia","WA",2,1061,0,9,10124,1586900,2,1061,1,1048,-1,1,0,1,0,0,15146,1394495
2021-08-17,"Australian Capital Territory","ACT",17,169,0,3,5982,305098,17,169,0,121,0,0,0,0,0,0,9946,366464
2021-08-17,"New South Wales","NSW",438,14416,1,112,151767,11122726,438,14416,0,2802,54,446,5,69,0,28,106122,5276446
2021-08-17,"Northern Territory","NT",0,200,0,0,1996,323811,0,200,0,197,0,3,0,0,0,0,1846,179887
2021-08-17,"Queensland","QLD",2,1957,0,7,10837,3849428,2,1957,19,1781,-6,28,0,1,0,0,38375,2876133
2021-08-17,"South Australia","SA",0,868,0,4,5281,2019545,0,868,0,862,0,3,-1,0,0,0,14142,1054392
2021-08-17,"Tasmania","TAS",0,235,0,13,971,316385,0,235,0,222,0,0,0,0,0,0,4102,383701
2021-08-17,"Victoria","VIC",25,21191,0,823,31519,8862047,25,21191,3,20144,6,12,1,2,0,0,79810,4061751
2021-08-17,"Western Australia","WA",0,1061,0,9,4655,1591555,0,1061,1,1049,0,1,0,1,0,0,25122,1419617
2021-08-18,"Australian Capital Territory","ACT",22,191,0,3,7991,313089,22,191,0,121,0,0,0,0,0,0,8128,374592
2021-08-18,"New South Wales","NSW",627,15043,3,115,102749,11225475,627,15043,0,2802,14,460,8,77,-3,25,109550,5385996
2021-08-18,"Northern Territory","NT",0,200,0,0,2298,326109,0,200,0,197,0,3,0,0,0,0,2590,182477
2021-08-18,"Queensland","QLD",4,1961,0,7,15040,3864468,4,1961,8,1789,-3,25,0,1,0,0,45592,2921725
2021-08-18,"South Australia","SA",0,868,0,4,6355,2025900,0,868,1,863,0,3,0,0,0,0,15662,1070054
2021-08-18,"Tasmania","TAS",0,235,0,13,1351,317736,0,235,0,222,0,0,0,0,0,0,4782,388483
2021-08-18,"Victoria","VIC",23,21214,0,823,39832,8901879,23,21214,5,20149,0,12,0,2,0,0,63740,4125491
2021-08-18,"Western Australia","WA",1,1062,0,9,4509,1596064,1,1062,1,1050,0,1,0,1,0,0,23825,1443442
2021-08-19,"Australian Capital Territory","ACT",16,207,0,3,7023,320112,16,207,0,121,0,0,0,0,0,0,3525,378117
2021-08-19,"New South Wales","NSW",674,15717,1,116,119310,11344785,674,15717,0,2802,14,474,5,82,0,25,132439,5518435
2021-08-19,"Northern Territory","NT",0,200,0,0,2664,328773,0,200,2,199,-2,1,0,0,0,0,3430,185907
2021-08-19,"Queensland","QLD",0,1961,0,7,14336,3878804,0,1961,0,1789,-4,21,0,1,0,0,50117,2971842
2021-08-19,"South Australia","SA",1,869,0,4,5912,2031812,1,869,0,863,-1,2,0,0,0,0,17093,1087147
2021-08-19,"Tasmania","TAS",0,235,0,13,1740,319476,0,235,0,222,0,0,0,0,0,0,4669,393152
2021-08-19,"Victoria","VIC",57,21271,0,823,49607,8951486,57,21271,6,20155,4,16,1,3,0,0,68734,4194225
2021-08-19,"Western Australia","WA",0,1062,0,9,5585,1601649,0,1062,0,1050,-1,0,-1,0,0,0,29003,1472445
2021-08-20,"Australian Capital Territory","ACT",11,218,0,3,7403,327515,11,218,-1,120,1,1,0,0,0,0,10813,388930
2021-08-20,"New South Wales","NSW",636,16353,4,120,127590,11472375,636,16353,0,2802,0,474,2,84,2,27,120581,5639016
2021-08-20,"Northern Territory","NT",0,200,0,0,2514,331287,0,200,0,199,0,1,0,0,0,0,3378,189285
2021-08-20,"Queensland","QLD",1,1962,0,7,13856,3892660,1,1962,67,1856,-3,18,0,1,0,0,47215,3019057
2021-08-20,"South Australia","SA",0,869,0,4,6108,2037920,0,869,0,863,0,2,0,0,0,0,16366,1103513
2021-08-20,"Tasmania","TAS",0,235,0,13,1575,321051,0,235,0,222,0,0,0,0,0,0,5799,398951
2021-08-20,"Victoria","VIC",57,21328,0,823,48273,8999759,57,21328,4,20159,-1,15,3,6,1,1,70648,4264873
2021-08-20,"Western Australia","WA",1,1063,0,9,5344,1606993,1,1063,0,1050,0,0,0,0,0,0,28504,1500949
2021-08-21,"Australian Capital Territory","ACT",8,226,0,3,8332,335847,8,226,1,121,1,2,0,0,0,0,11355,400285
2021-08-21,"New South Wales","NSW",820,17173,3,123,124610,11596985,820,17173,0,2802,41,515,1,85,2,29,127264,5766280
2021-08-21,"Northern Territory","NT",0,200,0,0,1813,333100,0,200,0,199,0,1,0,0,0,0,2888,192173
2021-08-21,"Queensland","QLD",2,1964,0,7,11162,3903822,2,1964,11,1867,-1,17,-1,0,0,0,51286,3070343
2021-08-21,"South Australia","SA",0,869,0,4,5286,2043206,0,869,0,863,-1,1,1,1,0,0,16954,1120467
2021-08-21,"Tasmania","TAS",0,235,0,13,1072,322123,0,235,0,222,0,0,0,0,0,0,4511,403462
2021-08-21,"Victoria","VIC",61,21389,0,823,45670,9045429,61,21389,21,20180,3,18,2,8,1,2,70698,4335571
2021-08-21,"Western Australia","WA",0,1063,0,9,0,1606993,0,1063,0,1050,0,0,0,0,0,0,25568,1526517
2021-08-22,"Australian Capital Territory","ACT",19,245,0,3,6273,342120,19,245,0,121,0,2,0,0,0,0,2354,402639
2021-08-22,"New South Wales","NSW",822,17995,3,126,206193,11803178,822,17995,0,2802,39,554,10,95,2,31,79383,5845663
2021-08-22,"Northern Territory","NT",0,200,0,0,1791,334891,0,200,0,199,0,1,0,0,0,0,1381,193554
2021-08-22,"Queensland","QLD",0,1964,0,7,9918,3913740,0,1964,11,1878,1,18,0,0,0,0,30907,3101250
2021-08-22,"South Australia","SA",0,869,0,4,4501,2047707,0,869,0,863,0,1,0,1,0,0,9593,1130060
2021-08-22,"Tasmania","TAS",0,235,0,13,618,322741,0,235,0,222,0,0,0,0,0,0,3944,407406
2021-08-22,"Victoria","VIC",66,21455,0,823,44147,9089576,66,21455,15,20195,9,27,4,12,3,5,49457,4385028
2021-08-22,"Western Australia","WA",0,1063,0,9,0,1606993,0,1063,0,1050,0,0,0,0,0,0,18982,1545499
2021-08-23,"Australian Capital Territory","ACT",16,261,0,3,7630,349750,16,261,0,121,2,4,0,0,0,0,1491,404130
2021-08-23,"New South Wales","NSW",805,18800,3,129,311083,12114261,805,18800,0,2802,32,586,5,100,1,32,59766,5905429
2021-08-23,"Northern Territory","NT",0,200,0,0,1400,336291,0,200,0,199,0,1,0,0,0,0,541,194095
2021-08-23,"Queensland","QLD",2,1966,0,7,8437,3922177,2,1966,24,1902,2,20,2,2,0,0,19361,3120611
2021-08-23,"South Australia","SA",1,870,0,4,4571,2052278,1,870,0,863,0,1,0,1,0,0,5614,1135674
2021-08-23,"Tasmania","TAS",0,235,0,13,1029,323770,0,235,0,222,0,0,0,0,0,0,2134,409540
2021-08-23,"Victoria","VIC",71,21526,0,823,46446,9136022,71,21526,17,20212,2,29,-3,9,0,5,35134,4420162
2021-08-23,"Western Australia","WA",1,1064,0,9,11485,1618478,1,1064,1,1051,0,0,0,0,0,0,15514,1561013
2021-08-24,"Australian Capital Territory","ACT",30,291,0,3,2048,351798,30,291,0,121,0,4,1,1,0,0,15170,419300
2021-08-24,"New South Wales","NSW",745,19545,0,129,138472,12252733,745,19545,0,2802,21,607,7,107,2,34,124645,6030074
2021-08-24,"Northern Territory","NT",0,200,0,0,1918,338209,0,200,0,199,0,1,0,0,0,0,1713,195808
2021-08-24,"Queensland","QLD",6,1972,0,7,8378,3930555,6,1972,3,1905,0,20,0,2,0,0,36014,3156625
2021-08-24,"South Australia","SA",0,870,0,4,5411,2057689,0,870,0,863,0,1,0,1,0,0,15142,1150816
2021-08-24,"Tasmania","TAS",0,235,0,13,426,324196,0,235,0,222,0,0,0,0,0,0,4523,414063
2021-08-24,"Victoria","VIC",47,21573,0,823,48424,9184446,47,21573,19,20231,5,34,0,9,2,7,67982,4488144
2021-08-24,"Western Australia","WA",0,1064,0,9,6422,1624900,0,1064,0,1051,0,0,0,0,0,0,24753,1585766
2021-08-25,"Australian Capital Territory","ACT",9,300,0,3,8430,360228,9,300,0,121,2,6,0,1,0,0,3241,422541
2021-08-25,"New South Wales","NSW",910,20455,2,131,128986,12381719,910,20455,0,2802,36,643,6,113,6,40,130784,6160858
2021-08-25,"Northern Territory","NT",0,200,0,0,1748,339957,0,200,0,199,0,1,0,0,0,0,2385,198193
2021-08-25,"Queensland","QLD",-2,1970,0,7,12760,3943315,-2,1970,1,1906,1,21,0,2,0,0,47283,3203908
2021-08-25,"South Australia","SA",0,870,0,4,6087,2063776,0,870,0,863,0,1,0,1,0,0,16718,1167534
2021-08-25,"Tasmania","TAS",0,235,0,13,2127,326323,0,235,0,222,0,0,0,0,0,0,4975,419038
2021-08-25,"Victoria","VIC",41,21614,0,823,53321,9237767,41,21614,25,20256,2,36,2,11,0,7,74099,4562243
2021-08-25,"Western Australia","WA",20,1084,0,9,5267,1630167,20,1084,0,1051,0,0,0,0,0,0,27706,1613472
2021-08-26,"Australian Capital Territory","ACT",14,314,0,3,4913,365141,14,314,1,122,3,9,2,3,0,0,6551,429092
2021-08-26,"New South Wales","NSW",1016,21471,3,134,171538,12553257,1016,21471,0,2802,53,696,2,115,3,43,142977,6303835
2021-08-26,"Northern Territory","NT",0,200,0,0,1627,341584,0,200,0,199,1,2,0,0,0,0,2828,201021
2021-08-26,"Queensland","QLD",2,1972,0,7,12733,3956048,2,1972,0,1906,0,21,0,2,0,0,52941,3256849
2021-08-26,"South Australia","SA",0,870,0,4,4907,2068683,0,870,0,863,0,1,0,1,0,0,18364,1185898
2021-08-26,"Tasmania","TAS",0,235,0,13,1211,327534,0,235,0,222,0,0,0,0,0,0,5493,424531
2021-08-26,"Victoria","VIC",79,21693,0,823,56248,9294015,79,21693,17,20273,0,36,0,11,0,7,79319,4641562
2021-08-26,"Western Australia","WA",0,1084,0,9,5406,1635573,0,1084,0,1051,0,0,0,0,0,0,26947,1640419
2021-08-27,"Australian Capital Territory","ACT",21,335,0,3,7242,372383,21,335,-1,121,2,11,-2,1,0,0,9439,438531
2021-08-27,"New South Wales","NSW",875,22346,2,136,118120,12671377,875,22346,0,2802,65,761,1,116,4,47,138460,6442295
2021-08-27,"Northern Territory","NT",1,201,0,0,1621,343205,1,201,0,199,0,2,0,0,0,0,2861,203882
2021-08-27,"Queensland","QLD",1,1973,0,7,13591,3969639,1,1973,5,1911,3,24,0,2,0,0,54789,3311638
2021-08-27,"South Australia","SA",0,870,0,4,5872,2074555,0,870,1,864,0,1,0,1,0,0,17386,1203284
2021-08-27,"Tasmania","TAS",0,235,0,13,1072,328606,0,235,0,222,0,0,0,0,0,0,5546,430077
2021-08-27,"Victoria","VIC",78,21771,0,823,50535,9344550,78,21771,18,20291,1,37,3,14,2,9,50982,4692544
2021-08-27,"Western Australia","WA",0,1084,0,9,3770,1639343,0,1084,-4,1047,0,0,0,0,0,0,27627,1668046
2021-08-28,"Australian Capital Territory","ACT",26,361,0,3,3435,375818,26,361,4,125,-1,10,0,1,0,0,4051,442582
2021-08-28,"New South Wales","NSW",1026,23372,2,138,129182,12800559,1026,23372,0,2802,16,777,9,125,5,52,138694,6580989
2021-08-28,"Northern Territory","NT",0,201,0,0,1641,344846,0,201,0,199,0,2,0,0,0,0,2243,206125
2021-08-28,"Queensland","QLD",4,1977,0,7,11450,3981089,4,1977,6,1917,-3,21,0,2,0,0,47310,3358948
2021-08-28,"South Australia","SA",1,871,0,4,5043,2079598,1,871,0,864,0,1,-1,0,0,0,16756,1220040
2021-08-28,"Tasmania","TAS",0,235,0,13,1284,329890,0,235,0,222,0,0,0,0,0,0,5294,435371
2021-08-28,"Victoria","VIC",63,21834,0,823,55333,9399883,63,21834,22,20313,5,42,-1,13,-1,8,73938,4766482
2021-08-28,"Western Australia","WA",2,1086,0,9,0,1639343,2,1086,4,1051,0,0,0,0,0,0,28044,1696090
2021-08-29,"Australian Capital Territory","ACT",13,374,0,3,2094,377912,13,374,16,141,0,10,0,1,0,0,2000,444582
2021-08-29,"New South Wales","NSW",1213,24585,6,144,106038,12906597,1213,24585,0,2802,31,808,1,126,2,54,68410,6649399
2021-08-29,"Northern Territory","NT",1,202,0,0,917,345763,1,202,0,199,0,2,0,0,0,0,1420,207545
2021-08-29,"Queensland","QLD",1,1978,0,7,6503,3987592,1,1978,7,1924,2,23,-2,0,0,0,30669,3389617
2021-08-29,"South Australia","SA",0,871,0,4,5060,2084658,0,871,0,864,0,1,0,0,0,0,9808,1229848
2021-08-29,"Tasmania","TAS",0,235,0,13,466,330356,0,235,0,222,0,0,0,0,0,0,4714,440085
2021-08-29,"Victoria","VIC",92,21926,0,823,51030,9450913,92,21926,15,20328,2,44,0,13,0,8,85806,4852288
2021-08-29,"Western Australia","WA",0,1086,0,9,0,1639343,0,1086,0,1051,0,0,0,0,0,0,17859,1713949
2021-08-30,"Australian Capital Territory","ACT",11,385,0,3,1880,379792,11,385,6,147,0,10,0,1,0,0,1485,446067
2021-08-30,"New South Wales","NSW",1273,25858,4,148,157221,13063818,1273,25858,0,2802,32,840,11,137,-6,48,71944,6721343
2021-08-30,"Northern Territory","NT",0,202,0,0,1138,346901,0,202,0,199,0,2,0,0,0,0,484,208029
2021-08-30,"Queensland","QLD",1,1979,0,7,10363,3997955,1,1979,0,1924,0,23,0,0,0,0,20525,3410142
2021-08-30,"South Australia","SA",0,871,0,4,4049,2088707,0,871,0,864,0,1,0,0,0,0,6587,1236435
2021-08-30,"Tasmania","TAS",0,235,0,13,858,331214,0,235,0,222,0,0,0,0,0,0,2916,443001
2021-08-30,"Victoria","VIC",70,21996,0,823,41395,9492308,70,21996,43,20371,5,49,2,15,3,11,40498,4892786
2021-08-30,"Western Australia","WA",0,1086,0,9,10657,1650000,0,1086,2,1053,0,0,0,0,0,0,13989,1727938
2021-08-31,"Australian Capital Territory","ACT",13,398,0,3,4831,384623,13,398,13,160,0,10,2,3,0,0,8508,454575
2021-08-31,"New South Wales","NSW",1151,27009,3,151,130027,13193845,1151,27009,0,2802,29,869,6,143,10,58,148297,6869640
2021-08-31,"Northern Territory","NT",0,202,0,0,1986,348887,0,202,0,199,0,2,0,0,0,0,1898,209927
2021-08-31,"Queensland","QLD",0,1979,0,7,11257,4009212,0,1979,0,1924,-6,17,0,0,0,0,34616,3444758
2021-08-31,"South Australia","SA",0,871,0,4,5293,2094000,0,871,0,864,0,1,0,0,0,0,14468,1250903
2021-08-31,"Tasmania","TAS",0,235,0,13,1200,332414,0,235,0,222,0,0,0,0,0,0,5159,448160
2021-08-31,"Victoria","VIC",75,22071,0,823,50848,9543156,75,22071,39,20410,3,52,1,16,0,11,41690,4934476
2021-08-31,"Western Australia","WA",0,1086,0,9,5204,1655204,0,1086,5,1058,0,0,0,0,0,0,22289,1750227
2021-09-01,"Australian Capital Territory","ACT",23,421,0,3,3416,388039,23,421,2,162,3,13,1,4,0,0,12046,466621
2021-09-01,"New South Wales","NSW",1102,28111,4,155,173913,13367758,1102,28111,0,2802,39,908,7,150,8,66,121170,6990810
2021-09-01,"Northern Territory","NT",0,202,0,0,1344,350231,0,202,0,199,0,2,0,0,0,0,2445,212372
2021-09-01,"Queensland","QLD",1,1980,0,7,11315,4020527,1,1980,4,1928,0,17,0,0,0,0,46359,3491117
2021-09-01,"South Australia","SA",0,871,0,4,7349,2101349,0,871,0,864,0,1,0,0,0,0,16904,1267807
2021-09-01,"Tasmania","TAS",0,235,0,13,1235,333649,0,235,0,222,0,0,0,0,0,0,6345,454505
2021-09-01,"Victoria","VIC",116,22187,2,825,56051,9599207,116,22187,55,20465,6,58,5,21,0,11,105018,5039494
2021-09-01,"Western Australia","WA",0,1086,0,9,5043,1660247,0,1086,1,1059,0,0,0,0,0,0,24545,1774772
2021-09-02,"Australian Capital Territory","ACT",12,433,0,3,3458,391497,12,433,10,172,0,13,0,4,0,0,7389,474010
2021-09-02,"New South Wales","NSW",1288,29399,7,162,127428,13495186,1288,29399,0,2802,48,956,10,160,-2,64,139914,7130724
2021-09-02,"Northern Territory","NT",0,202,0,0,1723,351954,0,202,1,200,0,2,0,0,0,0,2796,215168
2021-09-02,"Queensland","QLD",2,1982,0,7,10433,4030960,2,1982,1,1929,-3,14,0,0,0,0,48933,3540050
2021-09-02,"South Australia","SA",4,875,0,4,6272,2107621,4,875,2,866,0,1,0,0,0,0,16973,1284780
2021-09-02,"Tasmania","TAS",0,235,0,13,1191,334840,0,235,0,222,0,0,0,0,0,0,5896,460401
2021-09-02,"Victoria","VIC",176,22363,0,825,48372,9647579,176,22363,47,20512,3,61,-1,20,2,13,81683,5121177
2021-09-02,"Western Australia","WA",0,1086,0,9,4366,1664613,0,1086,5,1064,0,0,0,0,0,0,27002,1801774
2021-09-03,"Australian Capital Territory","ACT",18,451,0,3,2627,394124,18,451,21,193,0,13,0,4,0,0,5332,479342
2021-09-03,"New South Wales","NSW",1408,30807,12,174,154654,13649840,1408,30807,0,2802,17,973,0,160,-1,63,114726,7245450
2021-09-03,"Northern Territory","NT",0,202,0,0,1671,353625,0,202,0,200,0,2,0,0,0,0,2294,217462
2021-09-03,"Queensland","QLD",0,1982,0,7,16613,4047573,0,1982,0,1929,1,15,0,0,0,0,49750,3589800
2021-09-03,"South Australia","SA",2,877,0,4,6676,2114297,2,877,4,870,0,1,0,0,0,0,18137,1302917
2021-09-03,"Tasmania","TAS",0,235,0,13,1229,336069,0,235,0,222,0,0,0,0,0,0,5489,465890
2021-09-03,"Victoria","VIC",207,22570,1,826,48572,9696151,207,22570,55,20567,3,64,-4,16,0,13,78632,5199809
2021-09-03,"Western Australia","WA",0,1086,0,9,3653,1668266,0,1086,3,1067,0,0,0,0,0,0,27039,1828813
2021-09-04,"Australian Capital Territory","ACT",32,483,0,3,2381,396505,32,483,48,241,-5,8,-2,2,1,1,7048,486390
2021-09-04,"New South Wales","NSW",1516,32323,4,178,131174,13781014,1516,32323,0,2802,63,1036,13,173,-1,62,129258,7374708
2021-09-04,"Northern Territory","NT",0,202,0,0,1570,355195,0,202,0,200,0,2,0,0,0,0,2258,219720
2021-09-04,"Queensland","QLD",2,1984,0,7,9996,4057569,2,1984,0,1929,0,15,0,0,0,0,46663,3636463
2021-09-04,"South Australia","SA",2,879,0,4,5527,2119824,2,879,0,870,0,1,0,0,0,0,17824,1320741
2021-09-04,"Tasmania","TAS",0,235,0,13,1034,337103,0,235,0,222,0,0,0,0,0,0,5407,471297
2021-09-04,"Victoria","VIC",189,22759,0,826,49548,9745699,189,22759,68,20635,12,76,7,23,1,14,79351,5279160
2021-09-04,"Western Australia","WA",0,1086,0,9,0,1668266,0,1086,1,1068,0,0,0,0,0,0,24466,1853279
2021-09-05,"Australian Capital Territory","ACT",15,498,0,3,1717,398222,15,498,17,258,0,8,0,2,0,1,4430,490820
2021-09-05,"New South Wales","NSW",1459,33782,3,181,115495,13896509,1459,33782,0,2802,-13,1023,-1,172,10,72,94698,7469406
2021-09-05,"Northern Territory","NT",0,202,0,0,894,356089,0,202,0,200,0,2,0,0,0,0,962,220682
2021-09-05,"Queensland","QLD",0,1984,0,7,8330,4065899,0,1984,5,1934,-1,14,0,0,0,0,31068,3667531
2021-09-05,"South Australia","SA",1,880,0,4,6149,2125973,1,880,0,870,0,1,0,0,0,0,9352,1330093
2021-09-05,"Tasmania","TAS",0,235,0,13,601,337704,0,235,0,222,0,0,0,0,0,0,4050,475347
2021-09-05,"Victoria","VIC",183,22942,0,826,48487,9794186,183,22942,67,20702,13,89,1,24,-1,13,51561,5330721
2021-09-05,"Western Australia","WA",0,1086,0,9,0,1668266,0,1086,2,1070,0,0,0,0,0,0,17474,1870753
2021-09-06,"Australian Capital Territory","ACT",11,509,0,3,3503,401725,11,509,26,284,3,11,-1,1,0,1,-61386,429434
2021-09-06,"New South Wales","NSW",1280,35062,5,186,136455,14032964,1280,35062,0,2802,44,1067,1,173,-5,67,58717,7528123
2021-09-06,"Northern Territory","NT",1,203,0,0,1195,357284,1,203,1,201,0,2,0,0,0,0,-8834,211848
2021-09-06,"Queensland","QLD",7,1991,0,7,9657,4075556,7,1991,0,1934,0,14,0,0,0,0,-11479,3656052
2021-09-06,"South Australia","SA",1,881,0,4,3853,2129826,1,881,0,870,0,1,0,0,0,0,8744,1338837
2021-09-06,"Tasmania","TAS",0,235,0,13,744,338448,0,235,0,222,0,0,0,0,0,0,6210,481557
2021-09-06,"Victoria","VIC",245,23187,0,826,42258,9836444,245,23187,43,20745,3,92,2,26,1,14,44658,5375379
2021-09-06,"Western Australia","WA",1,1087,0,9,10742,1679008,1,1087,2,1072,0,0,0,0,0,0,13190,1883943
2021-09-07,"Australian Capital Territory","ACT",19,528,0,3,3348,405073,19,528,11,295,-3,8,0,1,0,1,73071,502505
2021-09-07,"New South Wales","NSW",1205,36267,8,194,100745,14133709,1205,36267,0,2802,76,1143,16,189,8,75,86489,7614612
2021-09-07,"Northern Territory","NT",0,203,0,0,1522,358806,0,203,0,201,0,2,0,0,0,0,11436,223284
2021-09-07,"Queensland","QLD",0,1991,0,7,12649,4088205,0,1991,5,1939,0,14,0,0,0,0,68939,3724991
2021-09-07,"South Australia","SA",7,888,0,4,4867,2134693,7,888,8,878,0,1,0,0,0,0,12204,1351041
2021-09-07,"Tasmania","TAS",0,235,0,13,939,339387,0,235,0,222,0,0,0,0,0,0,-815,480742
2021-09-07,"Victoria","VIC",242,23429,0,826,43858,9880302,242,23429,75,20820,18,110,4,30,0,14,64759,5440138
2021-09-07,"Western Australia","WA",0,1087,0,9,4657,1683665,0,1087,2,1074,0,0,0,0,0,0,23679,1907622
2021-09-08,"Australian Capital Territory","ACT",20,548,0,3,2920,407993,20,548,19,314,2,10,1,2,0,1,7956,510461
2021-09-08,"New South Wales","NSW",1457,37724,9,203,130341,14264050,1457,37724,0,2802,-13,1130,2,191,3,78,107455,7722067
2021-09-08,"Northern Territory","NT",0,203,0,0,1411,360217,0,203,0,201,0,2,0,0,0,0,2627,225911
2021-09-08,"Queensland","QLD",0,1991,0,7,13036,4101241,0,1991,0,1939,-1,13,0,0,0,0,47203,3772194
2021-09-08,"South Australia","SA",1,889,0,4,7146,2141839,1,889,1,879,0,1,0,0,0,0,16792,1367833
2021-09-08,"Tasmania","TAS",0,235,0,13,1400,340787,0,235,0,222,0,0,0,0,0,0,4275,485017
2021-09-08,"Victoria","VIC",212,23641,0,826,42429,9922731,212,23641,78,20898,10,120,3,33,1,15,83049,5523187
2021-09-08,"Western Australia","WA",0,1087,0,9,5266,1688931,0,1087,3,1077,0,0,0,0,0,0,25294,1932916
2021-09-09,"Australian Capital Territory","ACT",15,563,0,3,3184,411177,15,563,19,333,-1,9,0,2,0,1,6509,516970
2021-09-09,"New South Wales","NSW",1384,39108,5,208,156481,14420531,1384,39108,0,2802,33,1163,10,201,2,80,114063,7836130
2021-09-09,"Northern Territory","NT",0,203,0,0,1797,362014,0,203,0,201,0,2,0,0,0,0,2679,228590
2021-09-09,"Queensland","QLD",2,1993,0,7,13560,4114801,2,1993,0,1939,6,19,0,0,0,0,50370,3822564
2021-09-09,"South Australia","SA",2,891,0,4,5537,2147376,2,891,0,879,0,1,0,0,0,0,19629,1387462
2021-09-09,"Tasmania","TAS",0,235,0,13,1149,341936,0,235,0,222,0,0,0,0,0,0,6039,491056
2021-09-09,"Victoria","VIC",323,23964,0,826,54242,9976973,323,23964,77,20975,-9,111,-1,32,4,19,85605,5608792
2021-09-09,"Western Australia","WA",1,1088,0,9,4322,1693253,1,1088,0,1077,0,0,0,0,0,0,26474,1959390
2021-09-10,"Australian Capital Territory","ACT",24,587,0,3,2765,413942,24,587,13,346,6,15,2,4,0,1,6421,523391
2021-09-10,"New South Wales","NSW",1508,40616,9,217,133226,14553757,1508,40616,0,2802,-7,1156,6,207,9,89,121182,7957312
2021-09-10,"Northern Territory","NT",0,203,0,0,1543,363557,0,203,1,202,-1,1,0,0,0,0,2873,231463
2021-09-10,"Queensland","QLD",1,1994,0,7,11940,4126741,1,1994,0,1939,0,19,0,0,0,0,49870,3872434
2021-09-10,"South Australia","SA",0,891,0,4,5021,2152397,0,891,1,880,0,1,0,0,0,0,18576,1406038
2021-09-10,"Tasmania","TAS",0,235,0,13,838,342774,0,235,0,222,0,0,0,0,0,0,6554,497610
2021-09-10,"Victoria","VIC",333,24297,1,827,42998,10019971,333,24297,72,21047,16,127,1,33,0,19,86898,5695690
2021-09-10,"Western Australia","WA",0,1088,0,9,2491,1695744,0,1088,0,1077,0,0,0,0,0,0,26683,1986073
2021-09-11,"Australian Capital Territory","ACT",15,602,0,3,2151,416093,15,602,4,350,1,16,-1,3,0,1,6733,530124
2021-09-11,"New South Wales","NSW",1573,42189,8,225,147975,14701732,1573,42189,0,2802,8,1164,14,221,5,94,118980,8076292
2021-09-11,"Northern Territory","NT",0,203,0,0,1576,365133,0,203,0,202,0,1,0,0,0,0,2580,234043
2021-09-11,"Queensland","QLD",8,2002,0,7,11888,4138629,8,2002,9,1948,-6,13,0,0,0,0,49955,3922389
2021-09-11,"South Australia","SA",1,892,0,4,5110,2157507,1,892,0,880,0,1,0,0,0,0,16384,1422422
2021-09-11,"Tasmania","TAS",0,235,0,13,127,342901,0,235,0,222,0,0,0,0,0,0,4202,501812
2021-09-11,"Victoria","VIC",447,24744,0,827,42765,10062736,447,24744,80,21127,16,143,1,34,7,26,80945,5776635
2021-09-11,"Western Australia","WA",0,1088,0,9,0,1695744,0,1088,0,1077,0,0,0,0,0,0,23773,2009846
2021-09-12,"Australian Capital Territory","ACT",15,617,0,3,1582,417675,15,617,25,375,-6,10,0,3,0,1,5479,535603
2021-09-12,"New South Wales","NSW",1247,43436,7,232,105505,14807237,1247,43436,0,2802,42,1206,-1,220,-2,92,64125,8140417
2021-09-12,"Northern Territory","NT",0,203,0,0,1322,366455,0,203,1,203,0,1,0,0,0,0,1041,235084
2021-09-12,"Queensland","QLD",1,2003,0,7,12415,4151044,1,2003,0,1948,1,14,0,0,0,0,34800,3957189
2021-09-12,"South Australia","SA",2,894,0,4,4669,2162176,2,894,0,880,0,1,0,0,0,0,9841,1432263
2021-09-12,"Tasmania","TAS",0,235,0,13,927,343828,0,235,0,222,0,0,0,0,0,0,4660,506472
2021-09-12,"Victoria","VIC",384,25128,0,827,48063,10110799,384,25128,65,21192,4,147,0,34,2,28,59682,5836317
2021-09-12,"Western Australia","WA",1,1089,0,9,0,1695744,1,1089,0,1077,0,0,0,0,0,0,16181,2026027
2021-09-13,"Australian Capital Territory","ACT",13,630,0,3,4744,422419,13,630,7,382,-1,9,0,3,0,1,5668,541271
2021-09-13,"New South Wales","NSW",1238,44674,7,239,137668,14944905,1238,44674,0,2802,-17,1189,2,222,2,94,37571,8177988
2021-09-13,"Northern Territory","NT",0,203,0,0,1257,367712,0,203,0,203,0,1,0,0,0,0,710,235794
2021-09-13,"Queensland","QLD",4,2007,0,7,14506,4165550,4,2007,5,1953,4,18,0,0,0,0,23321,3980510
2021-09-13,"South Australia","SA",1,895,0,4,4142,2166318,1,895,0,880,0,1,0,0,0,0,7602,1439865
2021-09-13,"Tasmania","TAS",0,235,0,13,1163,344991,0,235,0,222,0,0,0,0,0,0,182,506654
2021-09-13,"Victoria","VIC",463,25591,0,827,49037,10159836,463,25591,68,21260,10,157,4,38,-2,26,44758,5881075
2021-09-13,"Western Australia","WA",0,1089,0,9,9829,1705573,0,1089,0,1077,0,0,0,0,0,0,13389,2039416
2021-09-14,"Australian Capital Territory","ACT",22,652,0,3,3641,426060,22,652,15,397,1,10,-1,2,0,1,5943,547214
2021-09-14,"New South Wales","NSW",1108,45782,2,241,114084,15058989,1108,45782,0,2802,64,1253,9,231,10,104,115752,8293740
2021-09-14,"Northern Territory","NT",0,203,0,0,1359,369071,0,203,0,203,0,1,0,0,0,0,2110,237904
2021-09-14,"Queensland","QLD",2,2009,0,7,13396,4178946,2,2009,0,1953,1,19,1,1,0,0,37034,4017544
2021-09-14,"South Australia","SA",1,896,0,4,5789,2172107,1,896,2,882,0,1,0,0,0,0,16543,1456408
2021-09-14,"Tasmania","TAS",0,235,0,13,933,345924,0,235,0,222,0,0,0,0,0,0,7157,513811
2021-09-14,"Victoria","VIC",438,26029,2,829,42694,10202530,438,26029,144,21404,1,158,7,45,-3,23,71013,5952088
2021-09-14,"Western Australia","WA",0,1089,0,9,5147,1710720,0,1089,0,1077,0,0,0,0,0,0,20624,2060040
2021-09-15,"Australian Capital Territory","ACT",13,665,0,3,1328,427388,13,665,22,419,-3,7,-1,1,0,1,10594,557808
2021-09-15,"New South Wales","NSW",1225,47007,12,253,137498,15196487,1225,47007,0,2802,-12,1241,3,234,4,108,103477,8397217
2021-09-15,"Northern Territory","NT",1,204,0,0,1818,370889,1,204,0,203,0,1,0,0,0,0,1906,239810
2021-09-15,"Queensland","QLD",1,2010,0,7,15812,4194758,1,2010,0,1953,0,19,0,1,0,0,45149,4062693
2021-09-15,"South Australia","SA",0,896,0,4,6635,2178742,0,896,0,882,0,1,0,0,0,0,16515,1472923
2021-09-15,"Tasmania","TAS",0,235,0,13,1232,347156,0,235,0,222,0,0,0,0,0,0,6631,520442
2021-09-15,"Victoria","VIC",410,26439,2,831,54649,10257179,410,26439,169,21573,15,173,-1,44,0,23,76998,6029086
2021-09-15,"Western Australia","WA",0,1089,0,9,4770,1715490,0,1089,0,1077,0,0,0,0,0,0,22721,2082761
2021-09-16,"Australian Capital Territory","ACT",15,680,0,3,3215,430603,15,680,17,436,2,9,0,1,0,1,8870,566678
2021-09-16,"New South Wales","NSW",1334,48341,12,265,129266,15325753,1334,48341,0,2802,-10,1231,-3,231,0,108,158344,8555561
2021-09-16,"Northern Territory","NT",0,204,0,0,1761,372650,0,204,0,203,0,1,0,0,0,0,5305,245115
2021-09-16,"Queensland","QLD",3,2013,0,7,16954,4211712,3,2013,0,1953,1,20,0,1,0,0,63010,4125703
2021-09-16,"South Australia","SA",2,898,0,4,6114,2184856,2,898,4,886,0,1,0,0,0,0,19231,1492154
2021-09-16,"Tasmania","TAS",0,235,0,13,1012,348168,0,235,0,222,0,0,0,0,0,0,6483,526925
2021-09-16,"Victoria","VIC",503,26942,0,831,61961,10319140,503,26942,171,21744,9,182,7,51,0,23,101575,6130661
2021-09-16,"Western Australia","WA",0,1089,0,9,3535,1719025,0,1089,0,1077,0,0,0,0,0,0,26364,2109125
2021-09-17,"Australian Capital Territory","ACT",30,710,0,3,4030,434633,30,710,30,466,-1,8,0,1,0,1,7092,573770
2021-09-17,"New South Wales","NSW",1270,49611,12,277,247258,15573011,1270,49611,0,2802,14,1245,-3,228,4,112,107258,8662819
2021-09-17,"Northern Territory","NT",0,204,0,0,1471,374121,0,204,0,203,0,1,0,0,0,0,2335,247450
2021-09-17,"Queensland","QLD",1,2014,0,7,13012,4224724,1,2014,0,1953,1,21,0,1,0,0,52045,4177748
2021-09-17,"South Australia","SA",0,898,0,4,5453,2190309,0,898,0,886,0,1,0,0,0,0,16698,1508852
2021-09-17,"Tasmania","TAS",0,235,0,13,1005,349173,0,235,0,222,0,0,0,0,0,0,5934,532859
2021-09-17,"Victoria","VIC",497,27439,1,832,55476,10374616,497,27439,169,21913,26,208,-2,49,9,32,87003,6217664
2021-09-17,"Western Australia","WA",2,1091,0,9,3717,1722742,2,1091,0,1077,0,0,0,0,0,0,23776,2132901
2021-09-18,"Australian Capital Territory","ACT",15,725,0,3,3753,438386,15,725,19,485,0,8,0,1,0,1,7953,581723
2021-09-18,"New South Wales","NSW",1308,50919,6,283,120954,15693965,1308,50919,0,2802,-26,1219,5,233,11,123,140464,8803283
2021-09-18,"Northern Territory","NT",0,204,0,0,2318,376439,0,204,0,203,0,1,0,0,0,0,2602,250052
2021-09-18,"Queensland","QLD",1,2015,0,7,11481,4236205,1,2015,0,1953,-1,20,0,1,0,0,51168,4228916
2021-09-18,"South Australia","SA",0,898,0,4,4807,2195116,0,898,1,887,0,1,0,0,0,0,17528,1526380
2021-09-18,"Tasmania","TAS",0,235,0,13,934,350107,0,235,0,222,0,0,0,0,0,0,5269,538128
2021-09-18,"Victoria","VIC",529,27968,1,833,61622,10436238,529,27968,251,22164,-1,207,7,56,8,40,90612,6308276
2021-09-18,"Western Australia","WA",1,1092,0,9,0,1722742,1,1092,1,1078,0,0,0,0,0,0,22779,2155680
2021-09-19,"Australian Capital Territory","ACT",17,742,0,3,1813,440199,17,742,12,497,0,8,1,2,0,1,6260,587983
2021-09-19,"New South Wales","NSW",1067,51986,13,296,99782,15793747,1067,51986,0,2802,17,1236,1,234,0,123,81251,8884534
2021-09-19,"Northern Territory","NT",0,204,0,0,1248,377687,0,204,0,203,0,1,0,0,0,0,1108,251160
2021-09-19,"Queensland","QLD",0,2015,0,7,9525,4245730,0,2015,23,1976,-1,19,0,1,0,0,36520,4265436
2021-09-19,"South Australia","SA",0,898,0,4,3620,2198736,0,898,0,887,-1,0,0,0,0,0,10660,1537040
2021-09-19,"Tasmania","TAS",0,235,0,13,335,350442,0,235,0,222,0,0,0,0,0,0,4872,543000
2021-09-19,"Victoria","VIC",488,28456,1,834,58619,10494857,488,28456,199,22363,-3,204,-1,55,-2,38,70309,6378585
2021-09-19,"Western Australia","WA",1,1093,0,9,0,1722742,1,1093,0,1078,0,0,0,0,0,0,16056,2171736
2021-09-20,"Australian Capital Territory","ACT",7,749,0,3,4954,445153,7,749,25,522,-3,5,0,2,0,1,5311,593294
2021-09-20,"New South Wales","NSW",908,52894,4,300,124650,15918397,908,52894,0,2802,-29,1207,2,236,0,123,46133,8930667
2021-09-20,"Northern Territory","NT",2,206,0,0,1284,378971,2,206,0,203,2,3,0,0,0,0,914,252074
2021-09-20,"Queensland","QLD",2,2017,0,7,8526,4254256,2,2017,6,1982,-1,18,0,1,0,0,40567,4306003
2021-09-20,"South Australia","SA",0,898,0,4,3563,2202299,0,898,0,887,0,0,0,0,0,0,8564,1545604
2021-09-20,"Tasmania","TAS",0,235,0,13,910,351352,0,235,0,222,0,0,0,0,0,0,3049,546049
2021-09-20,"Victoria","VIC",552,29008,1,835,50915,10545772,552,29008,138,22501,5,209,4,59,2,40,54587,6433172
2021-09-20,"Western Australia","WA",1,1094,0,9,10207,1732949,1,1094,1,1079,0,0,0,0,0,0,13455,2185191
2021-09-21,"Australian Capital Territory","ACT",16,765,0,3,2876,448029,16,765,13,535,5,10,0,2,1,2,7193,600487
2021-09-21,"New South Wales","NSW",1004,53898,10,310,121661,16040058,1004,53898,0,2802,61,1268,6,242,-5,118,126700,9057367
2021-09-21,"Northern Territory","NT",0,206,0,0,1845,380816,0,206,0,203,0,3,0,0,0,0,1700,253774
2021-09-21,"Queensland","QLD",1,2018,0,7,9781,4264037,1,2018,1,1983,1,19,-1,0,0,0,53868,4359871
2021-09-21,"South Australia","SA",0,898,0,4,4318,2206617,0,898,0,887,0,0,0,0,0,0,15716,1561320
2021-09-21,"Tasmania","TAS",0,235,0,13,1072,352424,0,235,0,222,0,0,0,0,0,0,5317,551366
2021-09-21,"Victoria","VIC",588,29596,1,836,48829,10594601,588,29596,262,22763,32,241,1,60,-1,39,88400,6521572
2021-09-21,"Western Australia","WA",0,1094,0,9,4363,1737312,0,1094,1,1080,0,0,0,0,0,0,22274,2207465
2021-09-22,"Australian Capital Territory","ACT",17,782,0,3,2172,450201,17,782,22,557,2,12,0,2,0,2,11788,612275
2021-09-22,"New South Wales","NSW",1021,54919,5,315,133839,16173897,1021,54919,0,2802,-36,1232,0,242,4,122,129504,9186871
2021-09-22,"Northern Territory","NT",2,208,0,0,2058,382874,2,208,1,204,1,4,0,0,0,0,2064,255838
2021-09-22,"Queensland","QLD",1,2019,0,7,11845,4275882,1,2019,0,1983,-6,13,0,0,0,0,48145,4408016
2021-09-22,"South Australia","SA",1,899,0,4,6052,2212669,1,899,1,888,0,0,0,0,0,0,17560,1578880
2021-09-22,"Tasmania","TAS",0,235,0,13,1185,353609,0,235,0,222,0,0,0,0,0,0,5180,556546
2021-09-22,"Victoria","VIC",620,30216,3,839,60829,10655430,620,30216,394,23157,16,257,-2,58,-2,37,92524,6614096
2021-09-22,"Western Australia","WA",0,1094,0,9,4005,1741317,0,1094,0,1080,0,0,0,0,0,0,25245,2232710
2021-09-23,"Australian Capital Territory","ACT",16,798,0,3,2923,453124,16,798,27,584,0,12,0,2,0,2,7916,620191
2021-09-23,"New South Wales","NSW",1043,55962,6,321,139182,16313079,1043,55962,0,2802,12,1244,-9,233,-10,112,125615,9312486
2021-09-23,"Northern Territory","NT",0,208,0,0,1834,384708,0,208,0,204,0,4,0,0,0,0,2444,258282
2021-09-23,"Queensland","QLD",2,2021,0,7,13857,4289739,2,2021,1,1984,0,13,0,0,0,0,53532,4461548
2021-09-23,"South Australia","SA",1,900,0,4,5577,2218246,1,900,2,890,0,0,0,0,0,0,18604,1597484
2021-09-23,"Tasmania","TAS",0,235,0,13,959,354568,0,235,0,222,0,0,0,0,0,0,7285,563831
2021-09-23,"Victoria","VIC",745,30961,4,843,62408,10717838,745,30961,298,23455,0,257,2,60,4,41,96298,6710394
2021-09-23,"Western Australia","WA",0,1094,0,9,3124,1744441,0,1094,0,1080,0,0,0,0,0,0,25591,2258301
2021-09-24,"Australian Capital Territory","ACT",19,817,0,3,3260,456384,19,817,17,601,0,12,0,2,0,2,8773,628964
2021-09-24,"New South Wales","NSW",1026,56988,11,332,131668,16444747,1026,56988,0,2802,-58,1186,-1,232,-2,110,126728,9439214
2021-09-24,"Northern Territory","NT",0,208,0,0,1544,386252,0,208,0,204,0,4,0,0,0,0,2464,260746
2021-09-24,"Queensland","QLD",0,2021,0,7,11100,4300839,0,2021,2,1986,0,13,0,0,0,0,57703,4519251
2021-09-24,"South Australia","SA",0,900,0,4,6065,2224311,0,900,0,890,0,0,0,0,0,0,17921,1615405
2021-09-24,"Tasmania","TAS",0,235,0,13,891,355459,0,235,0,222,0,0,0,0,0,0,5752,569583
2021-09-24,"Victoria","VIC",718,31679,1,844,56520,10774358,718,31679,223,23678,40,297,6,66,5,46,101878,6812272
2021-09-24,"Western Australia","WA",1,1095,0,9,4279,1748720,1,1095,0,1080,0,0,0,0,0,0,26577,2284878
2021-09-25,"Australian Capital Territory","ACT",32,849,0,3,2242,458626,32,849,12,613,-2,10,2,4,1,3,8371,637335
2021-09-25,"New South Wales","NSW",995,57983,11,343,108105,16552852,995,57983,0,2802,1,1187,-3,229,8,118,140511,9579725
2021-09-25,"Northern Territory","NT",0,208,0,0,1446,387698,0,208,0,204,0,4,0,0,0,0,2686,263432
2021-09-25,"Queensland","QLD",1,2022,0,7,9727,4310566,1,2022,4,1990,-6,7,0,0,0,0,51406,4570657
2021-09-25,"South Australia","SA",0,900,0,4,4491,2228802,0,900,2,892,0,0,0,0,0,0,17130,1632535
2021-09-25,"Tasmania","TAS",0,235,0,13,833,356292,0,235,0,222,0,0,0,0,0,0,5175,574758
2021-09-25,"Victoria","VIC",836,32515,1,845,59342,10833700,836,32515,384,24062,24,321,-1,65,-1,45,60730,6873002
2021-09-25,"Western Australia","WA",0,1095,0,9,0,1748720,0,1095,0,1080,0,0,0,0,0,0,25266,2310144
2021-09-26,"Australian Capital Territory","ACT",25,874,0,3,2192,460818,25,874,18,631,0,10,0,4,0,3,7892,645227
2021-09-26,"New South Wales","NSW",948,58931,9,352,106451,16659303,948,58931,0,2802,-41,1146,-7,222,-1,117,85578,9665303
2021-09-26,"Northern Territory","NT",0,208,0,0,1426,389124,0,208,0,204,1,5,0,0,0,0,902,264334
2021-09-26,"Queensland","QLD",0,2022,0,7,8018,4318584,0,2022,0,1990,0,7,0,0,0,0,34965,4605622
2021-09-26,"South Australia","SA",1,901,0,4,4056,2232858,1,901,0,892,0,0,0,0,0,0,11373,1643908
2021-09-26,"Tasmania","TAS",0,235,0,13,288,356580,0,235,0,222,0,0,0,0,0,0,4597,579355
2021-09-26,"Victoria","VIC",767,33282,2,847,46322,10880022,767,33282,356,24418,4,325,8,73,9,54,59691,6932693
2021-09-26,"Western Australia","WA",0,1095,0,9,0,1748720,0,1095,0,1080,0,0,0,0,0,0,14375,2324519
2021-09-27,"Australian Capital Territory","ACT",19,893,1,4,7259,468077,19,893,3,634,-2,8,-1,3,0,3,6154,651381
2021-09-27,"New South Wales","NSW",778,59709,12,364,93577,16752880,778,59709,0,2802,9,1155,-8,214,0,117,40539,9705842
2021-09-27,"Northern Territory","NT",1,209,0,0,1062,390186,1,209,0,204,0,5,0,0,0,0,735,265069
2021-09-27,"Queensland","QLD",0,2022,0,7,5877,4324461,0,2022,7,1997,0,7,0,0,0,0,26749,4632371
2021-09-27,"South Australia","SA",0,901,0,4,3537,2236395,0,901,2,894,0,0,0,0,0,0,8280,1652188
2021-09-27,"Tasmania","TAS",0,235,0,13,1048,357628,0,235,0,222,0,0,0,0,0,0,2463,581818
2021-09-27,"Victoria","VIC",834,34116,1,848,51252,10931274,834,34116,315,24733,38,363,2,75,2,56,49514,6982207
2021-09-27,"Western Australia","WA",1,1096,0,9,7589,1756309,1,1096,0,1080,0,0,0,0,0,0,10948,2335467
2021-09-28,"Australian Capital Territory","ACT",13,906,0,4,2002,470079,13,906,25,659,0,8,0,3,0,3,8676,660057
2021-09-28,"New South Wales","NSW",852,60561,7,371,132279,16885159,852,60561,0,2802,0,1155,-1,213,-4,113,127855,9833697
2021-09-28,"Northern Territory","NT",1,210,0,0,2235,392421,1,210,0,204,1,6,0,0,0,0,1532,266601
2021-09-28,"Queensland","QLD",6,2028,0,7,9324,4333785,6,2028,4,2001,0,7,0,0,0,0,42708,4675079
2021-09-28,"South Australia","SA",0,901,0,4,4330,2240725,0,901,0,894,0,0,0,0,0,0,17342,1669530
2021-09-28,"Tasmania","TAS",0,235,0,13,886,358514,0,235,0,222,0,0,0,0,0,0,4584,586402
2021-09-28,"Victoria","VIC",859,34975,4,852,49450,10980724,859,34975,132,24865,12,375,6,81,5,61,91292,7073499
2021-09-28,"Western Australia","WA",0,1096,0,9,3298,1759607,0,1096,0,1080,0,0,0,0,0,0,9434,2344901
2021-09-29,"Australian Capital Territory","ACT",22,928,0,4,4680,474759,22,928,28,687,2,10,0,3,0,3,11394,671451
2021-09-29,"New South Wales","NSW",859,61420,15,386,120281,17005440,859,61420,0,2802,-73,1082,-1,212,-5,108,129124,9962821
2021-09-29,"Northern Territory","NT",0,210,0,0,1040,393461,0,210,0,204,0,6,0,0,0,0,1473,268074
2021-09-29,"Queensland","QLD",1,2029,0,7,11208,4344993,1,2029,2,2003,3,10,0,0,0,0,51680,4726759
2021-09-29,"South Australia","SA",0,901,0,4,5741,2246466,0,901,1,895,0,0,0,0,0,0,17598,1687128
2021-09-29,"Tasmania","TAS",0,235,0,13,1155,359669,0,235,0,222,0,0,0,0,0,0,4856,591258
2021-09-29,"Victoria","VIC",929,35904,7,859,61322,11042046,929,35904,293,25158,-4,371,0,81,-6,55,90066,7163565
2021-09-29,"Western Australia","WA",0,1096,0,9,4990,1764597,0,1096,3,1083,0,0,0,0,0,0,25739,2370640
2021-09-30,"Australian Capital Territory","ACT",31,959,0,4,1704,476463,31,959,22,709,0,10,0,3,0,3,6149,677600
2021-09-30,"New South Wales","NSW",933,62353,6,392,120993,17126433,933,62353,0,2802,8,1090,1,213,-3,105,114338,10077159
2021-09-30,"Northern Territory","NT",1,211,0,0,1655,395116,1,211,0,204,1,7,0,0,0,0,2292,270366
2021-09-30,"Queensland","QLD",6,2035,0,7,14170,4359163,6,2035,0,2003,-1,9,0,0,0,0,51838,4778597
2021-09-30,"South Australia","SA",0,901,0,4,4415,2250881,0,901,0,895,0,0,0,0,0,0,18140,1705268
2021-09-30,"Tasmania","TAS",0,235,0,13,1031,360700,0,235,0,222,0,0,0,0,0,0,4803,596061
2021-09-30,"Victoria","VIC",1429,37333,5,864,65497,11107543,1429,37333,296,25454,27,398,2,83,2,57,84711,7248276
2021-09-30,"Western Australia","WA",0,1096,0,9,4729,1769326,0,1096,1,1084,0,0,0,0,0,0,26534,2397174
2021-10-01,"Australian Capital Territory","ACT",52,1011,2,6,3866,480329,52,1011,22,731,1,11,0,3,0,3,10480,688080
2021-10-01,"New South Wales","NSW",859,63212,15,407,112334,17238767,859,63212,0,2802,-35,1055,-3,210,-1,104,121763,10198922
2021-10-01,"Northern Territory","NT",1,212,0,0,-5194,389922,1,212,0,204,1,8,0,0,0,0,2042,272408
2021-10-01,"Queensland","QLD",4,2039,0,7,19699,4378862,4,2039,2,2005,5,14,0,0,0,0,58908,4837505
2021-10-01,"South Australia","SA",1,902,0,4,5540,2256421,1,902,1,896,0,0,0,0,0,0,18469,1723737
2021-10-01,"Tasmania","TAS",0,235,0,13,1019,361719,0,235,0,222,0,0,0,0,0,0,6848,602909
2021-10-01,"Victoria","VIC",1131,38464,3,867,62883,11170426,1131,38464,1203,26657,-3,395,4,87,2,59,94259,7342535
2021-10-01,"Western Australia","WA",0,1096,0,9,2971,1772297,0,1096,0,1084,0,0,0,0,0,0,28360,2425534
2021-10-02,"Australian Capital Territory","ACT",52,1063,0,6,3772,484101,52,1063,7,738,2,13,0,3,0,3,8794,696874
2021-10-02,"New South Wales","NSW",802,64014,10,417,98266,17337033,802,64014,0,2802,-50,1005,-8,202,-5,99,124439,10323361
2021-10-02,"Northern Territory","NT",0,212,0,0,1688,391610,0,212,0,204,0,8,0,0,0,0,1782,274190
2021-10-02,"Queensland","QLD",3,2042,0,7,21156,4400018,3,2042,2,2007,-1,13,0,0,0,0,54515,4892020
2021-10-02,"South Australia","SA",2,904,0,4,5854,2262275,2,904,-1,895,0,0,0,0,0,0,17428,1741165
2021-10-02,"Tasmania","TAS",0,235,0,13,886,362605,0,235,0,222,0,0,0,0,0,0,3884,606793
2021-10-02,"Victoria","VIC",1285,39749,2,869,71224,11241650,1285,39749,636,27293,34,429,10,97,-5,54,91450,7433985
2021-10-02,"Western Australia","WA",0,1096,0,9,0,1772297,0,1096,1,1085,0,0,0,0,0,0,25425,2450959
2021-10-03,"Australian Capital Territory","ACT",38,1101,0,6,1909,486010,38,1101,15,753,1,14,2,5,0,3,7582,704456
2021-10-03,"New South Wales","NSW",654,64668,10,427,88210,17425243,654,64668,0,2802,-24,981,-7,195,-6,93,64184,10387545
2021-10-03,"Northern Territory","NT",0,212,0,0,1144,392754,0,212,0,204,0,8,0,0,0,0,888,275078
2021-10-03,"Queensland","QLD",1,2043,0,7,18334,4418352,1,2043,0,2007,0,13,0,0,0,0,35414,4927434
2021-10-03,"South Australia","SA",1,905,0,4,4160,2266435,1,905,0,895,0,0,0,0,0,0,10433,1751598
2021-10-03,"Tasmania","TAS",0,235,0,13,743,363348,0,235,0,222,0,0,0,0,0,0,1680,608473
2021-10-03,"Victoria","VIC",1379,41128,3,872,71275,11312925,1379,41128,1182,28475,47,476,1,98,3,57,72198,7506183
2021-10-03,"Western Australia","WA",3,1099,0,9,0,1772297,3,1099,0,1085,2,2,0,0,0,0,19010,2469969
2021-10-04,"Australian Capital Territory","ACT",28,1129,0,6,2032,488042,28,1129,8,761,2,16,0,5,-2,1,6230,710686
2021-10-04,"New South Wales","NSW",611,65279,6,433,76892,17502135,611,65279,0,2802,-22,959,-2,193,4,97,29762,10417307
2021-10-04,"Northern Territory","NT",0,212,0,0,1234,393988,0,212,2,206,-2,6,0,0,0,0,636,275714
2021-10-04,"Queensland","QLD",3,2046,0,7,9410,4427762,3,2046,2,2009,2,15,0,0,0,0,27089,4954523
2021-10-04,"South Australia","SA",1,906,0,4,3941,2270376,1,906,0,895,0,0,0,0,0,0,8671,1760269
2021-10-04,"Tasmania","TAS",1,236,0,13,410,363758,1,236,0,222,0,0,0,0,0,0,805,609278
2021-10-04,"Victoria","VIC",1366,42494,4,876,67789,11380714,1366,42494,436,28911,22,498,-2,96,2,59,50017,7556200
2021-10-04,"Western Australia","WA",10,1109,0,9,9205,1781502,10,1109,0,1085,4,6,2,2,0,0,15327,2485296
2021-10-05,"Australian Capital Territory","ACT",33,1162,2,8,5471,493513,33,1162,9,770,-2,14,0,5,2,3,4845,715531
2021-10-05,"New South Wales","NSW",597,65876,7,440,85642,17587777,597,65876,0,2802,19,978,-3,190,0,97,22152,10439459
2021-10-05,"Northern Territory","NT",0,212,0,0,1698,395686,0,212,0,206,0,6,0,0,0,0,1508,277222
2021-10-05,"Queensland","QLD",2,2048,0,7,8692,4436454,2,2048,1,2010,1,16,0,0,0,0,19251,4973774
2021-10-05,"South Australia","SA",1,907,0,4,4619,2274995,1,907,1,896,0,0,0,0,0,0,7107,1767376
2021-10-05,"Tasmania","TAS",0,236,0,13,1061,364819,0,236,0,222,0,0,0,0,0,0,10048,619326
2021-10-05,"Victoria","VIC",1757,44251,4,880,62189,11442903,1757,44251,96,29007,19,517,5,101,7,66,96337,7652537
2021-10-05,"Western Australia","WA",1,1110,0,9,3481,1784983,1,1110,0,1085,0,6,0,2,0,0,24494,2509790
2021-10-06,"Australian Capital Territory","ACT",28,1190,1,9,2682,496195,28,1190,16,786,2,16,2,7,1,4,11076,726607
2021-10-06,"New South Wales","NSW",580,66456,10,450,90680,17678457,580,66456,0,2802,-19,959,-2,188,-4,93,140225,10579684
2021-10-06,"Northern Territory","NT",0,212,0,0,2068,397754,0,212,0,206,0,6,0,0,0,0,1256,278478
2021-10-06,"Queensland","QLD",3,2051,0,7,12752,4449206,3,2051,0,2010,0,16,0,0,0,0,50798,5024572
2021-10-06,"South Australia","SA",0,907,0,4,6110,2281105,0,907,0,896,0,0,0,0,0,0,20317,1787693
2021-10-06,"Tasmania","TAS",0,236,0,13,400,365219,0,236,0,222,0,0,0,0,0,0,5065,624391
2021-10-06,"Victoria","VIC",1413,45664,11,891,71451,11514354,1413,45664,1360,30367,8,525,-7,94,-13,53,95600,7748137
2021-10-06,"Western Australia","WA",0,1110,0,9,3422,1788405,0,1110,1,1086,0,6,0,2,0,0,26519,2536309
2021-10-07,"Australian Capital Territory","ACT",41,1231,0,9,3597,499792,41,1231,29,815,-1,15,0,7,2,6,8382,734989
2021-10-07,"New South Wales","NSW",568,67024,8,458,112186,17790643,568,67024,0,2802,-48,911,-7,181,-8,85,119982,10699666
2021-10-07,"Northern Territory","NT",0,212,0,0,650,398404,0,212,0,206,1,7,0,0,0,0,1856,280334
2021-10-07,"Queensland","QLD",5,2056,0,7,14942,4464148,5,2056,0,2010,1,17,0,0,0,0,57406,5081978
2021-10-07,"South Australia","SA",0,907,0,4,7068,2288173,0,907,0,896,0,0,0,0,0,0,20420,1808113
2021-10-07,"Tasmania","TAS",0,236,0,13,2010,367229,0,236,0,222,0,0,0,0,0,0,5337,629728
2021-10-07,"Victoria","VIC",1602,47266,2,893,77238,11591592,1602,47266,936,31303,39,564,21,115,21,74,96248,7844385
2021-10-07,"Western Australia","WA",0,1110,0,9,3175,1791580,0,1110,0,1086,0,6,0,2,0,0,26928,2563237
2021-10-08,"Australian Capital Territory","ACT",40,1271,0,9,2787,502579,40,1271,20,835,1,16,-1,6,-1,5,8340,743329
2021-10-08,"New South Wales","NSW",645,67669,11,469,103388,17894031,645,67669,0,2802,-55,856,-11,170,-10,75,115924,10815590
2021-10-08,"Northern Territory","NT",1,213,0,0,1526,399930,1,213,2,208,-2,5,0,0,0,0,1746,282080
2021-10-08,"Queensland","QLD",0,2056,0,7,15687,4479835,0,2056,4,2014,2,19,0,0,0,0,57030,5139008
2021-10-08,"South Australia","SA",1,908,0,4,6315,2294488,1,908,0,896,0,0,0,0,0,0,19882,1827995
2021-10-08,"Tasmania","TAS",0,236,0,13,1004,368233,0,236,0,222,0,0,0,0,0,0,4668,634396
2021-10-08,"Victoria","VIC",1823,49089,5,898,77554,11669146,1823,49089,69,31372,56,620,-1,114,2,76,95301,7939686
2021-10-08,"Western Australia","WA",0,1110,0,9,3490,1795070,0,1110,0,1086,0,6,0,2,0,0,27730,2590967
2021-10-09,"Australian Capital Territory","ACT",25,1296,0,9,5326,507905,25,1296,25,860,1,17,-1,5,0,5,6534,749863
2021-10-09,"New South Wales","NSW",577,68246,11,480,79894,17973925,577,68246,0,2802,-44,812,-7,163,0,75,121514,10937104
2021-10-09,"Northern Territory","NT",1,214,0,0,2098,402028,1,214,0,208,0,5,0,0,0,0,1987,284067
2021-10-09,"Queensland","QLD",3,2059,0,7,11278,4491113,3,2059,0,2014,2,21,0,0,0,0,51153,5190161
2021-10-09,"South Australia","SA",1,909,0,4,5095,2299583,1,909,5,901,0,0,0,0,0,0,19070,1847065
2021-10-09,"Tasmania","TAS",0,236,0,13,496,368729,0,236,0,222,0,0,0,0,0,0,5080,639476
2021-10-09,"Victoria","VIC",1923,51012,5,903,73443,11742589,1923,51012,1542,32914,-42,578,3,117,7,83,97753,8037439
2021-10-09,"Western Australia","WA",0,1110,0,9,0,1795070,0,1110,0,1086,-2,4,0,2,0,0,28208,2619175
2021-10-10,"Australian Capital Territory","ACT",30,1326,0,9,2321,510226,30,1326,27,887,-2,15,1,6,0,5,6196,756059
2021-10-10,"New South Wales","NSW",466,68712,6,486,86155,18060080,466,68712,0,2802,-18,794,-4,159,1,76,75640,11012744
2021-10-10,"Northern Territory","NT",0,214,0,0,553,402581,0,214,0,208,0,5,0,0,0,0,673,284740
2021-10-10,"Queensland","QLD",3,2062,0,7,7079,4498192,3,2062,0,2014,-2,19,0,0,0,0,36566,5226727
2021-10-10,"South Australia","SA",1,910,0,4,5228,2304811,1,910,0,901,0,0,0,0,0,0,12383,1859448
2021-10-10,"Tasmania","TAS",0,236,0,13,1150,369879,0,236,0,222,0,0,0,0,0,0,4332,643808
2021-10-10,"Victoria","VIC",1872,52884,5,908,74105,11816694,1872,52884,724,33638,31,609,9,126,5,88,80974,8118413
2021-10-10,"Western Australia","WA",0,1110,0,9,0,1795070,0,1110,0,1086,0,4,0,2,0,0,19643,2638818
2021-10-11,"Australian Capital Territory","ACT",32,1358,0,9,6589,516815,32,1358,10,897,3,18,1,7,1,6,4489,760548
2021-10-11,"New South Wales","NSW",493,69205,8,494,83498,18143578,493,69205,0,2802,-25,769,-6,153,0,76,42317,11055061
2021-10-11,"Northern Territory","NT",1,215,0,0,1174,403755,1,215,0,208,1,6,0,0,0,0,333,285073
2021-10-11,"Queensland","QLD",1,2063,0,7,6821,4505013,1,2063,1,2015,-1,18,0,0,0,0,34353,5261080
2021-10-11,"South Australia","SA",3,913,0,4,4533,2309344,3,913,0,901,0,0,0,0,0,0,9423,1868871
2021-10-11,"Tasmania","TAS",0,236,0,13,904,370783,0,236,0,222,0,0,0,0,0,0,3783,647591
2021-10-11,"Victoria","VIC",1586,54470,8,916,73138,11889832,1586,54470,908,34546,68,677,7,133,6,94,57486,8175899
2021-10-11,"Western Australia","WA",0,1110,0,9,9335,1804405,0,1110,0,1086,0,4,0,2,0,0,13906,2652724
2021-10-12,"Australian Capital Territory","ACT",28,1386,0,9,1923,518738,28,1386,33,930,1,19,1,8,0,6,6510,767058
2021-10-12,"New South Wales","NSW",347,69552,5,499,88988,18232566,347,69552,0,2802,-3,766,2,155,-2,74,118477,11173538
2021-10-12,"Northern Territory","NT",1,216,0,0,324,404079,1,216,0,208,1,7,0,0,0,0,1504,286577
2021-10-12,"Queensland","QLD",4,2067,0,7,8723,4513736,4,2067,3,2018,-1,17,0,0,0,0,49635,5310715
2021-10-12,"South Australia","SA",0,913,0,4,5517,2314861,0,913,2,903,0,0,0,0,0,0,17551,1886422
2021-10-12,"Tasmania","TAS",0,236,0,13,889,371672,0,236,0,222,0,0,0,0,0,0,4263,651854
2021-10-12,"Victoria","VIC",1428,55898,8,924,68509,11958341,1428,55898,805,35351,-2,675,11,144,6,100,91042,8266941
2021-10-12,"Western Australia","WA",1,1111,0,9,4206,1808611,1,1111,3,1089,-2,2,-1,1,0,0,24653,2677377
2021-10-13,"Australian Capital Territory","ACT",51,1437,0,9,2321,521059,51,1437,27,957,-3,16,0,8,-1,5,8509,775567
2021-10-13,"New South Wales","NSW",441,69993,4,503,105508,18338074,441,69993,0,2802,-50,716,-5,150,2,76,124384,11297922
2021-10-13,"Northern Territory","NT",6,222,0,0,2306,406385,6,222,7,215,0,7,0,0,0,0,1533,288110
2021-10-13,"Queensland","QLD",0,2067,0,7,9851,4523587,0,2067,0,2018,0,17,0,0,0,0,53358,5364073
2021-10-13,"South Australia","SA",1,914,0,4,6636,2321497,1,914,0,903,0,0,0,0,0,0,19681,1906103
2021-10-13,"Tasmania","TAS",1,237,0,13,551,372223,1,237,0,222,0,0,0,0,0,0,5720,657574
2021-10-13,"Victoria","VIC",1573,57471,13,937,79200,12037541,1573,57471,1326,36677,30,705,2,146,-8,92,97303,8364244
2021-10-13,"Western Australia","WA",0,1111,0,9,1774,1810385,0,1111,3,1092,0,2,0,1,0,0,27639,2705016
2021-10-14,"Australian Capital Territory","ACT",46,1483,1,10,5808,526867,46,1483,27,984,0,16,-2,6,0,5,6791,782358
2021-10-14,"New South Wales","NSW",398,70391,6,509,85133,18423207,398,70391,0,2802,-5,711,-7,143,-1,75,112935,11410857
2021-10-14,"Northern Territory","NT",0,222,0,0,2078,408463,0,222,0,215,0,7,0,0,0,0,2136,290246
2021-10-14,"Queensland","QLD",0,2067,0,7,10521,4534108,0,2067,0,2018,0,17,0,0,0,0,47338,5411411
2021-10-14,"South Australia","SA",0,914,0,4,6606,2328103,0,914,0,903,0,0,0,0,0,0,19126,1925229
2021-10-14,"Tasmania","TAS",0,237,0,13,1760,373983,0,237,0,222,0,0,0,0,0,0,6148,663722
2021-10-14,"Victoria","VIC",2239,59710,11,948,82762,12120303,2239,59710,2228,38905,1,706,1,147,0,92,97617,8461861
2021-10-14,"Western Australia","WA",0,1111,0,9,4590,1814975,0,1111,1,1093,0,2,0,1,0,0,28682,2733698
2021-10-15,"Australian Capital Territory","ACT",35,1518,1,11,3502,530369,35,1518,33,1017,0,16,2,8,0,5,7472,789830
2021-10-15,"New South Wales","NSW",390,70781,4,513,85000,18508207,390,70781,0,2802,-34,677,2,145,2,77,102122,11512979
2021-10-15,"Northern Territory","NT",0,222,0,0,3178,411641,0,222,0,215,0,7,0,0,0,0,2230,292476
2021-10-15,"Queensland","QLD",2,2069,0,7,9388,4543496,2,2069,8,2026,1,18,0,0,0,0,51623,5463034
2021-10-15,"South Australia","SA",0,914,0,4,6123,2334226,0,914,0,903,0,0,0,0,0,0,18520,1943749
2021-10-15,"Tasmania","TAS",0,237,0,13,1095,375078,0,237,0,222,0,0,0,0,0,0,6638,670360
2021-10-15,"Victoria","VIC",2159,61869,6,954,73942,12194245,2159,61869,690,39595,-11,695,10,157,0,92,99326,8561187
2021-10-15,"Western Australia","WA",0,1111,0,9,3695,1818670,0,1111,3,1096,-1,1,0,1,0,0,27428,2761126
2021-10-16,"Australian Capital Territory","ACT",20,1538,0,11,1732,532101,20,1538,18,1035,-1,15,2,10,0,5,6971,796801
2021-10-16,"New South Wales","NSW",318,71099,2,515,66311,18574518,318,71099,0,2802,-25,652,-7,138,-4,73,96245,11609224
2021-10-16,"Northern Territory","NT",2,224,0,0,1892,413533,2,224,0,215,2,9,0,0,0,0,2331,294807
2021-10-16,"Queensland","QLD",2,2071,0,7,7321,4550817,2,2071,8,2034,0,18,1,1,0,0,46063,5509097
2021-10-16,"South Australia","SA",1,915,0,4,5612,2339838,1,915,1,904,0,0,0,0,0,0,17536,1961285
2021-10-16,"Tasmania","TAS",0,237,0,13,1405,376483,0,237,0,222,0,0,0,0,0,0,5051,675411
2021-10-16,"Victoria","VIC",1967,63836,7,961,79214,12273459,1967,63836,1637,41232,103,798,6,163,14,106,99193,8660380
2021-10-16,"Western Australia","WA",1,1112,0,9,0,1818670,1,1112,1,1097,0,1,-1,0,0,0,28304,2789430
2021-10-17,"Australian Capital Territory","ACT",33,1571,0,11,1104,533205,33,1571,42,1077,1,16,-1,9,0,5,6388,803189
2021-10-17,"New South Wales","NSW",300,71399,10,525,69107,18643625,300,71399,0,2802,-33,619,-1,137,-2,71,49114,11658338
2021-10-17,"Northern Territory","NT",1,225,0,0,1255,414788,1,225,1,216,0,9,0,0,0,0,905,295712
2021-10-17,"Queensland","QLD",0,2071,0,7,6966,4557783,0,2071,2,2036,1,19,0,1,0,0,29557,5538654
2021-10-17,"South Australia","SA",0,915,0,4,5214,2345052,0,915,0,904,0,0,0,0,0,0,11678,1972963
2021-10-17,"Tasmania","TAS",0,237,0,13,1922,378405,0,237,0,222,0,0,0,0,0,0,4799,680210
2021-10-17,"Victoria","VIC",1769,65605,7,968,73501,12346960,1769,65605,33,41265,-21,777,-12,151,-12,94,77225,8737605
2021-10-17,"Western Australia","WA",0,1112,0,9,0,1818670,0,1112,2,1099,0,1,0,0,0,0,18018,2807448
2021-10-18,"Australian Capital Territory","ACT",17,1588,0,11,3434,536639,17,1588,62,1139,1,17,0,9,0,5,4947,808136
2021-10-18,"New South Wales","NSW",259,71658,5,530,60273,18703898,259,71658,0,2802,-13,606,-5,132,0,71,41117,11699455
2021-10-18,"Northern Territory","NT",0,225,0,0,871,415659,0,225,0,216,0,9,0,0,0,0,588,296300
2021-10-18,"Queensland","QLD",0,2071,0,7,5702,4563485,0,2071,4,2040,-1,18,0,1,0,0,27101,5565755
2021-10-18,"South Australia","SA",0,915,0,4,3827,2348879,0,915,0,904,0,0,0,0,0,0,9015,1981978
2021-10-18,"Tasmania","TAS",0,237,0,13,1481,379886,0,237,0,222,0,0,0,0,0,0,3647,683857
2021-10-18,"Victoria","VIC",1852,67457,7,975,69825,12416785,1852,67457,2894,44159,74,851,4,155,9,103,55839,8793444
2021-10-18,"Western Australia","WA",0,1112,0,9,8150,1826820,0,1112,0,1099,0,1,0,0,0,0,17552,2825000
2021-10-19,"Australian Capital Territory","ACT",24,1612,0,11,137,536776,24,1612,37,1176,1,18,1,10,0,5,8102,816238
2021-10-19,"New South Wales","NSW",265,71923,4,534,90597,18794495,265,71923,0,2802,-17,589,-4,128,-2,69,81658,11781113
2021-10-19,"Northern Territory","NT",0,225,0,0,1514,417173,0,225,0,216,0,9,0,0,0,0,2190,298490
2021-10-19,"Queensland","QLD",0,2071,0,7,8325,4571810,0,2071,0,2040,-3,15,0,1,0,0,42936,5608691
2021-10-19,"South Australia","SA",1,916,0,4,5193,2354072,1,916,0,904,0,0,0,0,0,0,18032,2000010
2021-10-19,"Tasmania","TAS",0,237,0,13,1651,381537,0,237,1,223,0,0,0,0,0,0,6133,689990
2021-10-19,"Victoria","VIC",1722,69179,11,986,68702,12485487,1722,69179,1562,45721,-67,784,-6,149,-3,100,100294,8893738
2021-10-19,"Western Australia","WA",0,1112,0,9,3630,1830450,0,1112,1,1100,0,1,0,0,0,0,21028,2846028
2021-10-20,"Australian Capital Territory","ACT",24,1636,0,11,4095,540871,24,1636,6,1182,2,20,-2,8,0,5,7200,823438
2021-10-20,"New South Wales","NSW",279,72202,7,541,88664,18883159,279,72202,0,2802,-37,552,-4,124,-3,66,73386,11854499
2021-10-20,"Northern Territory","NT",0,225,0,0,2095,419268,0,225,0,216,0,9,0,0,0,0,2260,300750
2021-10-20,"Queensland","QLD",1,2072,0,7,9775,4581585,1,2072,4,2044,-4,11,-1,0,0,0,46024,5654715
2021-10-20,"South Australia","SA",0,916,0,4,5581,2359653,0,916,0,904,0,0,0,0,0,0,17754,2017764
2021-10-20,"Tasmania","TAS",0,237,0,13,1468,383005,0,237,0,223,0,0,0,0,0,0,6800,696790
2021-10-20,"Victoria","VIC",1819,70998,12,998,78928,12564415,1819,70998,1685,47406,2,786,-2,147,-3,97,101590,8995328
2021-10-20,"Western Australia","WA",0,1112,0,9,1690,1832140,0,1112,1,1101,0,1,0,0,0,0,22858,2868886
2021-10-21,"Australian Capital Territory","ACT",28,1664,0,11,1784,542655,28,1664,49,1231,1,21,2,10,3,8,7094,830532
2021-10-21,"New South Wales","NSW",358,72560,1,542,86235,18969394,358,72560,0,2802,-29,523,0,124,0,66,70055,11924554
2021-10-21,"Northern Territory","NT",0,225,0,0,1167,420435,0,225,0,216,0,9,0,0,0,0,2348,303098
2021-10-21,"Queensland","QLD",5,2077,0,7,7619,4589204,5,2077,3,2047,0,11,0,0,0,0,51550,5706265
2021-10-21,"South Australia","SA",1,917,0,4,5540,2365193,1,917,1,905,0,0,0,0,0,0,17659,2035423
2021-10-21,"Tasmania","TAS",0,237,0,13,1304,384309,0,237,0,223,0,0,0,0,0,0,6224,703014
2021-10-21,"Victoria","VIC",2153,73151,12,1010,79544,12643959,2153,73151,1850,49256,-7,779,-6,141,-1,96,98577,9093905
2021-10-21,"Western Australia","WA",0,1112,0,9,5500,1837640,0,1112,0,1101,0,1,0,0,0,0,23808,2892694
2021-10-22,"Australian Capital Territory","ACT",13,1677,0,11,1217,543872,13,1677,52,1283,-1,20,1,11,-3,5,7965,838497
2021-10-22,"New South Wales","NSW",339,72899,5,547,76594,19045988,339,72899,0,2802,-41,482,1,125,1,67,68914,11993468
2021-10-22,"Northern Territory","NT",0,225,0,0,2779,423214,0,225,0,216,0,9,0,0,0,0,2381,305479
2021-10-22,"Queensland","QLD",5,2082,0,7,6339,4595543,5,2082,0,2047,3,14,1,1,0,0,50369,5756634
2021-10-22,"South Australia","SA",0,917,0,4,4965,2370158,0,917,0,905,0,0,0,0,0,0,17233,2052656
2021-10-22,"Tasmania","TAS",0,237,0,13,332,384641,0,237,0,223,0,0,0,0,0,0,4595,707609
2021-10-22,"Victoria","VIC",2189,75340,16,1026,77036,12720995,2189,75340,1832,51088,5,784,4,145,-2,94,102026,9195931
2021-10-22,"Western Australia","WA",0,1112,0,9,1962,1839602,0,1112,0,1101,0,1,0,0,0,0,27353,2920047
2021-10-23,"Australian Capital Territory","ACT",24,1701,0,11,1445,545317,24,1701,10,1293,-1,19,1,12,-1,4,7411,845908
2021-10-23,"New South Wales","NSW",313,73212,2,549,64118,19110106,313,73212,0,2802,-13,469,-2,123,0,67,66713,12060181
2021-10-23,"Northern Territory","NT",0,225,0,0,941,424155,0,225,0,216,0,9,0,0,0,0,2060,307539
2021-10-23,"Queensland","QLD",0,2082,0,7,9077,4604620,0,2082,1,2048,3,17,0,1,0,0,52358,5808992
2021-10-23,"South Australia","SA",0,917,0,4,4556,2374714,0,917,0,905,0,0,0,0,0,0,16005,2068661
2021-10-23,"Tasmania","TAS",0,237,0,13,829,385470,0,237,0,223,0,0,0,0,0,0,4299,711908
2021-10-23,"Victoria","VIC",1546,76886,9,1035,72858,12793853,1546,76886,1603,52691,-14,770,-1,144,-4,90,99558,9295489
2021-10-23,"Western Australia","WA",0,1112,0,9,0,1839602,0,1112,0,1101,0,1,0,0,0,0,25457,2945504
2021-10-24,"Australian Capital Territory","ACT",9,1710,0,11,552,545869,9,1710,19,1312,1,20,-1,11,0,4,6385,852293
2021-10-24,"New South Wales","NSW",288,73500,4,553,66740,19176846,288,73500,0,2802,5,474,-7,116,0,67,39116,12099297
2021-10-24,"Northern Territory","NT",0,225,0,0,1328,425483,0,225,0,216,0,9,0,0,0,0,843,308382
2021-10-24,"Queensland","QLD",0,2082,0,7,10001,4614621,0,2082,2,2050,-1,16,0,1,0,0,33473,5842465
2021-10-24,"South Australia","SA",1,918,0,4,3932,2378646,1,918,2,907,0,0,0,0,0,0,14214,2082875
2021-10-24,"Tasmania","TAS",0,237,0,13,703,386173,0,237,0,223,0,0,0,0,0,0,3495,715403
2021-10-24,"Victoria","VIC",1877,78763,11,1046,69624,12863477,1877,78763,37,52728,17,787,2,146,3,93,77425,9372914
2021-10-24,"Western Australia","WA",0,1112,0,9,0,1839602,0,1112,0,1101,0,1,0,0,0,0,19346,2964850
2021-10-25,"Australian Capital Territory","ACT",9,1719,0,11,1144,547013,9,1719,67,1379,0,20,-1,10,1,5,3437,855730
2021-10-25,"New South Wales","NSW",285,73785,4,557,59612,19236458,285,73785,0,2802,0,474,0,116,-10,57,15598,12114895
2021-10-25,"Northern Territory","NT",0,225,0,0,902,426385,0,225,3,219,-3,6,0,0,0,0,454,308836
2021-10-25,"Queensland","QLD",0,2082,0,7,5978,4620599,0,2082,3,2053,-1,15,-1,0,0,0,35564,5878029
2021-10-25,"South Australia","SA",0,918,0,4,3982,2382628,0,918,4,911,0,0,0,0,0,0,9446,2092321
2021-10-25,"Tasmania","TAS",0,237,0,13,1000,387173,0,237,0,223,0,0,0,0,0,0,2218,717621
2021-10-25,"Victoria","VIC",1389,80152,7,1053,56905,12920382,1389,80152,1544,54272,15,802,6,152,-1,92,48097,9421011
2021-10-25,"Western Australia","WA",0,1112,0,9,8724,1848326,0,1112,0,1101,0,1,0,0,0,0,11657,2976507
2021-10-26,"Australian Capital Territory","ACT",12,1731,0,11,3123,550136,12,1731,48,1427,-5,15,-1,9,0,5,8543,864273
2021-10-26,"New South Wales","NSW",272,74057,1,558,71352,19307810,272,74057,0,2802,-17,457,-7,109,0,57,46411,12161306
2021-10-26,"Northern Territory","NT",0,225,0,0,1230,427615,0,225,1,220,-1,5,0,0,0,0,1953,310789
2021-10-26,"Queensland","QLD",3,2085,0,7,8768,4629367,3,2085,0,2053,0,15,0,0,0,0,47918,5925947
2021-10-26,"South Australia","SA",0,918,0,4,4564,2387192,0,918,1,912,0,0,0,0,0,0,14819,2107140
2021-10-26,"Tasmania","TAS",0,237,0,13,897,388070,0,237,0,223,0,0,0,0,0,0,4317,721938
2021-10-26,"Victoria","VIC",1499,81651,4,1057,55679,12976061,1499,81651,1611,55883,15,817,-5,147,-4,88,87536,9508547
2021-10-26,"Western Australia","WA",0,1112,0,9,3815,1852141,0,1112,1,1102,0,1,0,0,0,0,24125,3000632
2021-10-27,"Australian Capital Territory","ACT",10,1741,0,11,1154,551290,10,1741,26,1453,-4,11,-3,6,0,5,6319,870592
2021-10-27,"New South Wales","NSW",295,74352,3,561,89875,19397685,295,74352,0,2802,-39,418,-12,97,0,57,47270,12208576
2021-10-27,"Northern Territory","NT",0,225,0,0,1954,429569,0,225,3,223,-3,2,0,0,0,0,1784,312573
2021-10-27,"Queensland","QLD",1,2086,0,7,10096,4639463,1,2086,1,2054,-2,13,0,0,0,0,48301,5974248
2021-10-27,"South Australia","SA",0,918,0,4,4508,2391700,0,918,0,912,0,0,0,0,0,0,16775,2123915
2021-10-27,"Tasmania","TAS",0,237,0,13,867,388937,0,237,1,224,0,0,0,0,0,0,4203,726141
2021-10-27,"Victoria","VIC",1447,83098,13,1070,83210,13059271,1447,83098,1985,57868,-69,748,-9,138,-1,87,77871,9586418
2021-10-27,"Western Australia","WA",0,1112,0,9,3748,1855889,0,1112,0,1102,0,1,0,0,0,0,25471,3026103
2021-10-28,"Australian Capital Territory","ACT",8,1749,0,11,1558,552848,8,1749,30,1483,-1,10,1,7,0,5,5194,875786
2021-10-28,"New South Wales","NSW",282,74634,2,563,89678,19487363,282,74634,0,2802,-37,381,-15,82,-19,38,48231,12256807
2021-10-28,"Northern Territory","NT",0,225,0,0,1365,430934,0,225,0,223,0,2,0,0,0,0,2173,314746
2021-10-28,"Queensland","QLD",1,2087,0,7,8390,4647853,1,2087,4,2058,-1,12,0,0,0,0,48316,6022564
2021-10-28,"South Australia","SA",0,918,0,4,4644,2396344,0,918,0,912,0,0,0,0,0,0,18783,2142698
2021-10-28,"Tasmania","TAS",0,237,0,13,722,389659,0,237,0,224,0,0,0,0,0,0,4250,730391
2021-10-28,"Victoria","VIC",1844,84942,25,1095,82648,13141919,1844,84942,3794,61662,-2,746,-1,137,-2,85,70773,9657191
2021-10-28,"Western Australia","WA",0,1112,0,9,2837,1858726,0,1112,1,1103,-1,0,0,0,0,0,23369,3049472
2021-10-29,"Australian Capital Territory","ACT",10,1759,0,11,2445,555293,10,1759,34,1517,-1,9,-1,6,0,5,5072,880858
2021-10-29,"New South Wales","NSW",253,74887,2,565,82840,19570203,253,74887,0,2802,-18,363,-2,80,-6,32,48475,12305282
2021-10-29,"Northern Territory","NT",0,225,0,0,1336,432270,0,225,0,223,0,2,0,0,0,0,2041,316787
2021-10-29,"Queensland","QLD",2,2089,0,7,8801,4656654,2,2089,0,2058,2,14,0,0,0,0,52635,6075199
2021-10-29,"South Australia","SA",0,918,0,4,4396,2400740,0,918,1,913,0,0,0,0,0,0,17789,2160487
2021-10-29,"Tasmania","TAS",0,237,0,13,615,390274,0,237,0,224,0,0,0,0,0,0,4426,734817
2021-10-29,"Victoria","VIC",1621,86563,10,1105,70180,13212099,1621,86563,70,61732,-8,738,-7,130,0,85,71641,9728832
2021-10-29,"Western Australia","WA",0,1112,0,9,2553,1861279,0,1112,0,1103,0,0,0,0,0,0,25453,3074925
2021-10-30,"Australian Capital Territory","ACT",9,1768,0,11,1208,556501,9,1768,12,1529,0,9,0,6,0,5,3994,884852
2021-10-30,"New South Wales","NSW",225,75112,3,568,77271,19647474,225,75112,0,2802,-20,343,1,81,1,33,46956,12352238
2021-10-30,"Northern Territory","NT",0,225,0,0,1308,433578,0,225,0,223,0,2,0,0,0,0,2090,318877
2021-10-30,"Queensland","QLD",0,2089,0,7,7391,4664045,0,2089,0,2058,-2,12,0,0,0,0,40107,6115306
2021-10-30,"South Australia","SA",0,918,0,4,3724,2404464,0,918,0,913,0,0,0,0,0,0,18022,2178509
2021-10-30,"Tasmania","TAS",0,237,0,13,467,390741,0,237,0,224,0,0,0,0,0,0,3834,738651
2021-10-30,"Victoria","VIC",1331,87894,11,1116,68484,13280583,1331,87894,3955,65687,9,747,5,135,-2,83,69817,9798649
2021-10-30,"Western Australia","WA",0,1112,0,9,0,1861279,0,1112,0,1103,0,0,0,0,0,0,25127,3100052
2021-10-31,"Australian Capital Territory","ACT",7,1775,0,11,1058,557559,7,1775,28,1557,0,9,-1,5,0,5,3026,887878
2021-10-31,"New South Wales","NSW",166,75278,1,569,75378,19722852,166,75278,0,2802,-3,340,-3,78,-1,32,25507,12377745
2021-10-31,"Northern Territory","NT",0,225,0,0,679,434257,0,225,0,223,0,2,0,0,0,0,639,319516
2021-10-31,"Queensland","QLD",0,2089,0,7,5422,4669467,0,2089,0,2058,-1,11,0,0,0,0,28859,6144165
2021-10-31,"South Australia","SA",0,918,0,4,3585,2408049,0,918,0,913,0,0,0,0,0,0,11998,2190507
2021-10-31,"Tasmania","TAS",0,237,0,13,372,391113,0,237,0,224,0,0,0,0,0,0,2921,741572
2021-10-31,"Victoria","VIC",930,88824,12,1128,56768,13337351,930,88824,0,65687,-45,702,-7,128,-3,80,51873,9850522
2021-10-31,"Western Australia","WA",0,1112,0,9,0,1861279,0,1112,0,1103,0,0,0,0,0,0,18010,3118062
2021-11-01,"Australian Capital Territory","ACT",5,1780,2,13,1026,558585,5,1780,43,1600,-1,8,-2,3,-2,3,1587,889465
2021-11-01,"New South Wales","NSW",129,75407,4,573,62857,19785709,129,75407,0,2802,9,349,-1,77,1,33,11227,12388972
2021-11-01,"Northern Territory","NT",0,225,0,0,1010,435267,0,225,1,224,-1,1,0,0,0,0,274,319790
2021-11-01,"Queensland","QLD",1,2090,0,7,5327,4674794,1,2090,10,2068,0,11,0,0,0,0,24474,6168639
2021-11-01,"South Australia","SA",0,918,0,4,2737,2410786,0,918,0,913,0,0,0,0,0,0,8078,2198585
2021-11-01,"Tasmania","TAS",0,237,0,13,618,391731,0,237,0,224,0,0,0,0,0,0,3109,744681
2021-11-01,"Victoria","VIC",1437,90261,4,1132,46065,13383416,1437,90261,1487,67174,-3,699,8,136,6,86,26810,9877332
2021-11-01,"Western Australia","WA",0,1112,0,9,7703,1868982,0,1112,0,1103,0,0,0,0,0,0,10205,3128267
2021-11-02,"Australian Capital Territory","ACT",8,1788,0,13,1822,560407,8,1788,25,1625,-1,7,1,4,1,4,3368,892833
2021-11-02,"New South Wales","NSW",171,75578,4,577,58988,19844697,171,75578,0,2802,-16,333,-5,72,2,35,38705,12427677
2021-11-02,"Northern Territory","NT",0,225,0,0,1693,436960,0,225,1,225,0,1,0,0,0,0,1825,321615
2021-11-02,"Queensland","QLD",0,2090,0,7,7186,4681980,0,2090,0,2068,0,11,0,0,0,0,43143,6211782
2021-11-02,"South Australia","SA",0,918,0,4,3521,2414307,0,918,0,913,0,0,0,0,0,0,15498,2214083
2021-11-02,"Tasmania","TAS",0,237,0,13,630,392361,0,237,0,224,0,0,0,0,0,0,2550,747231
2021-11-02,"Victoria","VIC",956,91217,9,1141,48002,13431418,956,91217,3497,70671,-32,667,-9,127,-10,76,59072,9936404
2021-11-02,"Western Australia","WA",0,1112,0,9,3226,1872208,0,1112,0,1103,0,0,0,0,0,0,22154,3150421
2021-11-03,"Australian Capital Territory","ACT",15,1803,0,13,1486,561893,15,1803,27,1652,-2,5,-2,2,-3,1,5987,898820
2021-11-03,"New South Wales","NSW",187,75765,4,581,114303,19959000,187,75765,0,2802,-24,309,-4,68,-3,32,43007,12470684
2021-11-03,"Northern Territory","NT",0,225,0,0,4801,441761,0,225,0,225,0,1,0,0,0,0,1640,323255
2021-11-03,"Queensland","QLD",-1,2089,0,7,9532,4691512,-1,2089,1,2069,1,12,0,0,0,0,41761,6253543
2021-11-03,"South Australia","SA",0,918,0,4,4139,2418446,0,918,0,913,0,0,0,0,0,0,14734,2228817
2021-11-03,"Tasmania","TAS",0,237,0,13,837,393198,0,237,0,224,0,0,0,0,0,0,4050,751281
2021-11-03,"Victoria","VIC",909,92126,8,1149,63278,13494696,909,92126,1949,72620,-10,657,-10,117,-7,69,17019,9953423
2021-11-03,"Western Australia","WA",0,1112,0,9,3569,1875777,0,1112,0,1103,0,0,0,0,0,0,19211,3169632
2021-11-04,"Australian Capital Territory","ACT",13,1816,0,13,2428,564321,13,1816,10,1662,1,6,0,2,1,2,3635,902455
2021-11-04,"New South Wales","NSW",308,76073,4,585,94661,20053661,308,76073,0,2802,-7,302,-4,64,-1,31,39825,12510509
2021-11-04,"Northern Territory","NT",1,226,0,0,1301,443062,1,226,0,225,0,1,0,0,0,0,2159,325414
2021-11-04,"Queensland","QLD",3,2092,0,7,5209,4696721,3,2092,0,2069,-3,9,0,0,0,0,40169,6293712
2021-11-04,"South Australia","SA",0,918,0,4,3718,2422164,0,918,1,914,0,0,0,0,0,0,16545,2245362
2021-11-04,"Tasmania","TAS",0,237,0,13,616,393814,0,237,0,224,0,0,0,0,0,0,4801,756082
2021-11-04,"Victoria","VIC",1213,93339,9,1158,50180,13544876,1213,93339,1891,74511,3,660,-3,114,9,78,59105,10012528
2021-11-04,"Western Australia","WA",0,1112,0,9,2353,1878130,0,1112,0,1103,0,0,0,0,0,0,15529,3185161
2021-11-05,"Australian Capital Territory","ACT",6,1822,1,14,1899,566220,6,1822,24,1686,-3,3,-1,1,-1,1,3627,906082
2021-11-05,"New South Wales","NSW",241,76314,3,588,80581,20134242,241,76314,0,2802,-17,285,-3,61,-3,28,36441,12546950
2021-11-05,"Northern Territory","NT",2,228,0,0,1657,444719,2,228,0,225,2,3,0,0,0,0,2192,327606
2021-11-05,"Queensland","QLD",2,2094,0,7,11827,4708548,2,2094,3,2072,-2,7,0,0,0,0,38664,6332376
2021-11-05,"South Australia","SA",0,918,0,4,4735,2426899,0,918,0,914,0,0,0,0,0,0,16611,2261973
2021-11-05,"Tasmania","TAS",0,237,0,13,773,394587,0,237,0,224,0,0,0,0,0,0,3977,760059
2021-11-05,"Victoria","VIC",1330,94669,10,1168,66155,13611031,1330,94669,42,74553,-26,634,-5,109,-5,73,57042,10069570
2021-11-05,"Western Australia","WA",0,1112,0,9,2729,1880859,0,1112,0,1103,0,0,0,0,0,0,23279,3208440
2021-11-06,"Australian Capital Territory","ACT",18,1840,0,14,851,567071,18,1840,7,1693,-1,2,0,1,0,1,3314,909396
2021-11-06,"New South Wales","NSW",266,76580,3,591,72350,20206592,266,76580,0,2802,-15,270,-6,55,-1,27,37877,12584827
2021-11-06,"Northern Territory","NT",1,229,0,0,1302,446021,1,229,0,225,1,4,0,0,0,0,4507,332113
2021-11-06,"Queensland","QLD",1,2095,0,7,7850,4716398,1,2095,4,2076,0,7,0,0,0,0,40173,6372549
2021-11-06,"South Australia","SA",0,918,0,4,3772,2430671,0,918,0,914,0,0,0,0,0,0,16748,2278721
2021-11-06,"Tasmania","TAS",0,237,0,13,593,395180,0,237,0,224,0,0,0,0,0,0,4498,764557
2021-11-06,"Victoria","VIC",1248,95917,7,1175,65410,13676441,1248,95917,3531,78084,17,651,-3,106,-3,70,54514,10124084
2021-11-06,"Western Australia","WA",0,1112,0,9,0,1880859,0,1112,0,1103,0,0,0,0,0,0,27840,3236280
2021-11-07,"Australian Capital Territory","ACT",13,1853,0,14,1502,568573,13,1853,14,1707,-1,1,0,1,0,1,1923,911319
2021-11-07,"New South Wales","NSW",237,76817,1,592,70276,20276868,237,76817,0,2802,-1,269,-3,52,-3,24,15389,12600216
2021-11-07,"Northern Territory","NT",0,229,0,0,2443,448464,0,229,0,225,0,4,0,0,0,0,2108,334221
2021-11-07,"Queensland","QLD",3,2098,0,7,5825,4722223,3,2098,0,2076,2,9,0,0,0,0,21478,6394027
2021-11-07,"South Australia","SA",0,918,0,4,3644,2434315,0,918,0,914,0,0,0,0,0,0,11225,2289946
2021-11-07,"Tasmania","TAS",0,237,0,13,415,395595,0,237,0,224,0,0,0,0,0,0,3919,768476
2021-11-07,"Victoria","VIC",1126,97043,9,1184,56649,13733090,1126,97043,1366,79450,-83,568,-10,96,-7,63,32054,10156138
2021-11-07,"Western Australia","WA",0,1112,0,9,0,1880859,0,1112,0,1103,0,0,0,0,0,0,16788,3253068
2021-11-08,"Australian Capital Territory","ACT",13,1866,0,14,1664,570237,13,1866,12,1719,0,1,0,1,0,1,1487,912806
2021-11-08,"New South Wales","NSW",171,76988,7,599,52939,20329807,171,76988,0,2802,-5,264,-4,48,-4,20,6127,12606343
2021-11-08,"Northern Territory","NT",0,229,0,0,5457,453921,0,229,0,225,0,4,0,0,0,0,1083,335304
2021-11-08,"Queensland","QLD",0,2098,0,7,5869,4728092,0,2098,0,2076,1,10,0,0,0,0,20380,6414407
2021-11-08,"South Australia","SA",0,918,0,4,3353,2437668,0,918,0,914,0,0,0,0,0,0,8000,2297946
2021-11-08,"Tasmania","TAS",0,237,0,13,436,396031,0,237,0,224,0,0,0,0,0,0,2372,770848
2021-11-08,"Victoria","VIC",1087,98130,5,1189,44479,13777569,1087,98130,1317,80767,-12,556,-5,91,-9,54,15633,10171771
2021-11-08,"Western Australia","WA",0,1112,0,9,8226,1889085,0,1112,0,1103,0,0,0,0,0,0,11344,3264412
2021-11-09,"Australian Capital Territory","ACT",18,1884,0,14,3499,573736,18,1884,4,1723,0,1,0,1,0,1,2910,915716
2021-11-09,"New South Wales","NSW",219,77207,4,603,66680,20396487,219,77207,0,2802,-10,254,-6,42,0,20,30108,12636451
2021-11-09,"Northern Territory","NT",1,230,0,0,2378,456299,1,230,0,225,1,5,0,0,0,0,4118,339422
2021-11-09,"Queensland","QLD",1,2099,0,7,8124,4736216,1,2099,1,2077,2,12,0,0,0,0,34630,6449037
2021-11-09,"South Australia","SA",0,918,0,4,4139,2441807,0,918,0,914,0,0,0,0,0,0,14730,2312676
2021-11-09,"Tasmania","TAS",0,237,0,13,644,396675,0,237,0,224,0,0,0,0,0,0,4122,774970
2021-11-09,"Victoria","VIC",1053,99183,10,1199,47794,13825363,1053,99183,1614,82381,23,579,-1,90,1,55,41981,10213752
2021-11-09,"Western Australia","WA",0,1112,0,9,3205,1892290,0,1112,0,1103,0,0,0,0,0,0,21939,3286351
2021-11-10,"Australian Capital Territory","ACT",9,1893,0,14,1698,575434,9,1893,9,1732,0,1,0,1,0,1,4506,920222
2021-11-10,"New South Wales","NSW",210,77417,3,606,95804,20492291,210,77417,0,2802,-19,235,-1,41,-3,17,27790,12664241
2021-11-10,"Northern Territory","NT",1,231,0,0,2782,459081,1,231,0,225,1,6,0,0,0,0,3631,343053
2021-11-10,"Queensland","QLD",3,2102,0,7,10875,4747091,3,2102,0,2077,0,12,0,0,0,0,35697,6484734
2021-11-10,"South Australia","SA",0,918,0,4,5145,2446952,0,918,0,914,0,0,0,0,0,0,14030,2326706
2021-11-10,"Tasmania","TAS",0,237,0,13,797,397472,0,237,0,224,0,0,0,0,0,0,5922,780892
2021-11-10,"Victoria","VIC",979,100162,14,1213,71601,13896964,979,100162,1541,83922,-108,471,-6,84,-9,46,38478,10252230
2021-11-10,"Western Australia","WA",0,1112,0,9,3119,1895409,0,1112,0,1103,0,0,0,0,0,0,19370,3305721
2021-11-11,"Australian Capital Territory","ACT",9,1902,0,14,0,575434,9,1902,9,1741,0,1,0,1,0,1,2946,923168
2021-11-11,"New South Wales","NSW",254,77671,1,607,77009,20569300,254,77671,0,2802,-7,228,-1,40,-1,16,25235,12689476
2021-11-11,"Northern Territory","NT",0,231,0,0,2152,461233,0,231,0,225,-1,5,0,0,0,0,3532,346585
2021-11-11,"Queensland","QLD",3,2105,0,7,8944,4756035,3,2105,0,2077,0,12,0,0,0,0,46289,6531023
2021-11-11,"South Australia","SA",0,918,0,4,4526,2451478,0,918,0,914,0,0,0,0,0,0,14685,2341391
2021-11-11,"Tasmania","TAS",0,237,0,13,734,398206,0,237,0,224,0,0,0,0,0,0,4073,784965
2021-11-11,"Victoria","VIC",1289,101451,4,1217,67105,13964069,1289,101451,641,84563,-14,457,-5,79,2,48,37205,10289435
2021-11-11,"Western Australia","WA",0,1112,0,9,2847,1898256,0,1112,0,1103,0,0,0,0,0,0,20168,3325889
2021-11-12,"Australian Capital Territory","ACT",15,1917,0,14,8965,584399,15,1917,11,1752,-1,0,-1,0,-1,0,2936,926104
2021-11-12,"New South Wales","NSW",280,77951,2,609,77119,20646419,280,77951,0,2802,8,236,-6,34,-1,15,24707,12714183
2021-11-12,"Northern Territory","NT",0,231,0,0,3411,464644,0,231,0,225,0,5,0,0,0,0,3361,349946
2021-11-12,"Queensland","QLD",4,2109,0,7,9473,4765508,4,2109,1,2078,2,14,0,0,0,0,53792,6584815
2021-11-12,"South Australia","SA",1,919,0,4,4506,2455984,1,919,0,914,0,0,0,0,0,0,14355,2355746
2021-11-12,"Tasmania","TAS",0,237,0,13,733,398939,0,237,0,224,0,0,0,0,0,0,4117,789082
2021-11-12,"Victoria","VIC",1101,102552,9,1226,67925,14031994,1101,102552,669,85232,-31,426,3,82,2,50,37355,10326790
2021-11-12,"Western Australia","WA",0,1112,0,9,1895,1900151,0,1112,0,1103,0,0,0,0,0,0,21380,3347269
2021-11-13,"Australian Capital Territory","ACT",11,1928,0,14,1418,585817,11,1928,3,1755,0,0,0,0,0,0,2352,928456
2021-11-13,"New South Wales","NSW",249,78200,0,609,58915,20705334,249,78200,0,2802,-8,228,-2,32,1,16,23776,12737959
2021-11-13,"Northern Territory","NT",0,231,0,0,1428,466072,0,231,0,225,1,6,0,0,0,0,3179,353125
2021-11-13,"Queensland","QLD",-3,2106,0,7,9201,4774709,-3,2106,1,2079,1,15,0,0,0,0,53151,6637966
2021-11-13,"South Australia","SA",1,920,0,4,4750,2460734,1,920,1,915,0,0,0,0,0,0,14641,2370387
2021-11-13,"Tasmania","TAS",0,237,0,13,657,399596,0,237,0,224,0,0,0,0,0,0,4102,793184
2021-11-13,"Victoria","VIC",1208,103760,4,1230,60818,14092812,1208,103760,631,85863,-21,405,-5,77,1,51,38375,10365165
2021-11-13,"Western Australia","WA",0,1112,0,9,0,1900151,0,1112,0,1103,0,0,0,0,0,0,20653,3367922
2021-11-14,"Australian Capital Territory","ACT",15,1943,0,14,1943,587760,15,1943,5,1760,0,0,0,0,0,0,1278,929734
2021-11-14,"New South Wales","NSW",193,78393,1,610,57878,20763212,193,78393,0,2802,-4,224,0,32,0,16,9340,12747299
2021-11-14,"Northern Territory","NT",1,232,0,0,1144,467216,1,232,0,225,0,6,0,0,0,0,909,354034
2021-11-14,"Queensland","QLD",0,2106,0,7,6587,4781296,0,2106,-1,2078,-1,14,0,0,0,0,31043,6669009
2021-11-14,"South Australia","SA",0,920,0,4,3376,2464110,0,920,0,915,0,0,0,0,0,0,10046,2380433
2021-11-14,"Tasmania","TAS",0,237,0,13,546,400142,0,237,0,224,0,0,0,0,0,0,2511,795695
2021-11-14,"Victoria","VIC",886,104646,4,1234,64218,14157030,886,104646,251,86114,-11,394,-2,75,-5,46,21153,10386318
2021-11-14,"Western Australia","WA",0,1112,0,9,0,1900151,0,1112,0,1103,0,0,0,0,0,0,14257,3382179
2021-11-15,"Australian Capital Territory","ACT",10,1953,0,14,1629,589389,10,1953,7,1767,1,1,0,0,0,0,738,930472
2021-11-15,"New South Wales","NSW",163,78556,1,611,50453,20813665,163,78556,0,2802,-8,216,0,32,-1,15,3183,12750482
2021-11-15,"Northern Territory","NT",2,234,0,0,1110,468326,2,234,1,226,0,6,0,0,0,0,447,354481
2021-11-15,"Queensland","QLD",3,2109,0,7,5636,4786932,3,2109,0,2078,0,14,0,0,0,0,30739,6699748
2021-11-15,"South Australia","SA",0,920,0,4,3946,2468056,0,920,0,915,0,0,0,0,0,0,6827,2387260
2021-11-15,"Tasmania","TAS",1,238,0,13,413,400555,1,238,0,224,0,0,0,0,0,0,2267,797962
2021-11-15,"Victoria","VIC",838,105484,5,1239,48104,14205134,838,105484,617,86731,-16,378,3,78,2,48,9651,10395969
2021-11-15,"Western Australia","WA",1,1113,0,9,8187,1908338,1,1113,0,1103,0,0,0,0,0,0,7508,3389687
2021-11-16,"Australian Capital Territory","ACT",12,1965,0,14,3542,592931,12,1965,2,1769,3,4,1,1,1,1,2521,932993
2021-11-16,"New South Wales","NSW",210,78766,2,613,67893,20881558,210,78766,0,2802,-6,210,0,32,1,16,19149,12769631
2021-11-16,"Northern Territory","NT",9,243,0,0,2254,470580,9,243,0,226,5,11,0,0,0,0,2336,356817
2021-11-16,"Queensland","QLD",1,2110,0,7,8004,4794936,1,2110,1,2079,-1,13,0,0,0,0,48314,6748062
2021-11-16,"South Australia","SA",1,921,0,4,4746,2472802,1,921,0,915,0,0,0,0,0,0,13935,2401195
2021-11-16,"Tasmania","TAS",0,238,0,13,880,401435,0,238,0,224,0,0,0,0,0,0,3639,801601
2021-11-16,"Victoria","VIC",778,106262,8,1247,53527,14258661,778,106262,4157,90888,16,394,-6,72,-4,44,29818,10425787
2021-11-16,"Western Australia","WA",3,1116,0,9,3383,1911721,3,1116,0,1103,0,0,0,0,0,0,20355,3410042
2021-11-17,"Australian Capital Territory","ACT",6,1971,0,14,2364,595295,6,1971,18,1787,-1,3,0,1,0,1,2494,935487
2021-11-17,"New South Wales","NSW",228,78994,0,613,88104,20969662,228,78994,0,2802,-3,207,1,33,-1,15,17810,12787441
2021-11-17,"Northern Territory","NT",6,249,0,0,2111,472691,6,249,-1,225,8,19,0,0,0,0,2441,359258
2021-11-17,"Queensland","QLD",0,2110,0,7,10857,4805793,0,2110,1,2080,-1,12,0,0,0,0,47346,6795408
2021-11-17,"South Australia","SA",0,921,0,4,4874,2477676,0,921,1,916,0,0,0,0,0,0,14727,2415922
2021-11-17,"Tasmania","TAS",0,238,0,13,946,402381,0,238,0,224,0,0,0,0,0,0,4588,806189
2021-11-17,"Victoria","VIC",983,107245,9,1256,72010,14330671,983,107245,845,91733,-37,357,-14,58,-9,35,27046,10452833
2021-11-17,"Western Australia","WA",0,1116,0,9,3280,1915001,0,1116,0,1103,0,0,0,0,0,0,19982,3430024
2021-11-18,"Australian Capital Territory","ACT",25,1996,0,14,2122,597417,25,1996,7,1794,0,3,0,1,0,1,2357,937844
2021-11-18,"New South Wales","NSW",260,79254,3,616,80402,21050064,260,79254,0,2802,-8,199,-4,29,-1,14,17737,12805178
2021-11-18,"Northern Territory","NT",1,250,0,0,2692,475383,1,250,0,225,6,25,0,0,0,0,2727,361985
2021-11-18,"Queensland","QLD",1,2111,0,7,9883,4815676,1,2111,0,2080,-2,10,0,0,0,0,43217,6838625
2021-11-18,"South Australia","SA",0,921,0,4,5481,2483157,0,921,0,916,0,0,0,0,0,0,14517,2430439
2021-11-18,"Tasmania","TAS",0,238,0,13,849,403230,0,238,0,224,0,0,0,0,0,0,3650,809839
2021-11-18,"Victoria","VIC",986,108231,10,1266,72270,14402941,986,108231,1422,93155,-20,337,5,63,-1,34,25620,10478453
2021-11-18,"Western Australia","WA",1,1117,0,9,2784,1917785,1,1117,0,1103,0,0,0,0,0,0,18652,3448676
2021-11-19,"Australian Capital Territory","ACT",17,2013,0,14,7647,605064,17,2013,22,1816,0,3,0,1,0,1,2302,940146
2021-11-19,"New South Wales","NSW",214,79468,3,619,72893,21122957,214,79468,0,2802,-3,196,-1,28,1,15,16080,12821258
2021-11-19,"Northern Territory","NT",2,252,0,0,2892,478275,2,252,3,228,-1,24,0,0,0,0,2596,364581
2021-11-19,"Queensland","QLD",1,2112,0,7,8539,4824215,1,2112,2,2082,-4,6,0,0,0,0,44312,6882937
2021-11-19,"South Australia","SA",1,922,0,4,4960,2488117,1,922,0,916,0,0,0,0,0,0,14946,2445385
2021-11-19,"Tasmania","TAS",0,238,0,13,677,403907,0,238,0,224,0,0,0,0,0,0,2237,812076
2021-11-19,"Victoria","VIC",1264,109495,8,1274,73020,14475961,1264,109495,1257,94412,-7,330,-6,57,-4,30,25292,10503745
2021-11-19,"Western Australia","WA",1,1118,0,9,2073,1919858,1,1118,0,1103,0,0,0,0,0,0,20144,3468820
2021-11-20,"Australian Capital Territory","ACT",13,2026,0,14,3474,608538,13,2026,17,1833,0,3,0,1,0,1,2084,942230
2021-11-20,"New South Wales","NSW",178,79646,0,619,61682,21184639,178,79646,0,2802,-5,191,0,28,2,17,15432,12836690
2021-11-20,"Northern Territory","NT",1,253,0,0,3083,481358,1,253,1,229,1,25,0,0,0,0,2289,366870
2021-11-20,"Queensland","QLD",0,2112,0,7,8722,4832937,0,2112,3,2085,1,7,0,0,0,0,39175,6922112
2021-11-20,"South Australia","SA",0,922,0,4,4682,2492799,0,922,0,916,0,0,0,0,0,0,15427,2460812
2021-11-20,"Tasmania","TAS",0,238,0,13,706,404613,0,238,0,224,0,0,0,0,0,0,6307,818383
2021-11-20,"Victoria","VIC",1167,110662,5,1279,64050,14540011,1167,110662,5394,99806,-18,312,-2,55,-6,24,20105,10523850
2021-11-20,"Western Australia","WA",1,1119,0,9,0,1919858,1,1119,0,1103,0,0,0,0,0,0,19646,3488466
2021-11-21,"Australian Capital Territory","ACT",16,2042,0,14,2268,610806,16,2042,18,1851,2,5,1,2,0,1,1043,943273
2021-11-21,"New South Wales","NSW",175,79821,2,621,55330,21239969,175,79821,0,2802,1,192,4,32,-2,15,5856,12842546
2021-11-21,"Northern Territory","NT",9,262,0,0,3005,484363,9,262,-2,227,4,29,0,0,0,0,700,367570
2021-11-21,"Queensland","QLD",0,2112,0,7,7008,4839945,0,2112,0,2085,-3,4,0,0,0,0,23704,6945816
2021-11-21,"South Australia","SA",0,922,0,4,4141,2496940,0,922,0,916,0,0,0,0,0,0,11073,2471885
2021-11-21,"Tasmania","TAS",0,238,0,13,439,405052,0,238,0,224,0,0,0,0,0,0,1974,820357
2021-11-21,"Victoria","VIC",1264,111926,4,1283,61650,14601661,1264,111926,1209,101015,5,317,1,56,1,25,16187,10540037
2021-11-21,"Western Australia","WA",1,1120,0,9,0,1919858,1,1120,0,1103,0,0,0,0,0,0,11550,3500016
2021-11-22,"Australian Capital Territory","ACT",11,2053,0,14,3499,614305,11,2053,4,1855,0,5,0,2,0,1,347,943620
2021-11-22,"New South Wales","NSW",176,79997,1,622,45405,21285374,176,79997,0,2802,10,202,-2,30,0,15,1609,12844155
2021-11-22,"Northern Territory","NT",3,265,0,0,1251,485614,3,265,0,227,8,37,0,0,0,0,331,367901
2021-11-22,"Queensland","QLD",0,2112,0,7,6551,4846496,0,2112,0,2085,0,4,0,0,0,0,5956,6951772
2021-11-22,"South Australia","SA",0,922,0,4,3786,2500726,0,922,0,916,0,0,0,0,0,0,6403,2478288
2021-11-22,"Tasmania","TAS",1,239,0,13,653,405705,1,239,0,224,0,0,0,0,0,0,125,820482
2021-11-22,"Victoria","VIC",1016,112942,3,1286,49818,14651479,1016,112942,1105,102120,-1,316,-12,44,-2,23,2641,10542678
2021-11-22,"Western Australia","WA",1,1121,0,9,9331,1929189,1,1121,0,1103,0,0,0,0,0,0,5948,3505964
2021-11-23,"Australian Capital Territory","ACT",19,2072,0,14,3024,617329,19,2072,17,1872,1,6,1,3,1,2,2521,946141
2021-11-23,"New South Wales","NSW",166,80163,2,624,52302,21337676,166,80163,0,2802,-6,196,4,34,0,15,14202,12858357
2021-11-23,"Northern Territory","NT",3,268,0,0,-1262,484352,3,268,0,227,4,41,0,0,0,0,1855,369756
2021-11-23,"Queensland","QLD",1,2113,0,7,7932,4854428,1,2113,1,2086,0,4,0,0,0,0,52892,7004664
2021-11-23,"South Australia","SA",0,922,0,4,4697,2505423,0,922,0,916,0,0,0,0,0,0,15612,2493900
2021-11-23,"Tasmania","TAS",0,239,0,13,1043,406748,0,239,0,224,0,0,0,0,0,0,3754,824236
2021-11-23,"Victoria","VIC",813,113755,19,1305,48427,14699906,813,113755,917,103037,-13,303,0,44,0,23,32282,10574960
2021-11-23,"Western Australia","WA",0,1121,0,9,2880,1932069,0,1121,0,1103,0,0,0,0,0,0,19411,3525375
2021-11-24,"Australian Capital Territory","ACT",15,2087,0,14,5788,623117,15,2087,13,1885,0,6,0,3,0,2,2394,948535
2021-11-24,"New South Wales","NSW",245,80408,2,626,80317,21417993,245,80408,0,2802,-1,195,1,35,-5,10,15146,12873503
2021-11-24,"Northern Territory","NT",11,279,0,0,3519,487871,11,279,0,227,2,43,0,0,0,0,1965,371721
2021-11-24,"Queensland","QLD",1,2114,0,7,474,4854902,1,2114,111,2197,-1,3,0,0,0,0,34520,7039184
2021-11-24,"South Australia","SA",1,923,0,4,6957,2512380,1,923,0,916,0,0,0,0,0,0,15197,2509097
2021-11-24,"Tasmania","TAS",0,239,0,13,753,407501,0,239,0,224,0,0,0,0,0,0,3744,827980
2021-11-24,"Victoria","VIC",1188,114943,3,1308,72754,14772660,1188,114943,831,103868,-19,284,8,52,6,29,17690,10592650
2021-11-24,"Western Australia","WA",0,1121,0,9,4079,1936148,0,1121,1,1104,0,0,0,0,0,0,18004,3543379
2021-11-25,"Australian Capital Territory","ACT",8,2095,0,14,2353,625470,8,2095,19,1904,1,7,0,3,1,3,2031,950566
2021-11-25,"New South Wales","NSW",273,80681,0,626,74926,21492919,273,80681,0,2802,-4,191,-4,31,0,10,13035,12886538
2021-11-25,"Northern Territory","NT",1,280,0,0,3020,490891,1,280,0,227,9,52,0,0,0,0,1979,373700
2021-11-25,"Queensland","QLD",3,2117,0,7,19448,4874350,3,2117,-97,2100,0,3,0,0,0,0,34810,7073994
2021-11-25,"South Australia","SA",3,926,0,4,8068,2520448,3,926,1,917,0,0,0,0,0,0,14048,2523145
2021-11-25,"Tasmania","TAS",0,239,0,13,718,408219,0,239,0,224,0,0,0,0,0,0,3526,831506
2021-11-25,"Victoria","VIC",1246,116189,5,1313,75348,14848008,1246,116189,739,104607,26,310,-4,48,2,31,19515,10612165
2021-11-25,"Western Australia","WA",1,1122,0,9,0,1936148,1,1122,1,1105,0,0,0,0,0,0,16950,3560329
2021-11-26,"Australian Capital Territory","ACT",8,2103,0,14,1723,627193,8,2103,10,1914,0,7,0,3,0,3,2057,952623
2021-11-26,"New South Wales","NSW",257,80938,0,626,73027,21565946,257,80938,0,2802,-6,185,-4,27,0,10,13798,12900336
2021-11-26,"Northern Territory","NT",0,280,0,0,11401,502292,0,280,3,230,0,52,0,0,0,0,1848,375548
2021-11-26,"Queensland","QLD",-1,2116,0,7,9326,4883676,-1,2116,0,2100,2,5,0,0,0,0,32081,7106075
2021-11-26,"South Australia","SA",2,928,0,4,7222,2527670,2,928,2,919,0,0,0,0,0,0,14190,2537335
2021-11-26,"Tasmania","TAS",0,239,0,13,656,408875,0,239,0,224,0,0,0,0,0,0,3880,835386
2021-11-26,"Victoria","VIC",1355,117544,7,1320,73419,14921427,1355,117544,737,105344,-2,308,-2,46,-5,26,20478,10632643
2021-11-26,"Western Australia","WA",0,1122,0,9,4299,1940447,0,1122,0,1105,0,0,0,0,0,0,17576,3577905
2021-11-27,"Australian Capital Territory","ACT",7,2110,0,14,2905,630098,7,2110,19,1933,-1,6,2,5,1,4,1880,954503
2021-11-27,"New South Wales","NSW",232,81170,0,626,62044,21627990,232,81170,0,2802,-11,174,-1,26,0,10,14226,12914562
2021-11-27,"Northern Territory","NT",2,282,0,0,2322,504614,2,282,0,230,0,52,0,0,0,0,2156,377704
2021-11-27,"Queensland","QLD",1,2117,0,7,8236,4891912,1,2117,2,2102,0,5,0,0,0,0,32204,7138279
2021-11-27,"South Australia","SA",3,931,0,4,7834,2535504,3,931,0,919,0,0,0,0,0,0,12518,2549853
2021-11-27,"Tasmania","TAS",0,239,0,13,206,409081,0,239,0,224,0,0,0,0,0,0,3331,838717
2021-11-27,"Victoria","VIC",1233,118777,5,1325,57292,14978719,1233,118777,858,106202,-9,299,-4,42,-4,22,20295,10652938
2021-11-27,"Western Australia","WA",0,1122,0,9,0,1940447,0,1122,1,1106,0,0,0,0,0,0,17772,3595677
2021-11-28,"Australian Capital Territory","ACT",7,2117,0,14,769,630867,7,2117,8,1941,1,7,0,5,0,4,667,955170
2021-11-28,"New South Wales","NSW",185,81355,0,626,54150,21682140,185,81355,0,2802,-9,165,-2,24,-1,9,4939,12919501
2021-11-28,"Northern Territory","NT",4,286,0,0,1283,505897,4,286,0,230,1,53,0,0,0,0,694,378398
2021-11-28,"Queensland","QLD",3,2120,0,7,7123,4899035,3,2120,0,2102,-1,4,0,0,0,0,16378,7154657
2021-11-28,"South Australia","SA",0,931,0,4,8242,2543746,0,931,1,920,0,0,0,0,0,0,8684,2558537
2021-11-28,"Tasmania","TAS",0,239,0,13,785,409866,0,239,0,224,0,0,0,0,0,0,1711,840428
2021-11-28,"Victoria","VIC",1038,119815,4,1329,52930,15031649,1038,119815,960,107162,-16,283,2,44,-2,20,8177,10661115
2021-11-28,"Western Australia","WA",-1,1121,0,9,0,1940447,-1,1121,3,1109,0,0,0,0,0,0,10359,3606036
2021-11-29,"Australian Capital Territory","ACT",7,2124,0,14,3582,634449,7,2124,15,1956,0,7,0,5,0,4,680,955850
2021-11-29,"New South Wales","NSW",144,81499,0,626,47175,21729315,144,81499,0,2802,5,170,1,25,1,10,1700,12921201
2021-11-29,"Northern Territory","NT",2,288,0,0,2442,508339,2,288,0,230,5,58,0,0,0,0,346,378744
2021-11-29,"Queensland","QLD",5,2125,0,7,6992,4906027,5,2125,2,2104,3,7,0,0,0,0,13684,7168341
2021-11-29,"South Australia","SA",1,932,0,4,7354,2551100,1,932,1,921,0,0,0,0,0,0,4826,2563363
2021-11-29,"Tasmania","TAS",0,239,0,13,630,410496,0,239,2,226,0,0,0,0,0,0,1716,842144
2021-11-29,"Victoria","VIC",999,120814,3,1332,48397,15080046,999,120814,826,107988,17,300,1,45,-3,17,3486,10664601
2021-11-29,"Western Australia","WA",0,1121,0,9,7187,1947634,0,1121,0,1109,0,0,0,0,0,0,6326,3612362
2021-11-30,"Australian Capital Territory","ACT",6,2130,0,14,2508,636957,6,2130,16,1972,1,8,-1,4,0,4,1926,957776
2021-11-30,"New South Wales","NSW",175,81674,3,629,62166,21791481,175,81674,0,2802,-10,160,1,26,1,11,13713,12934914
2021-11-30,"Northern Territory","NT",0,288,0,0,2882,511221,0,288,0,230,0,58,0,0,0,0,2027,380771
2021-11-30,"Queensland","QLD",2,2127,0,7,9068,4915095,2,2127,0,2104,5,12,0,0,0,0,27719,7196060
2021-11-30,"South Australia","SA",0,932,0,4,8093,2559193,0,932,0,921,0,0,0,0,0,0,11931,2575294
2021-11-30,"Tasmania","TAS",0,239,0,13,-5249,405247,0,239,0,226,0,0,0,0,0,0,2594,844738
2021-11-30,"Victoria","VIC",913,121727,6,1338,45658,15125704,913,121727,991,108979,5,305,-4,41,2,19,16552,10681153
2021-11-30,"Western Australia","WA",0,1121,0,9,3221,1950855,0,1121,2,1111,0,0,0,0,0,0,18785,3631147
2021-12-01,"Australian Capital Territory","ACT",4,2134,0,14,3232,640189,4,2134,13,1985,0,8,-1,3,-2,2,2232,960008
2021-12-01,"New South Wales","NSW",242,81916,0,629,85403,21876884,242,81916,0,2802,-6,154,-1,25,0,11,13929,12948843
2021-12-01,"Northern Territory","NT",3,291,0,0,2481,513702,3,291,0,230,-1,57,0,0,0,0,1854,382625
2021-12-01,"Queensland","QLD",3,2130,0,7,10433,4925528,3,2130,2,2106,2,14,0,0,0,0,27512,7223572
2021-12-01,"South Australia","SA",2,934,0,4,10730,2569923,2,934,0,921,0,0,0,0,0,0,11516,2586810
2021-12-01,"Tasmania","TAS",1,240,0,13,855,406102,1,240,0,226,0,0,0,0,0,0,2844,847582
2021-12-01,"Victoria","VIC",1163,122890,6,1344,74252,15199956,1163,122890,616,109595,-6,299,2,43,-1,18,13946,10695099
2021-12-01,"Western Australia","WA",0,1121,0,9,0,1950855,0,1121,0,1111,0,0,0,0,0,0,18355,3649502
2021-12-02,"Australian Capital Territory","ACT",8,2142,0,14,1316,641505,8,2142,15,2000,-1,7,0,3,0,2,1772,961780
2021-12-02,"New South Wales","NSW",264,82180,0,629,81877,21958761,264,82180,0,2802,-10,144,-1,24,-1,10,13643,12962486
2021-12-02,"Northern Territory","NT",1,292,0,0,3257,516959,1,292,3,233,3,60,0,0,0,0,2120,384745
2021-12-02,"Queensland","QLD",3,2133,0,7,10320,4935848,3,2133,1,2107,0,14,0,0,0,0,30366,7253938
2021-12-02,"South Australia","SA",19,953,0,4,8687,2578610,19,953,1,922,0,0,0,0,0,0,10858,2597668
2021-12-02,"Tasmania","TAS",0,240,0,13,818,406920,0,240,0,226,0,0,0,0,0,0,2678,850260
2021-12-02,"Victoria","VIC",1409,124299,10,1354,70343,15270299,1409,124299,630,110225,-11,288,-2,41,2,20,14820,10709919
2021-12-02,"Western Australia","WA",0,1121,0,9,11284,1962139,0,1121,0,1111,0,0,0,0,0,0,16551,3666053
2021-12-03,"Australian Capital Territory","ACT",4,2146,0,14,3059,644564,4,2146,12,2012,-3,4,0,3,0,2,2015,963795
2021-12-03,"New South Wales","NSW",334,82514,0,629,80930,22039691,334,82514,0,2802,-4,140,1,25,0,10,14713,12977199
2021-12-03,"Northern Territory","NT",2,294,1,1,3078,520037,2,294,0,233,1,61,0,0,0,0,1724,386469
2021-12-03,"Queensland","QLD",6,2139,0,7,10005,4945853,6,2139,0,2107,2,16,0,0,0,0,35620,7289558
2021-12-03,"South Australia","SA",4,957,0,4,10216,2588826,4,957,0,922,1,1,0,0,0,0,10198,2607866
2021-12-03,"Tasmania","TAS",0,240,0,13,684,407604,0,240,0,226,0,0,0,0,0,0,3173,853433
2021-12-03,"Victoria","VIC",1175,125474,11,1365,63214,15333513,1175,125474,979,111204,1,289,2,43,2,22,15365,10725284
2021-12-03,"Western Australia","WA",1,1122,0,9,2833,1964972,1,1122,0,1111,0,0,0,0,0,0,16276,3682329
2021-12-04,"Australian Capital Territory","ACT",7,2153,0,14,1040,645604,7,2153,8,2020,2,6,0,3,-2,0,1960,965755
2021-12-04,"New South Wales","NSW",323,82837,1,630,68435,22108126,323,82837,0,2802,-1,139,0,25,0,10,16208,12993407
2021-12-04,"Northern Territory","NT",0,294,0,1,2980,523017,0,294,0,233,1,62,1,1,0,0,1759,388228
2021-12-04,"Queensland","QLD",6,2145,0,7,10193,4956046,6,2145,0,2107,5,21,0,0,0,0,33091,7322649
2021-12-04,"South Australia","SA",5,962,0,4,10409,2599235,5,962,0,922,0,1,0,0,0,0,10149,2618015
2021-12-04,"Tasmania","TAS",0,240,0,13,548,408152,0,240,0,226,0,0,0,0,0,0,3243,856676
2021-12-04,"Victoria","VIC",1349,126823,9,1374,67545,15401058,1349,126823,-130,111074,-1,288,1,44,-2,20,15518,10740802
2021-12-04,"Western Australia","WA",0,1122,0,9,0,1964972,0,1122,1,1112,0,0,0,0,0,0,16487,3698816
2021-12-05,"Australian Capital Territory","ACT",3,2156,0,14,1748,647352,3,2156,12,2032,0,6,-1,2,0,0,872,966627
2021-12-05,"New South Wales","NSW",281,83118,1,631,66671,22174797,281,83118,0,2802,9,148,1,26,-5,5,5451,12998858
2021-12-05,"Northern Territory","NT",0,294,0,1,1695,524712,0,294,0,233,0,62,0,1,0,0,575,388803
2021-12-05,"Queensland","QLD",7,2152,0,7,8328,4964374,7,2152,0,2107,4,25,0,0,0,0,18871,7341520
2021-12-05,"South Australia","SA",6,968,0,4,11790,2611025,6,968,0,922,0,1,0,0,0,0,5981,2623996
2021-12-05,"Tasmania","TAS",0,240,0,13,604,408756,0,240,0,226,0,0,0,0,0,0,789,857465
2021-12-05,"Victoria","VIC",966,127789,7,1381,65449,15466507,966,127789,-91,110983,11,299,-4,40,-4,16,7151,10747953
2021-12-05,"Western Australia","WA",0,1122,0,9,0,1964972,0,1122,0,1112,0,0,0,0,0,0,9322,3708138
2021-12-06,"Australian Capital Territory","ACT",8,2164,0,14,1275,648627,8,2164,20,2052,0,6,1,3,0,0,571,967198
2021-12-06,"New South Wales","NSW",203,83321,0,631,61132,22235929,203,83321,0,2802,4,152,-2,24,0,5,1817,13000675
2021-12-06,"Northern Territory","NT",2,296,0,1,2432,527144,2,296,0,233,2,64,0,1,0,0,146,388949
2021-12-06,"Queensland","QLD",3,2155,0,7,10579,4974953,3,2155,0,2107,4,29,0,0,0,0,15258,7356778
2021-12-06,"South Australia","SA",3,971,0,4,15354,2626379,3,971,0,922,0,1,0,0,0,0,3271,2627267
2021-12-06,"Tasmania","TAS",0,240,0,13,686,409442,0,240,0,226,0,0,0,0,0,0,1549,859014
2021-12-06,"Victoria","VIC",1060,128849,6,1387,56337,15522844,1060,128849,-15,110968,11,310,5,45,3,19,3106,10751059
2021-12-06,"Western Australia","WA",0,1122,0,9,0,1964972,0,1122,0,1112,0,0,0,0,0,0,4893,3713031
2021-12-07,"Australian Capital Territory","ACT",3,2167,0,14,2032,650659,3,2167,16,2068,-1,5,0,3,1,1,2548,969746
2021-12-07,"New South Wales","NSW",251,83572,2,633,58706,22294635,251,83572,0,2802,3,155,4,28,0,5,14458,13015133
2021-12-07,"Northern Territory","NT",2,298,0,1,1887,529031,2,298,12,245,-13,51,0,1,0,0,1378,390327
2021-12-07,"Queensland","QLD",0,2155,0,7,12468,4987421,0,2155,2,2109,4,33,0,0,0,0,29795,7386573
2021-12-07,"South Australia","SA",4,975,0,4,13663,2640042,4,975,0,922,1,2,0,0,0,0,8717,2635984
2021-12-07,"Tasmania","TAS",0,240,0,13,740,410182,0,240,0,226,0,0,0,0,0,0,2172,861186
2021-12-07,"Victoria","VIC",1180,130029,7,1394,52257,15575101,1180,130029,4626,115594,-13,297,2,47,6,25,13204,10764263
2021-12-07,"Western Australia","WA",0,1122,0,9,13106,1978078,0,1122,0,1112,0,0,0,0,0,0,14598,3727629
2021-12-08,"Australian Capital Territory","ACT",8,2175,1,15,443,651102,8,2175,13,2081,-1,4,-1,2,0,1,2151,971897
2021-12-08,"New South Wales","NSW",395,83967,1,634,92566,22387201,395,83967,0,2802,-4,151,-3,25,2,7,13894,13029027
2021-12-08,"Northern Territory","NT",1,299,0,1,3555,532586,1,299,19,264,-16,35,0,1,0,0,1443,391770
2021-12-08,"Queensland","QLD",2,2157,0,7,8721,4996142,2,2157,1,2110,1,34,0,0,0,0,33055,7419628
2021-12-08,"South Australia","SA",1,976,0,4,15732,2655774,1,976,4,926,0,2,0,0,0,0,9141,2645125
2021-12-08,"Tasmania","TAS",0,240,0,13,982,411164,0,240,0,226,0,0,0,0,0,0,3350,864536
2021-12-08,"Victoria","VIC",1296,131325,5,1399,79490,15654591,1296,131325,3010,118604,6,303,4,51,2,27,12100,10776363
2021-12-08,"Western Australia","WA",0,1122,0,9,3621,1981699,0,1122,0,1112,0,0,0,0,0,0,13283,3740912
2021-12-09,"Australian Capital Territory","ACT",4,2179,0,15,3061,654163,4,2179,7,2088,1,5,0,2,-1,0,2226,974123
2021-12-09,"New South Wales","NSW",417,84384,1,635,84883,22472084,417,84384,0,2802,0,151,0,25,1,8,14418,13043445
2021-12-09,"Northern Territory","NT",5,304,0,1,2221,534807,5,304,2,266,4,39,0,1,0,0,1728,393498
2021-12-09,"Queensland","QLD",0,2157,0,7,14697,5010839,0,2157,0,2110,-7,27,0,0,0,0,37327,7456955
2021-12-09,"South Australia","SA",7,983,0,4,12878,2668652,7,983,2,928,0,2,0,0,0,0,10033,2655158
2021-12-09,"Tasmania","TAS",0,240,0,13,821,411985,0,240,0,226,0,0,0,0,0,0,3000,867536
2021-12-09,"Victoria","VIC",1217,132542,9,1408,71178,15725769,1217,132542,1315,119919,12,315,1,52,0,27,13303,10789666
2021-12-09,"Western Australia","WA",1,1123,0,9,2645,1984344,1,1123,0,1112,0,0,0,0,0,0,13189,3754101
2021-12-10,"Australian Capital Territory","ACT",6,2185,0,15,3708,657871,6,2185,9,2097,0,5,0,2,0,0,2183,976306
2021-12-10,"New South Wales","NSW",511,84895,0,635,90223,22562307,511,84895,0,2802,7,158,-1,24,1,9,15197,13058642
2021-12-10,"Northern Territory","NT",3,307,0,1,1934,536741,3,307,0,266,2,41,0,1,0,0,1558,395056
2021-12-10,"Queensland","QLD",8,2165,0,7,11045,5021884,8,2165,2,2112,-2,25,0,0,0,0,36639,7493594
2021-12-10,"South Australia","SA",8,991,0,4,10851,2679503,8,991,6,934,0,2,0,0,0,0,9393,2664551
2021-12-10,"Tasmania","TAS",0,240,0,13,623,412608,0,240,1,227,0,0,0,0,0,0,4701,872237
2021-12-10,"Victoria","VIC",1192,133734,2,1410,66784,15792553,1192,133734,1269,121188,-2,313,9,61,-2,25,13587,10803253
2021-12-10,"Western Australia","WA",0,1123,0,9,4139,1988483,0,1123,0,1112,0,0,0,0,0,0,13434,3767535
2021-12-11,"Australian Capital Territory","ACT",11,2196,0,15,3858,661729,11,2196,8,2105,0,5,0,2,0,0,2252,978558
2021-12-11,"New South Wales","NSW",552,85447,3,638,82517,22644824,552,85447,0,2802,-8,150,1,25,-1,8,17075,13075717
2021-12-11,"Northern Territory","NT",1,308,0,1,2856,539597,1,308,7,273,-10,31,-1,0,0,0,1553,396609
2021-12-11,"Queensland","QLD",2,2167,0,7,9254,5031138,2,2167,2,2114,0,25,0,0,0,0,25355,7518949
2021-12-11,"South Australia","SA",7,998,0,4,13435,2692938,7,998,6,940,1,3,0,0,0,0,9143,2673694
2021-12-11,"Tasmania","TAS",0,240,0,13,497,413105,0,240,0,227,0,0,0,0,0,0,3978,876215
2021-12-11,"Victoria","VIC",1177,134911,13,1423,82895,15875448,1177,134911,852,122040,10,323,7,68,4,29,14233,10817486
2021-12-11,"Western Australia","WA",0,1123,0,9,0,1988483,0,1123,0,1112,0,0,0,0,0,0,12794,3780329
2021-12-12,"Australian Capital Territory","ACT",1,2197,0,15,543,662272,1,2197,7,2112,-1,4,0,2,0,0,970,979528
2021-12-12,"New South Wales","NSW",477,85924,2,640,90804,22735628,477,85924,0,2802,6,156,-2,23,-1,7,7358,13083075
2021-12-12,"Northern Territory","NT",3,311,0,1,4790,544387,3,311,2,275,3,34,0,0,0,0,365,396974
2021-12-12,"Queensland","QLD",1,2168,0,7,11902,5043040,1,2168,0,2114,3,28,0,0,0,0,18807,7537756
2021-12-12,"South Australia","SA",10,1008,0,4,13611,2706549,10,1008,0,940,0,3,0,0,0,0,5308,2679002
2021-12-12,"Tasmania","TAS",0,240,0,13,655,413760,0,240,0,227,0,0,0,0,0,0,1654,877869
2021-12-12,"Victoria","VIC",1048,135959,2,1425,67312,15942760,1048,135959,1110,123150,-13,310,6,74,8,37,6792,10824278
2021-12-12,"Western Australia","WA",0,1123,0,9,0,1988483,0,1123,1,1113,0,0,0,0,0,0,8083,3788412
2021-12-13,"Australian Capital Territory","ACT",3,2200,0,15,2869,665141,3,2200,10,2122,0,4,0,2,0,0,690,980218
2021-12-13,"New South Wales","NSW",529,86453,0,640,75001,22810629,529,86453,0,2802,15,171,1,24,2,9,3080,13086155
2021-12-13,"Northern Territory","NT",17,328,0,1,-3755,540632,17,328,0,275,6,40,0,0,0,0,259,397233
2021-12-13,"Queensland","QLD",8,2176,0,7,9308,5052348,8,2176,1,2115,0,28,0,0,0,0,4656,7542412
2021-12-13,"South Australia","SA",12,1020,0,4,15090,2721639,12,1020,11,951,0,3,0,0,0,0,3631,2682633
2021-12-13,"Tasmania","TAS",0,240,0,13,510,414270,0,240,0,227,0,0,0,0,0,0,1027,878896
2021-12-13,"Victoria","VIC",1268,137227,2,1427,55122,15997882,1268,137227,1010,124160,13,323,3,77,3,40,5115,10829393
2021-12-13,"Western Australia","WA",1,1124,0,9,10112,1998595,1,1124,0,1113,0,0,0,0,0,0,4445,3792857
2021-12-14,"Australian Capital Territory","ACT",4,2204,0,15,4139,669280,4,2204,7,2129,0,4,-1,1,0,0,3477,983695
2021-12-14,"New South Wales","NSW",795,87248,1,641,86562,22897191,795,87248,0,2802,-3,168,-3,21,0,9,29054,13115209
2021-12-14,"Northern Territory","NT",2,330,0,1,2783,543415,2,330,0,275,7,47,0,0,0,0,1653,398886
2021-12-14,"Queensland","QLD",4,2180,0,7,10667,5063015,4,2180,6,2121,-3,25,0,0,0,0,62409,7604821
2021-12-14,"South Australia","SA",11,1031,0,4,14803,2736442,11,1031,6,957,-1,2,0,0,0,0,12097,2694730
2021-12-14,"Tasmania","TAS",0,240,0,13,1046,415316,0,240,0,227,0,0,0,0,0,0,2357,881253
2021-12-14,"Victoria","VIC",1182,138409,6,1433,54467,16052349,1182,138409,1663,125823,41,364,3,80,4,44,26248,10855641
2021-12-14,"Western Australia","WA",1,1125,0,9,4026,2002621,1,1125,0,1113,0,0,0,0,0,0,16469,3809326
2021-12-15,"Australian Capital Territory","ACT",7,2211,0,15,3609,672889,7,2211,6,2135,-1,3,0,1,0,0,5982,989677
2021-12-15,"New South Wales","NSW",1347,88595,1,642,104501,23001692,1347,88595,0,2802,-2,166,3,24,-2,7,35672,13150881
2021-12-15,"Northern Territory","NT",12,342,0,1,2701,546116,12,342,0,275,14,61,0,0,0,0,1653,400539
2021-12-15,"Queensland","QLD",8,2188,0,7,12325,5075340,8,2188,1,2122,3,28,0,0,0,0,52195,7657016
2021-12-15,"South Australia","SA",26,1057,0,4,17296,2753738,26,1057,4,961,0,2,0,0,0,0,13777,2708507
2021-12-15,"Tasmania","TAS",0,240,0,13,985,416301,0,240,0,227,0,0,0,0,0,0,3116,884369
2021-12-15,"Victoria","VIC",1395,139804,3,1436,77066,16129415,1395,139804,1036,126859,1,365,4,84,2,46,30874,10886515
2021-12-15,"Western Australia","WA",0,1125,0,9,4167,2006788,0,1125,0,1113,0,0,0,0,0,0,18646,3827972
2021-12-16,"Australian Capital Territory","ACT",11,2222,0,15,3868,676757,11,2222,11,2146,0,3,0,1,0,0,3840,993517
2021-12-16,"New South Wales","NSW",1738,90333,0,642,143938,23145630,1738,90333,0,2802,26,192,2,26,1,8,43268,13194149
2021-12-16,"Northern Territory","NT",1,343,0,1,3674,549790,1,343,0,275,1,62,0,0,0,0,2267,402806
2021-12-16,"Queensland","QLD",21,2209,0,7,11673,5087013,21,2209,7,2129,2,30,0,0,0,0,55795,7712811
2021-12-16,"South Australia","SA",24,1081,0,4,19398,2773136,24,1081,8,969,-1,1,0,0,0,0,15602,2724109
2021-12-16,"Tasmania","TAS",1,241,0,13,950,417251,1,241,0,227,0,0,0,0,0,0,6314,890683
2021-12-16,"Victoria","VIC",1611,141415,9,1445,80841,16210256,1611,141415,868,127727,19,384,3,87,3,49,36193,10922708
2021-12-16,"Western Australia","WA",0,1125,0,9,4165,2010953,0,1125,0,1113,0,0,0,0,0,0,20135,3848107
2021-12-17,"Australian Capital Territory","ACT",20,2242,0,15,3704,680461,20,2242,6,2152,1,4,0,1,0,0,4216,997733
2021-12-17,"New South Wales","NSW",2199,92532,1,643,127583,23273213,2199,92532,0,2802,23,215,-2,24,0,8,47860,13242009
2021-12-17,"Northern Territory","NT",8,351,0,1,3873,553663,8,351,0,275,5,67,0,0,0,0,2243,405049
2021-12-17,"Queensland","QLD",18,2227,0,7,14649,5101662,18,2227,7,2136,12,42,0,0,0,0,63005,7775816
2021-12-17,"South Australia","SA",62,1143,0,4,17387,2790523,62,1143,3,972,1,2,0,0,0,0,15835,2739944
2021-12-17,"Tasmania","TAS",2,243,0,13,1057,418308,2,243,0,227,0,0,0,0,0,0,5250,895933
2021-12-17,"Victoria","VIC",1492,142907,7,1452,82301,16292557,1492,142907,1159,128886,2,386,-5,82,-6,43,39640,10962348
2021-12-17,"Western Australia","WA",0,1125,0,9,2174,2013127,0,1125,0,1113,0,0,0,0,0,0,20821,3868928
2021-12-18,"Australian Capital Territory","ACT",18,2260,0,15,4757,685218,18,2260,4,2156,-1,3,-1,0,0,0,4360,1002093
2021-12-18,"New South Wales","NSW",2468,95000,1,644,137149,23410362,2468,95000,0,2802,-9,206,2,26,1,9,54277,13296286
2021-12-18,"Northern Territory","NT",1,352,0,1,493,554156,1,352,6,281,4,71,1,1,0,0,2128,407177
2021-12-18,"Queensland","QLD",31,2258,0,7,16120,5117782,31,2258,2,2138,9,51,0,0,0,0,66620,7842436
2021-12-18,"South Australia","SA",73,1216,0,4,19232,2809755,73,1216,7,979,0,2,0,0,0,0,14581,2754525
2021-12-18,"Tasmania","TAS",1,244,0,13,1512,419820,1,244,0,227,0,0,0,0,0,0,4189,900122
2021-12-18,"Victoria","VIC",1435,144342,7,1459,88083,16380640,1435,144342,563,129449,-2,384,2,84,0,43,41847,11004195
2021-12-18,"Western Australia","WA",0,1125,0,9,0,2013127,0,1125,0,1113,0,0,0,0,0,0,21151,3890079
2021-12-19,"Australian Capital Territory","ACT",18,2278,0,15,1181,686399,18,2278,4,2160,0,3,0,0,0,0,0,1002093
2021-12-19,"New South Wales","NSW",2558,97558,0,644,148937,23559299,2558,97558,0,2802,21,227,2,28,1,10,27512,13323798
2021-12-19,"Northern Territory","NT",9,361,0,1,5394,559550,9,361,1,282,5,76,0,1,0,0,514,407691
2021-12-19,"Queensland","QLD",39,2297,0,7,18302,5136084,39,2297,3,2141,6,57,0,0,0,0,35153,7877589
2021-12-19,"South Australia","SA",80,1296,0,4,16879,2826634,80,1296,4,983,2,4,0,0,0,0,8116,2762641
2021-12-19,"Tasmania","TAS",3,247,0,13,669,420489,3,247,0,227,0,0,0,0,0,0,2129,902251
2021-12-19,"Victoria","VIC",1228,145570,4,1463,76033,16456673,1228,145570,1574,131023,8,392,-3,81,-2,41,18370,11022565
2021-12-19,"Western Australia","WA",0,1125,0,9,0,2013127,0,1125,1,1114,0,0,0,0,0,0,10706,3900785
2021-12-20,"Australian Capital Territory","ACT",13,2291,0,15,7732,694131,13,2291,4,2164,0,3,0,0,0,0,4992,1007085
2021-12-20,"New South Wales","NSW",2482,100040,0,644,144368,23703667,2482,100040,0,2802,34,261,5,33,1,11,13738,13337536
2021-12-20,"Northern Territory","NT",2,363,0,1,3309,562859,2,363,0,282,-63,13,0,1,0,0,423,408114
2021-12-20,"Queensland","QLD",59,2356,0,7,12371,5148455,59,2356,0,2141,9,66,0,0,0,0,21878,7899467
2021-12-20,"South Australia","SA",104,1400,0,4,20223,2846857,104,1400,7,990,2,6,0,0,0,0,5818,2768459
2021-12-20,"Tasmania","TAS",4,251,0,13,2729,423218,4,251,-2,225,0,0,0,0,0,0,3667,905918
2021-12-20,"Victoria","VIC",1289,146859,0,1463,71491,16528164,1289,146859,1207,132230,14,406,0,81,2,43,9813,11032378
2021-12-20,"Western Australia","WA",0,1125,0,9,10764,2023891,0,1125,0,1114,0,0,0,0,0,0,6147,3906932
2021-12-21,"Australian Capital Territory","ACT",16,2307,0,15,6473,700604,16,2307,4,2168,0,3,0,0,0,0,4802,1011887
2021-12-21,"New South Wales","NSW",3033,103073,2,646,136972,23840639,3033,103073,0,2802,23,284,6,39,0,11,51909,13389445
2021-12-21,"Northern Territory","NT",13,376,0,1,2019,564878,13,376,0,282,2,15,0,1,0,0,1975,410089
2021-12-21,"Queensland","QLD",72,2428,0,7,35493,5183948,72,2428,5,2146,9,75,1,1,0,0,49733,7949200
2021-12-21,"South Australia","SA",154,1554,0,4,17910,2864767,154,1554,0,990,1,7,0,0,0,0,14747,2783206
2021-12-21,"Tasmania","TAS",3,254,0,13,1747,424965,3,254,0,225,0,0,0,0,0,0,4665,910583
2021-12-21,"Victoria","VIC",1230,148089,6,1469,66888,16595052,1230,148089,933,133163,-14,392,-8,73,0,43,44601,11076979
2021-12-21,"Western Australia","WA",1,1126,0,9,4200,2028091,1,1126,0,1114,0,0,0,0,0,0,22310,3929242
2021-12-22,"Australian Capital Territory","ACT",58,2365,0,15,2042,702646,58,2365,8,2176,0,3,0,0,0,0,5657,1017544
2021-12-22,"New South Wales","NSW",3737,106810,2,648,151443,23992082,3737,106810,0,2802,18,302,1,40,1,12,55084,13444529
2021-12-22,"Northern Territory","NT",5,381,0,1,4743,569621,5,381,0,282,-5,10,-1,0,0,0,2065,412154
2021-12-22,"Queensland","QLD",185,2613,0,7,29883,5213831,185,2613,0,2146,5,80,0,1,0,0,53661,8002861
2021-12-22,"South Australia","SA",193,1747,0,4,22022,2886789,193,1747,11,1001,-2,5,0,0,0,0,15564,2798770
2021-12-22,"Tasmania","TAS",12,266,0,13,4019,428984,12,266,0,225,0,0,0,0,0,0,5907,916490
2021-12-22,"Victoria","VIC",1506,149595,6,1475,92262,16687314,1506,149595,1078,134241,2,394,-3,70,-2,41,47579,11124558
2021-12-22,"Western Australia","WA",4,1130,0,9,3868,2031959,4,1130,0,1114,0,0,0,0,0,0,21812,3951054
2021-12-23,"Australian Capital Territory","ACT",85,2450,0,15,5914,708560,85,2450,14,2190,0,3,0,0,0,0,5358,1022902
2021-12-23,"New South Wales","NSW",5686,112496,1,649,160471,24152553,5686,112496,0,2802,45,347,5,45,1,13,60241,13504770
2021-12-23,"Northern Territory","NT",12,393,0,1,2605,572226,12,393,0,282,1,11,2,2,0,0,2369,414523
2021-12-23,"Queensland","QLD",364,2977,0,7,33749,5247580,364,2977,0,2146,14,94,0,1,0,0,54727,8057588
2021-12-23,"South Australia","SA",482,2229,0,4,25175,2911964,482,2229,10,1011,3,8,1,1,0,0,15171,2813941
2021-12-23,"Tasmania","TAS",22,288,0,13,3383,432367,22,288,0,225,1,1,0,0,0,0,5333,921823
2021-12-23,"Victoria","VIC",1982,151577,10,1485,85112,16772426,1982,151577,1059,135300,4,398,2,72,-2,39,49594,11174152
2021-12-23,"Western Australia","WA",1,1131,0,9,2796,2034755,1,1131,0,1114,0,0,0,0,0,0,23114,3974168
2021-12-24,"Australian Capital Territory","ACT",102,2552,0,15,7217,715777,102,2552,13,2203,-1,2,0,0,0,0,5331,1028233
2021-12-24,"New South Wales","NSW",5580,118076,1,650,164144,24316697,5580,118076,0,2802,35,382,8,53,-1,12,55176,13559946
2021-12-24,"Northern Territory","NT",10,403,0,1,2830,575056,10,403,0,282,-1,10,-1,1,0,0,1994,416517
2021-12-24,"Queensland","QLD",586,3563,0,7,30668,5278248,586,3563,0,2146,17,111,0,1,0,0,47344,8104932
2021-12-24,"South Australia","SA",688,2917,0,4,23452,2935416,688,2917,0,1011,0,8,0,1,0,0,12381,2826322
2021-12-24,"Tasmania","TAS",27,315,0,13,3112,435479,27,315,0,225,0,1,0,0,0,0,5707,927530
2021-12-24,"Victoria","VIC",2054,153631,8,1493,81565,16853991,2054,153631,1376,136676,-1,397,3,75,1,40,43037,11217189
2021-12-24,"Western Australia","WA",2,1133,0,9,8845,2043600,2,1133,0,1114,0,0,0,0,0,0,21959,3996127
2021-12-25,"Australian Capital Territory","ACT",142,2694,0,15,0,715777,142,2694,0,2203,0,2,0,0,0,0,0,1028233
2021-12-25,"New South Wales","NSW",6288,124364,0,650,149261,24465958,6288,124364,0,2802,6,388,-1,52,0,12,0,13559946
2021-12-25,"Northern Territory","NT",19,422,0,1,160,575216,19,422,0,282,9,19,0,1,0,0,0,416517
2021-12-25,"Queensland","QLD",765,4328,0,7,33971,5312219,765,4328,0,2146,0,111,0,1,0,0,0,8104932
2021-12-25,"South Australia","SA",634,3551,0,4,21573,2956989,634,3551,66,1077,4,12,3,4,0,0,0,2826322
2021-12-25,"Tasmania","TAS",33,348,0,13,2124,437603,33,348,0,225,-1,0,0,0,0,0,0,927530
2021-12-25,"Victoria","VIC",2108,155739,6,1499,83456,16937447,2108,155739,0,136676,-36,361,-4,71,2,42,0,11217189
2021-12-25,"Western Australia","WA",7,1140,0,9,0,2043600,7,1140,0,1114,0,0,0,0,0,0,0,3996127
2021-12-26,"Australian Capital Territory","ACT",62,2756,0,15,4299,720076,62,2756,0,2203,-1,1,0,0,0,0,0,1028233
2021-12-26,"New South Wales","NSW",6337,130701,0,650,109545,24575503,6337,130701,0,2802,70,458,0,52,3,15,0,13559946
2021-12-26,"Northern Territory","NT",10,432,0,1,1207,576423,10,432,0,282,-1,18,0,1,0,0,0,416517
2021-12-26,"Queensland","QLD",705,5033,0,7,29854,5342073,705,5033,2,2148,-11,100,0,1,0,0,0,8104932
2021-12-26,"South Australia","SA",773,4324,0,4,20701,2977690,773,4324,47,1124,5,17,-1,3,0,0,0,2826322
2021-12-26,"Tasmania","TAS",56,404,0,13,2386,439989,56,404,0,225,0,0,0,0,0,0,0,927530
2021-12-26,"Victoria","VIC",1428,157167,2,1501,72519,17009966,1428,157167,1607,138283,13,374,6,77,1,43,0,11217189
2021-12-26,"Western Australia","WA",3,1143,0,9,0,2043600,3,1143,2,1116,0,0,0,0,0,0,0,3996127
2021-12-27,"Australian Capital Territory","ACT",186,2942,0,15,7751,727827,186,2942,36,2239,0,1,0,0,0,0,4962,1033195
2021-12-27,"New South Wales","NSW",6310,137011,3,653,97241,24672744,6310,137011,0,2802,63,521,3,55,2,17,44737,13604683
2021-12-27,"Northern Territory","NT",16,448,0,1,574,576997,16,448,0,282,-3,15,0,1,0,0,1298,417815
2021-12-27,"Queensland","QLD",765,5798,0,7,24526,5366599,765,5798,0,2148,-28,72,0,1,0,0,37376,8142308
2021-12-27,"South Australia","SA",838,5162,1,5,18077,2995767,838,5162,60,1184,6,23,1,4,0,0,9053,2835375
2021-12-27,"Tasmania","TAS",39,443,0,13,1474,441463,39,443,0,225,0,0,0,0,0,0,3504,931034
2021-12-27,"Victoria","VIC",1980,159147,3,1504,57818,17067784,1980,159147,2902,141185,-6,368,3,80,-5,38,24219,11241408
2021-12-27,"Western Australia","WA",2,1145,0,9,0,2043600,2,1145,0,1116,0,0,0,0,0,0,19123,4015250
2021-12-28,"Australian Capital Territory","ACT",244,3186,0,15,3401,731228,244,3186,0,2239,2,3,0,0,0,0,522,1033717
2021-12-28,"New South Wales","NSW",6031,143042,1,654,93581,24766325,6031,143042,0,2802,36,557,5,60,2,19,7921,13612604
2021-12-28,"Northern Territory","NT",8,456,0,1,1836,578833,8,456,0,282,5,20,0,1,0,0,339,418154
2021-12-28,"Queensland","QLD",1163,6961,0,7,32007,5398606,1163,6961,3,2151,17,89,0,1,0,0,3849,8146157
2021-12-28,"South Australia","SA",998,6160,0,5,20053,3015820,998,6160,83,1267,13,36,1,5,0,0,3950,2839325
2021-12-28,"Tasmania","TAS",44,487,0,13,2615,444078,44,487,0,225,0,0,0,0,0,0,355,931389
2021-12-28,"Victoria","VIC",2698,161845,4,1508,66683,17134467,2698,161845,1340,142525,-7,361,-11,69,-5,33,5647,11247055
2021-12-28,"Western Australia","WA",3,1148,0,9,0,2043600,3,1148,0,1116,0,0,0,0,0,0,8576,4023826
2021-12-29,"Australian Capital Territory","ACT",138,3324,0,15,2904,734132,138,3324,0,2239,1,4,0,0,0,0,810,1034527
2021-12-29,"New South Wales","NSW",11149,154191,3,657,157758,24924083,11149,154191,0,2802,68,625,1,61,4,23,8967,13621571
2021-12-29,"Northern Territory","NT",21,477,0,1,1682,580515,21,477,0,282,0,20,0,1,0,0,111,418265
2021-12-29,"Queensland","QLD",1571,8532,0,7,34825,5433431,1571,8532,1,2152,4,93,-1,0,0,0,7439,8153596
2021-12-29,"South Australia","SA",1465,7625,0,5,22742,3038562,1465,7625,37,1304,1,37,-2,3,0,0,5199,2844524
2021-12-29,"Tasmania","TAS",58,545,0,13,2502,446580,58,545,0,225,0,0,0,0,0,0,376,931765
2021-12-29,"Victoria","VIC",3750,165595,5,1513,75132,17209599,3750,165595,1572,144097,36,397,-7,62,-5,28,5073,11252128
2021-12-29,"Western Australia","WA",4,1152,0,9,24028,2067628,4,1152,0,1116,0,0,0,0,0,0,9251,4033077
2021-12-30,"Australian Capital Territory","ACT",240,3564,0,15,5538,739670,240,3564,0,2239,0,4,0,0,0,0,2399,1036926
2021-12-30,"New South Wales","NSW",12182,166373,1,658,97201,25021284,12182,166373,0,2802,121,746,2,63,1,24,40150,13661721
2021-12-30,"Northern Territory","NT",37,514,0,1,11155,591670,37,514,0,282,0,20,-1,0,0,0,1006,419271
2021-12-30,"Queensland","QLD",2220,10752,0,7,35192,5468623,2220,10752,1,2153,10,103,0,0,0,0,29428,8183024
2021-12-30,"South Australia","SA",1368,8993,1,6,23420,3061982,1368,8993,122,1426,0,37,1,4,0,0,14581,2859105
2021-12-30,"Tasmania","TAS",103,648,0,13,3218,449798,103,648,0,225,3,3,0,0,0,0,2258,934023
2021-12-30,"Victoria","VIC",5100,170695,13,1526,81093,17290692,5100,170695,1247,145344,-2,395,-7,55,-5,23,29600,11281728
2021-12-30,"Western Australia","WA",1,1153,0,9,12176,2079804,1,1153,0,1116,0,0,0,0,0,0,29552,4062629
2021-12-31,"Australian Capital Territory","ACT",446,4010,0,15,3161,742831,446,4010,0,2239,2,6,0,0,0,0,2409,1039335
2021-12-31,"New South Wales","NSW",21131,187504,6,664,148410,25169694,21131,187504,0,2802,86,832,6,69,-5,19,38138,13699859
2021-12-31,"Northern Territory","NT",60,574,0,1,3326,594996,60,574,0,282,4,24,0,0,0,0,1303,420574
2021-12-31,"Queensland","QLD",3111,13863,0,7,20791,5489414,3111,13863,35,2188,23,126,1,1,0,0,40151,8223175
2021-12-31,"South Australia","SA",2085,11078,2,8,25943,3087925,2085,11078,0,1426,3,40,0,4,1,1,15964,2875069
2021-12-31,"Tasmania","TAS",137,785,0,13,1936,451734,137,785,0,225,1,4,0,0,0,0,3216,937239
2021-12-31,"Victoria","VIC",5839,176534,7,1533,66774,17357466,5839,176534,1621,146965,33,428,-1,54,-2,21,30301,11312029
2021-12-31,"Western Australia","WA",5,1158,0,9,5854,2085658,5,1158,1,1117,0,0,0,0,0,0,28797,4091426
2022-01-01,"Australian Capital Territory","ACT",438,4448,0,15,4280,747111,438,4448,0,2239,3,9,0,0,0,0,0,1039335
2022-01-01,"New South Wales","NSW",22547,210051,4,668,119278,25288972,22547,210051,0,2802,69,901,10,79,7,26,0,13699859
2022-01-01,"Northern Territory","NT",50,624,0,1,3457,598453,50,624,0,282,-3,21,0,0,0,0,0,420574
2022-01-01,"Queensland","QLD",2262,16125,0,7,34975,5524389,2262,16125,0,2188,24,150,0,1,0,0,0,8223175
2022-01-01,"South Australia","SA",2100,13178,0,8,23790,3111715,2100,13178,0,1426,31,71,0,4,0,1,0,2875069
2022-01-01,"Tasmania","TAS",439,1224,0,13,5394,457128,439,1224,0,225,-2,2,0,0,0,0,0,937239
2022-01-01,"Victoria","VIC",7367,183901,9,1542,63026,17420492,7367,183901,0,146965,23,451,-3,51,0,21,0,11312029
2022-01-01,"Western Australia","WA",3,1161,0,9,0,2085658,3,1161,0,1117,0,0,0,0,0,0,0,4091426
2022-01-02,"Australian Capital Territory","ACT",471,4919,0,15,2960,750071,471,4919,0,2239,0,9,1,1,1,1,0,1039335
2022-01-02,"New South Wales","NSW",18256,228307,2,670,90019,25378991,18256,228307,0,2802,165,1066,4,83,-2,24,0,13699859
2022-01-02,"Northern Territory","NT",103,727,0,1,2476,600929,103,727,0,282,5,26,0,0,0,0,0,420574
2022-01-02,"Queensland","QLD",3582,19707,0,7,33982,5558371,3582,19707,0,2188,20,170,4,5,0,0,0,8223175
2022-01-02,"South Australia","SA",2295,15473,0,8,21140,3132855,2295,15473,0,1426,11,82,3,7,0,1,0,2875069
2022-01-02,"Tasmania","TAS",404,1628,0,13,2567,459695,404,1628,0,225,0,2,0,0,0,0,0,937239
2022-01-02,"Victoria","VIC",7098,190999,3,1545,48252,17468744,7098,190999,11035,158000,21,472,1,52,1,22,0,11312029
2022-01-02,"Western Australia","WA",7,1168,0,9,0,2085658,7,1168,0,1117,0,0,0,0,0,0,0,4091426
2022-01-03,"Australian Capital Territory","ACT",404,5323,0,15,3937,754008,404,5323,0,2239,2,11,1,2,0,1,2603,1041938
2022-01-03,"New South Wales","NSW",20757,249064,4,674,96765,25475756,20757,249064,0,2802,138,1204,12,95,1,25,58872,13758731
2022-01-03,"Northern Territory","NT",78,805,0,1,2150,603079,78,805,0,282,-5,21,0,0,0,0,1214,421788
2022-01-03,"Queensland","QLD",4234,23941,1,8,30801,5589172,4234,23941,1,2189,10,180,4,9,1,1,46260,8269435
2022-01-03,"South Australia","SA",2548,18021,0,8,19437,3152292,2548,18021,0,1426,12,94,2,9,0,1,18699,2893768
2022-01-03,"Tasmania","TAS",472,2100,0,13,2156,461851,472,2100,0,225,0,2,0,0,0,0,3543,940782
2022-01-03,"Victoria","VIC",8529,199528,3,1548,44168,17512912,8529,199528,1870,159870,19,491,4,56,2,24,27999,11340028
2022-01-03,"Western Australia","WA",8,1176,0,9,0,2085658,8,1176,0,1117,0,0,0,0,0,0,29104,4120530
2022-01-04,"Australian Capital Territory","ACT",921,6244,0,15,4211,758219,921,6244,0,2239,2,13,-1,1,0,1,516,1042454
2022-01-04,"New South Wales","NSW",23096,272160,2,676,83376,25559132,23096,272160,0,2802,140,1344,10,105,2,27,11666,13770397
2022-01-04,"Northern Territory","NT",78,883,0,1,1906,604985,78,883,0,282,3,24,0,0,0,0,273,422061
2022-01-04,"Queensland","QLD",5685,29626,0,8,33321,5622493,5685,29626,0,2189,25,205,2,11,1,2,6822,8276257
2022-01-04,"South Australia","SA",3234,21255,0,8,20856,3173148,3234,21255,0,1426,8,102,2,11,0,1,5904,2899672
2022-01-04,"Tasmania","TAS",705,2805,0,13,3385,465236,705,2805,0,225,0,2,0,0,0,0,411,941193
2022-01-04,"Victoria","VIC",13962,213490,2,1550,60515,17573427,13962,213490,3781,163651,25,516,0,56,0,24,8449,11348477
2022-01-04,"Western Australia","WA",14,1190,0,9,0,2085658,14,1190,0,1117,0,0,0,0,0,0,10492,4131022
2022-01-05,"Australian Capital Territory","ACT",762,7006,0,15,3459,761678,762,7006,0,2239,3,16,0,1,0,1,4422,1046876
2022-01-05,"New South Wales","NSW",35013,307173,8,684,108844,25667976,35013,307173,0,2802,147,1491,14,119,5,32,54221,13824618
2022-01-05,"Northern Territory","NT",102,985,0,1,2860,607845,102,985,0,282,-3,21,1,1,1,1,1746,423807
2022-01-05,"Queensland","QLD",6775,36401,0,8,13772,5636265,6775,36401,0,2189,70,275,-1,10,0,2,40803,8317060
2022-01-05,"South Australia","SA",3490,24745,0,8,21097,3194245,3490,24745,0,1426,23,125,1,12,0,1,20742,2920414
2022-01-05,"Tasmania","TAS",866,3671,0,13,3466,468702,866,3671,0,225,2,4,0,0,0,0,3338,944531
2022-01-05,"Victoria","VIC",17429,230919,11,1561,59682,17633109,17429,230919,14398,178049,75,591,-3,53,-4,20,52803,11401280
2022-01-05,"Western Australia","WA",16,1206,0,9,22451,2108109,16,1206,0,1117,0,0,0,0,0,0,34422,4165444
2022-01-06,"Australian Capital Territory","ACT",1015,8021,0,15,3714,765392,1015,8021,0,2239,4,20,1,2,0,1,5987,1052863
2022-01-06,"New South Wales","NSW",34960,342133,6,690,111231,25779207,34960,342133,0,2802,118,1609,12,131,6,38,69480,13894098
2022-01-06,"Northern Territory","NT",245,1230,0,1,2782,610627,245,1230,0,282,2,23,1,2,0,1,2518,426325
2022-01-06,"Queensland","QLD",10330,46731,1,9,34812,5671077,10330,46731,0,2189,21,296,2,12,0,2,61074,8378134
2022-01-06,"South Australia","SA",3068,27813,0,8,19163,3213408,3068,27813,0,1426,-2,123,0,12,0,1,21884,2942298
2022-01-06,"Tasmania","TAS",751,4422,0,13,3628,472330,751,4422,0,225,1,5,0,0,0,0,4211,948742
2022-01-06,"Victoria","VIC",21743,252662,6,1567,64861,17697970,21743,252662,11934,189983,40,631,-2,51,2,22,60852,11462132
2022-01-06,"Western Australia","WA",9,1215,0,9,8617,2116726,9,1215,0,1117,0,0,0,0,0,0,36347,4201791
2022-01-07,"Australian Capital Territory","ACT",1408,9429,0,15,5398,770790,1408,9429,0,2239,4,24,1,3,2,3,6774,1059637
2022-01-07,"New South Wales","NSW",38417,380550,11,701,112725,25891932,38417,380550,0,2802,129,1738,3,134,-5,33,71225,13965323
2022-01-07,"Northern Territory","NT",275,1505,0,1,3705,614332,275,1505,0,282,-4,19,0,2,0,1,2542,428867
2022-01-07,"Queensland","QLD",10946,57677,0,9,36447,5707524,10946,57677,0,2189,31,327,2,14,1,3,62635,8440769
2022-01-07,"South Australia","SA",3700,31513,1,9,20489,3233897,3700,31513,0,1426,21,144,4,16,0,1,21337,2963635
2022-01-07,"Tasmania","TAS",1486,5908,0,13,5059,477389,1486,5908,0,225,3,8,0,0,0,0,7396,956138
2022-01-07,"Victoria","VIC",21461,274123,6,1573,68202,17766172,21461,274123,12895,202878,13,644,7,58,2,24,63526,11525658
2022-01-07,"Western Australia","WA",6,1221,0,9,6525,2123251,6,1221,0,1117,0,0,0,0,0,0,37837,4239628
2022-01-08,"Australian Capital Territory","ACT",1348,10777,0,15,4146,774936,1348,10777,0,2239,0,24,2,5,1,4,6072,1065709
2022-01-08,"New South Wales","NSW",45043,425593,9,710,116915,26008847,45043,425593,0,2802,57,1795,11,145,7,40,75522,14040845
2022-01-08,"Northern Territory","NT",433,1938,0,1,3098,617430,433,1938,0,282,-2,17,-1,1,0,1,3132,431999
2022-01-08,"Queensland","QLD",11106,68783,2,11,33700,5741224,11106,68783,0,2189,39,366,3,17,0,3,59578,8500347
2022-01-08,"South Australia","SA",4273,35786,5,14,24784,3258681,4273,35786,0,1426,20,164,0,16,1,2,19940,2983575
2022-01-08,"Tasmania","TAS",1040,6948,0,13,3949,481338,1040,6948,0,225,2,10,0,0,0,0,6125,962263
2022-01-08,"Victoria","VIC",24656,298779,9,1582,89518,17855690,24656,298779,10937,213815,87,731,51,109,0,24,61244,11586902
2022-01-08,"Western Australia","WA",8,1229,0,9,0,2123251,8,1229,0,1117,0,0,0,0,0,0,37693,4277321
2022-01-09,"Australian Capital Territory","ACT",1399,12176,0,15,5254,780190,1399,12176,0,2239,3,27,-1,4,0,4,3571,1069280
2022-01-09,"New South Wales","NSW",29936,455529,16,726,98986,26107833,29936,455529,0,2802,132,1927,6,151,-2,38,47362,14088207
2022-01-09,"Northern Territory","NT",300,2238,0,1,3045,620475,300,2238,0,282,7,24,0,1,0,1,1101,433100
2022-01-09,"Queensland","QLD",13657,82440,0,11,37947,5779171,13657,82440,0,2189,36,402,5,22,2,5,34096,8534443
2022-01-09,"South Australia","SA",4508,40294,0,14,23478,3282159,4508,40294,0,1426,12,176,2,18,0,2,11665,2995240
2022-01-09,"Tasmania","TAS",565,7513,0,13,2852,484190,565,7513,0,225,5,15,0,0,0,0,5254,967517
2022-01-09,"Victoria","VIC",22692,321471,4,1586,83993,17939683,22692,321471,6993,220808,21,752,-5,104,-1,23,37757,11624659
2022-01-09,"Western Australia","WA",2,1231,0,9,0,2123251,2,1231,0,1117,0,0,0,0,0,0,23331,4300652
2022-01-10,"Australian Capital Territory","ACT",1072,13248,0,15,4744,784934,1072,13248,0,2239,-2,25,0,4,-1,3,2976,1072256
2022-01-10,"New South Wales","NSW",20202,475731,18,744,84333,26192166,20202,475731,0,2802,103,2030,8,159,9,47,28573,14116780
2022-01-10,"Northern Territory","NT",387,2625,0,1,2150,622625,387,2625,0,282,2,26,1,2,0,1,777,433877
2022-01-10,"Queensland","QLD",5852,88292,0,11,21313,5800484,5852,88292,0,2189,38,440,-1,21,2,7,18354,8552797
2022-01-10,"South Australia","SA",4019,44313,2,16,21845,3304004,4019,44313,0,1426,12,188,3,21,2,4,9336,3004576
2022-01-10,"Tasmania","TAS",385,7898,0,13,2454,486644,385,7898,0,225,2,17,0,0,0,0,3983,971500
2022-01-10,"Victoria","VIC",18653,340124,2,1588,78093,18017776,18653,340124,0,220808,66,818,14,118,5,28,23640,11648299
2022-01-10,"Western Australia","WA",8,1239,0,9,11665,2134916,8,1239,0,1117,0,0,0,0,0,0,12264,4312916
2022-01-11,"Australian Capital Territory","ACT",2058,15306,1,16,7514,792448,2058,15306,0,2239,3,28,0,4,0,3,0,1072256
2022-01-11,"New South Wales","NSW",25658,501389,11,755,71325,26263491,25658,501389,0,2802,156,2186,11,170,4,51,84069,14200849
2022-01-11,"Northern Territory","NT",389,3014,0,1,2211,624836,389,3014,0,282,6,32,0,2,0,1,3219,437096
2022-01-11,"Queensland","QLD",16367,104659,1,12,49982,5850466,16367,104659,0,2189,89,529,6,27,-1,6,53208,8606005
2022-01-11,"South Australia","SA",2877,47190,1,17,18433,3322437,2877,47190,0,1426,23,211,1,22,0,4,20450,3025026
2022-01-11,"Tasmania","TAS",352,8250,0,13,2664,489308,352,8250,0,225,1,18,0,0,0,0,6065,977565
2022-01-11,"Victoria","VIC",21107,361231,13,1601,59670,18077446,21107,361231,0,220808,43,861,-1,117,-1,27,69797,11718096
2022-01-11,"Western Australia","WA",15,1254,0,9,6149,2141065,15,1254,0,1117,0,0,0,0,0,0,39030,4351946
2022-01-12,"Australian Capital Territory","ACT",1053,16359,0,16,4528,796976,1053,16359,6199,8438,-5,23,0,4,0,3,14934,1087190
2022-01-12,"New South Wales","NSW",24636,526025,21,776,134411,26397902,24636,526025,0,2802,56,2242,5,175,3,54,99189,14300038
2022-01-12,"Northern Territory","NT",318,3332,0,1,4101,628937,318,3332,0,282,-10,22,0,2,0,1,3016,440112
2022-01-12,"Queensland","QLD",18076,122735,0,12,57539,5908005,18076,122735,21,2210,26,555,3,30,2,8,72952,8678957
2022-01-12,"South Australia","SA",3640,50830,7,24,19398,3341835,3640,50830,554,1980,-21,190,5,27,2,6,22143,3047169
2022-01-12,"Tasmania","TAS",732,8982,0,13,2478,491786,732,8982,0,225,4,22,0,0,0,0,7310,984875
2022-01-12,"Victoria","VIC",23385,384616,21,1622,61630,18139076,23385,384616,47688,268496,85,946,-5,112,4,31,81602,11799698
2022-01-12,"Western Australia","WA",6,1260,0,9,4812,2145877,6,1260,28,1145,0,0,0,0,0,0,40148,4392094
2022-01-13,"Australian Capital Territory","ACT",1302,17661,0,16,5114,802090,1302,17661,0,8438,1,24,-1,3,-1,2,8062,1095252
2022-01-13,"New South Wales","NSW",40328,566353,21,797,88164,26486066,40328,566353,0,2802,141,2383,7,182,6,60,104653,14404691
2022-01-13,"Northern Territory","NT",494,3826,0,1,2097,631034,494,3826,0,282,11,33,0,2,0,1,3643,443755
2022-01-13,"Queensland","QLD",12085,134820,6,18,33832,5941837,12085,134820,0,2210,31,586,-4,26,2,10,72631,8751588
2022-01-13,"South Australia","SA",3578,54408,4,28,20058,3361893,3578,54408,0,1980,35,225,-1,26,1,7,24170,3071339
2022-01-13,"Tasmania","TAS",245,9227,0,13,2575,494361,245,9227,0,225,1,23,0,0,0,0,8069,992944
2022-01-13,"Victoria","VIC",22971,407587,25,1647,62406,18201482,22971,407587,25580,294076,7,953,-1,111,-2,29,83865,11883563
2022-01-13,"Western Australia","WA",16,1276,0,9,5057,2150934,16,1276,0,1145,0,0,0,0,0,0,41256,4433350
2022-01-14,"Australian Capital Territory","ACT",829,18490,0,16,3524,805614,829,18490,0,8438,3,27,0,3,0,2,7831,1103083
2022-01-14,"New South Wales","NSW",24445,590798,29,826,109057,26595123,24445,590798,0,2802,144,2527,3,185,0,60,103964,14508655
2022-01-14,"Northern Territory","NT",384,4210,0,1,2423,633457,384,4210,0,282,4,37,0,2,0,1,3487,447242
2022-01-14,"Queensland","QLD",13435,148255,3,21,43891,5985728,13435,148255,0,2210,3,589,15,41,5,15,70089,8821677
2022-01-14,"South Australia","SA",5619,60027,6,34,24796,3386689,5619,60027,0,1980,21,246,-6,20,1,8,24260,3095599
2022-01-14,"Tasmania","TAS",370,9597,0,13,1898,496259,370,9597,0,225,1,24,0,0,0,0,9075,1002019
2022-01-14,"Victoria","VIC",21544,429131,18,1665,62445,18263927,21544,429131,0,294076,23,976,1,112,1,30,85490,11969053
2022-01-14,"Western Australia","WA",9,1285,0,9,4154,2155088,9,1285,0,1145,0,0,0,0,0,0,42876,4476226
2022-01-15,"Australian Capital Territory","ACT",575,19065,0,16,3502,809116,575,19065,0,8438,3,30,0,3,1,3,7441,1110524
2022-01-15,"New South Wales","NSW",26916,617714,20,846,82581,26677704,26916,617714,0,2802,49,2576,8,193,-2,58,102050,14610705
2022-01-15,"Northern Territory","NT",576,4786,1,2,1976,635433,576,4786,0,282,-1,36,0,2,0,1,3339,450581
2022-01-15,"Queensland","QLD",13616,161871,6,27,42685,6028413,13616,161871,0,2210,60,649,5,46,-1,14,68398,8890075
2022-01-15,"South Australia","SA",4239,64266,4,38,18555,3405244,4239,64266,0,1980,-10,236,6,26,-1,7,23719,3119318
2022-01-15,"Tasmania","TAS",302,9899,0,13,2171,498430,302,9899,0,225,-2,22,1,1,0,0,6720,1008739
2022-01-15,"Victoria","VIC",13960,443091,23,1688,59952,18323879,13960,443091,0,294076,78,1054,3,115,0,30,84523,12053576
2022-01-15,"Western Australia","WA",8,1293,0,9,0,2155088,8,1293,0,1145,0,0,0,0,0,0,43017,4519243
2022-01-16,"Australian Capital Territory","ACT",622,19687,2,18,2428,811544,622,19687,0,8438,11,41,0,3,-1,2,4833,1115357
2022-01-16,"New South Wales","NSW",20717,638431,20,866,122747,26800451,20717,638431,0,2802,74,2650,-2,191,3,61,58183,14668888
2022-01-16,"Northern Territory","NT",278,5064,0,2,3460,638893,278,5064,0,282,8,44,-2,0,-1,0,1102,451683
2022-01-16,"Queensland","QLD",12805,174676,3,30,42423,6070836,12805,174676,0,2210,21,670,3,49,2,16,34167,8924242
2022-01-16,"South Australia","SA",2352,66618,2,40,17280,3422524,2352,66618,0,1980,-16,220,0,26,-1,6,13773,3133091
2022-01-16,"Tasmania","TAS",289,10188,0,13,1576,500006,289,10188,0,225,0,22,0,1,0,0,4604,1013343
2022-01-16,"Victoria","VIC",19397,462488,13,1701,59031,18382910,19397,462488,0,294076,60,1114,7,122,5,35,48664,12102240
2022-01-16,"Western Australia","WA",4,1297,0,9,0,2155088,4,1297,0,1145,0,0,0,0,0,0,25926,4545169
2022-01-17,"Australian Capital Territory","ACT",781,20468,1,19,5562,817106,781,20468,0,8438,11,52,1,4,0,2,3898,1119255
2022-01-17,"New South Wales","NSW",17576,656007,17,883,85767,26886218,17576,656007,0,2802,126,2776,12,203,0,61,27467,14696355
2022-01-17,"Northern Territory","NT",120,5184,0,2,1227,640120,120,5184,0,282,-5,39,1,1,0,0,877,452560
2022-01-17,"Queensland","QLD",10519,185195,7,37,30915,6101751,10519,185195,0,2210,32,702,-2,47,-1,15,23200,8947442
2022-01-17,"South Australia","SA",4535,71153,0,40,14873,3437397,4535,71153,0,1980,7,227,0,26,-1,5,10652,3143743
2022-01-17,"Tasmania","TAS",392,10580,0,13,2453,502459,392,10580,0,225,-1,21,0,1,0,0,5719,1019062
2022-01-17,"Victoria","VIC",13117,475605,6,1707,49698,18432608,13117,475605,0,294076,115,1229,7,129,3,38,29759,12131999
2022-01-17,"Western Australia","WA",12,1309,0,9,11698,2166786,12,1309,0,1145,0,0,0,0,0,0,13707,4558876
2022-01-18,"Australian Capital Territory","ACT",976,21444,1,20,0,817106,976,21444,0,8438,11,63,2,6,0,2,9951,1129206
2022-01-18,"New South Wales","NSW",16067,672074,37,920,67549,26953767,16067,672074,0,2802,74,2850,6,209,2,63,107747,14804102
2022-01-18,"Northern Territory","NT",91,5275,0,2,1474,641594,91,5275,0,282,4,43,0,1,0,0,2195,454755
2022-01-18,"Queensland","QLD",9978,195173,16,53,32505,6134256,9978,195173,0,2210,117,819,3,50,3,18,55222,9002664
2022-01-18,"South Australia","SA",2257,73410,2,42,13319,3450716,2257,73410,0,1980,58,285,-2,24,0,5,22209,3165952
2022-01-18,"Tasmania","TAS",360,10940,0,13,2256,504715,360,10940,0,225,4,25,1,2,0,0,8425,1027487
2022-01-18,"Victoria","VIC",8433,484038,22,1729,39725,18472333,8433,484038,0,294076,-77,1152,-2,127,5,43,79303,12211302
2022-01-18,"Western Australia","WA",14,1323,0,9,8416,2175202,14,1323,0,1145,0,0,0,0,0,0,43952,4602828
2022-01-19,"Australian Capital Territory","ACT",1408,22852,0,20,8178,825284,1408,22852,0,8438,-3,60,-1,5,0,2,9090,1138296
2022-01-19,"New South Wales","NSW",19279,691353,32,952,84982,27038749,19279,691353,0,2802,13,2863,8,217,3,66,101572,14905674
2022-01-19,"Northern Territory","NT",73,5348,0,2,2193,643787,73,5348,0,282,10,53,0,1,0,0,3166,457921
2022-01-19,"Queensland","QLD",13966,209139,11,64,41301,6175557,13966,209139,0,2210,16,835,2,52,0,18,60746,9063410
2022-01-19,"South Australia","SA",3773,77183,6,48,15409,3466125,3773,77183,0,1980,9,294,-1,23,-1,4,23491,3189443
2022-01-19,"Tasmania","TAS",564,11504,0,13,2335,507050,564,11504,0,225,4,29,0,2,0,0,6370,1033857
2022-01-19,"Victoria","VIC",3857,487895,18,1747,49838,18522171,3857,487895,0,294076,21,1173,-2,125,-1,42,76918,12288220
2022-01-19,"Western Australia","WA",5,1328,0,9,8818,2184020,5,1328,0,1145,0,0,0,0,0,0,40606,4643434
2022-01-20,"Australian Capital Territory","ACT",216,23068,0,20,1189,826473,216,23068,0,8438,2,62,-2,3,0,2,8281,1146577
2022-01-20,"New South Wales","NSW",17351,708704,25,977,73253,27112002,17351,708704,0,2802,-82,2781,-5,212,2,68,102516,15008190
2022-01-20,"Northern Territory","NT",124,5472,0,2,1114,644901,124,5472,0,282,4,57,0,1,0,0,3606,461527
2022-01-20,"Queensland","QLD",11225,220364,9,73,37575,6213132,11225,220364,0,2210,15,850,-4,48,2,20,61827,9125237
2022-01-20,"South Australia","SA",3209,80392,11,59,15002,3481127,3209,80392,0,1980,-4,290,6,29,2,6,24929,3214372
2022-01-20,"Tasmania","TAS",294,11798,0,13,1613,508663,294,11798,0,225,2,31,1,3,0,0,8471,1042328
2022-01-20,"Victoria","VIC",11114,499009,15,1762,51067,18573238,11114,499009,0,294076,33,1206,-3,122,3,45,79496,12367716
2022-01-20,"Western Australia","WA",10,1338,0,9,5722,2189742,10,1338,0,1145,0,0,0,0,0,0,43682,4687116
2022-01-21,"Australian Capital Territory","ACT",201,23269,2,22,1203,827676,201,23269,0,8438,0,62,-1,2,-1,1,9528,1156105
2022-01-21,"New South Wales","NSW",14744,723448,46,1023,81254,27193256,14744,723448,0,2802,-38,2743,-3,209,0,68,103345,15111535
2022-01-21,"Northern Territory","NT",100,5572,0,2,3545,648446,100,5572,0,282,5,62,1,2,0,0,3132,464659
2022-01-21,"Queensland","QLD",11049,231413,13,86,37079,6250211,11049,231413,0,2210,5,855,6,54,2,22,62641,9187878
2022-01-21,"South Australia","SA",2845,83237,6,65,14683,3495810,2845,83237,0,1980,8,298,4,33,1,7,26647,3241019
2022-01-21,"Tasmania","TAS",-6,11792,1,14,2040,510703,-6,11792,0,225,0,31,0,3,0,0,6862,1049190
2022-01-21,"Victoria","VIC",10925,509934,20,1782,43119,18616357,10925,509934,0,294076,-110,1096,-1,121,-11,34,94720,12462436
2022-01-21,"Western Australia","WA",10,1348,0,9,4222,2193964,10,1348,112,1257,0,0,0,0,0,0,46315,4733431
2022-01-22,"Australian Capital Territory","ACT",258,23527,0,22,2145,829821,258,23527,0,8438,1,63,-1,1,0,1,8480,1164585
2022-01-22,"New South Wales","NSW",11742,735190,30,1053,56208,27249464,11742,735190,0,2802,19,2762,-5,204,0,68,100781,15212316
2022-01-22,"Northern Territory","NT",-3151,2421,0,2,1481,649927,-3151,2421,0,282,1,63,-1,1,0,0,2988,467647
2022-01-22,"Queensland","QLD",10656,242069,10,96,36424,6286635,10656,242069,0,2210,29,884,-2,52,-4,18,58148,9246026
2022-01-22,"South Australia","SA",2312,85549,3,68,12565,3508375,2312,85549,0,1980,-22,276,4,37,0,7,24409,3265428
2022-01-22,"Tasmania","TAS",-991,10801,1,15,996,511699,-991,10801,0,225,0,31,-1,2,0,0,6930,1056120
2022-01-22,"Victoria","VIC",9149,519083,20,1802,39179,18655536,9149,519083,0,294076,-67,1029,-1,120,5,39,92697,12555133
2022-01-22,"Western Australia","WA",11,1359,0,9,-4222,2189742,11,1359,0,1257,0,0,0,0,0,0,41521,4774952
2022-01-23,"Australian Capital Territory","ACT",645,24172,0,22,1444,831265,645,24172,0,8438,4,67,2,3,1,2,5533,1170118
2022-01-23,"New South Wales","NSW",20895,756085,34,1087,76672,27326136,20895,756085,0,2802,-50,2712,-15,189,4,72,55544,15267860
2022-01-23,"Northern Territory","NT",3460,5881,0,2,1365,651292,3460,5881,0,282,12,75,1,2,0,0,1204,468851
2022-01-23,"Queensland","QLD",12253,254322,10,106,30798,6317433,12253,254322,0,2210,-21,863,-5,47,-4,14,28305,9274331
2022-01-23,"South Australia","SA",2216,87765,0,68,12316,3520691,2216,87765,0,1980,2,278,-9,28,-1,6,15484,3280912
2022-01-23,"Tasmania","TAS",2044,12845,0,15,1986,513685,2044,12845,0,225,8,39,1,3,0,0,2538,1058658
2022-01-23,"Victoria","VIC",14402,533485,14,1816,32435,18687971,14402,533485,0,294076,-27,1002,0,120,5,44,59462,12614595
2022-01-23,"Western Australia","WA",27,1386,0,9,4743,2194485,27,1386,0,1257,0,0,0,0,0,0,23806,4798758
2022-01-24,"Australian Capital Territory","ACT",-141,24031,2,24,2346,833611,-141,24031,0,8438,1,68,0,3,-1,1,4331,1174449
2022-01-24,"New South Wales","NSW",1490,757575,24,1111,48481,27374617,1490,757575,0,2802,104,2816,7,196,0,72,25350,15293210
2022-01-24,"Northern Territory","NT",105,5986,0,2,217,651509,105,5986,0,282,3,78,0,2,0,0,927,469778
2022-01-24,"Queensland","QLD",2962,257284,13,119,19911,6337344,2962,257284,0,2210,15,878,3,50,0,14,19348,9293679
2022-01-24,"South Australia","SA",2747,90512,2,70,9756,3530447,2747,90512,0,1980,16,294,1,29,0,6,10751,3291663
2022-01-24,"Tasmania","TAS",-320,12525,0,15,942,514627,-320,12525,0,225,2,41,0,3,0,0,5305,1063963
2022-01-24,"Victoria","VIC",-2350,531135,17,1833,21675,18709646,-2350,531135,0,294076,-4,998,-1,119,3,47,39994,12654589
2022-01-24,"Western Australia","WA",14,1400,0,9,17296,2211781,14,1400,0,1257,0,0,0,0,0,0,15171,4813929
2022-01-25,"Australian Capital Territory","ACT",780,24811,1,25,2838,836449,780,24811,0,8438,-1,67,0,3,0,1,9497,1183946
2022-01-25,"New South Wales","NSW",9610,767185,29,1140,57516,27432133,9610,767185,0,2802,127,2943,-13,183,0,72,99440,15392650
2022-01-25,"Northern Territory","NT",97,6083,0,2,919,652428,97,6083,0,282,-6,72,1,3,0,0,2574,472352
2022-01-25,"Queensland","QLD",5657,262941,11,130,20540,6357884,5657,262941,0,2210,50,928,1,51,-1,13,52218,9345897
2022-01-25,"South Australia","SA",2653,93165,5,75,9733,3540180,2653,93165,0,1980,-7,287,3,32,-1,5,22671,3314334
2022-01-25,"Tasmania","TAS",162,12687,1,16,1618,516245,162,12687,0,225,-6,35,0,3,0,0,6900,1070863
2022-01-25,"Victoria","VIC",6729,537864,29,1862,30726,18740372,6729,537864,0,294076,59,1057,0,119,-2,45,87779,12742368
2022-01-25,"Western Australia","WA",18,1418,0,9,10420,2222201,18,1418,0,1257,2,2,1,1,0,0,41388,4855317
2022-01-26,"Australian Capital Territory","ACT",578,25389,0,25,2785,839234,578,25389,0,8438,0,67,2,5,0,1,9689,1193635
2022-01-26,"New South Wales","NSW",13471,780656,29,1169,67746,27499879,13471,780656,0,2802,-149,2794,-8,175,3,75,91663,15484313
2022-01-26,"Northern Territory","NT",190,6273,0,2,874,653302,190,6273,0,282,-1,71,0,3,0,0,2749,475101
2022-01-26,"Queensland","QLD",8935,271876,9,139,31908,6389792,8935,271876,0,2210,-39,889,-4,47,0,13,56550,9402447
2022-01-26,"South Australia","SA",2577,95742,13,88,13487,3553667,2577,95742,0,1980,1,288,-6,26,-1,4,24555,3338889
2022-01-26,"Tasmania","TAS",232,12919,1,17,1567,517812,232,12919,0,225,-7,28,-1,2,0,0,6534,1077397
2022-01-26,"Victoria","VIC",7072,544936,34,1896,34835,18775207,7072,544936,0,294076,32,1089,-6,113,-5,40,89873,12832241
2022-01-26,"Western Australia","WA",24,1442,0,9,8368,2230569,24,1442,0,1257,-1,1,0,1,0,0,42266,4897583
2022-01-27,"Australian Capital Territory","ACT",625,26014,0,25,3267,842501,625,26014,0,8438,6,73,-1,4,0,1,4368,1198003
2022-01-27,"New South Wales","NSW",59840,840496,29,1198,65715,27565594,59840,840496,0,2802,-72,2722,6,181,-3,72,11271,15495584
2022-01-27,"Northern Territory","NT",319,6592,0,2,1672,654974,319,6592,0,282,24,95,1,4,0,0,747,475848
2022-01-27,"Queensland","QLD",7575,279451,15,154,26254,6416046,7575,279451,0,2210,-60,829,1,48,2,15,14902,9417349
2022-01-27,"South Australia","SA",2211,97953,13,101,10236,3563903,2211,97953,0,1980,0,288,1,27,1,5,7413,3346302
2022-01-27,"Tasmania","TAS",289,13208,0,17,1377,519189,289,13208,0,225,-4,24,0,2,0,0,2582,1079979
2022-01-27,"Victoria","VIC",6614,551550,15,1911,31218,18806425,6614,551550,0,294076,-32,1057,4,117,0,40,29237,12861478
2022-01-27,"Western Australia","WA",12,1454,0,9,717,2231286,12,1454,0,1257,1,2,0,1,0,0,12189,4909772
2022-01-28,"Australian Capital Territory","ACT",416,26430,1,26,2893,845394,416,26430,0,8438,-7,66,1,5,0,1,8175,1206178
2022-01-28,"New South Wales","NSW",13019,853515,35,1233,37463,27603057,13019,853515,0,2802,15,2737,8,189,6,78,89118,15584702
2022-01-28,"Northern Territory","NT",6652,13244,0,2,1272,656246,6652,13244,0,282,10,105,-1,3,0,0,2499,478347
2022-01-28,"Queensland","QLD",5858,285309,18,172,19059,6435105,5858,285309,0,2210,-11,818,6,54,0,15,55271,9472620
2022-01-28,"South Australia","SA",2716,100669,5,106,9167,3573070,2716,100669,0,1980,-3,285,-3,24,-1,4,21747,3368049
2022-01-28,"Tasmania","TAS",153,13361,0,17,1311,520500,153,13361,0,225,-5,19,-1,1,0,0,5035,1085014
2022-01-28,"Victoria","VIC",6339,557889,39,1950,24467,18830892,6339,557889,0,294076,-69,988,-3,114,0,40,81476,12942954
2022-01-28,"Western Australia","WA",8,1462,0,9,7127,2238413,8,1462,0,1257,1,3,0,1,0,0,42344,4952116
2022-01-29,"Australian Capital Territory","ACT",468,26898,0,26,2290,847684,468,26898,0,8438,-5,61,0,5,0,1,7393,1213571
2022-01-29,"New South Wales","NSW",13408,866923,49,1282,58100,27661157,13408,866923,0,2802,-44,2693,-3,186,-5,73,99719,15684421
2022-01-29,"Northern Territory","NT",903,14147,0,2,1499,657745,903,14147,0,282,6,111,2,5,0,0,2714,481061
2022-01-29,"Queensland","QLD",7214,292523,12,184,25842,6460947,7214,292523,0,2210,15,833,-1,53,-3,12,54073,9526693
2022-01-29,"South Australia","SA",1400,102069,5,111,9917,3582987,1400,102069,0,1980,-2,283,5,29,-1,3,20750,3388799
2022-01-29,"Tasmania","TAS",249,13610,0,17,1339,521839,249,13610,0,225,-2,17,0,1,0,0,4321,1089335
2022-01-29,"Victoria","VIC",6327,564216,31,1981,31422,18862314,6327,564216,0,294076,-35,953,0,114,-1,39,78529,13021483
2022-01-29,"Western Australia","WA",23,1485,0,9,7011,2245424,23,1485,0,1257,-1,2,0,1,0,0,41322,4993438
2022-01-30,"Australian Capital Territory","ACT",381,27279,0,26,2953,850637,381,27279,0,8438,1,62,-2,3,0,1,4626,1218197
2022-01-30,"New South Wales","NSW",13411,880334,52,1334,50771,27711928,13411,880334,0,2802,-30,2663,-4,182,0,73,51406,15735827
2022-01-30,"Northern Territory","NT",894,15041,0,2,1105,658850,894,15041,0,282,10,121,-2,3,0,0,1231,482292
2022-01-30,"Queensland","QLD",5920,298443,13,197,22921,6483868,5920,298443,0,2210,-88,745,-12,41,0,12,25580,9552273
2022-01-30,"South Australia","SA",1633,103702,2,113,9106,3592093,1633,103702,0,1980,6,289,-4,25,-1,2,11903,3400702
2022-01-30,"Tasmania","TAS",311,13921,1,18,1873,523712,311,13921,0,225,3,20,0,1,0,0,4670,1094005
2022-01-30,"Victoria","VIC",255050,819266,20,2001,25172,18887486,255050,819266,0,294076,-64,889,-3,111,-4,35,50285,13071768
2022-01-30,"Western Australia","WA",19,1504,0,9,5435,2250859,19,1504,0,1257,-1,1,0,1,0,0,24344,5017782
2022-01-31,"Australian Capital Territory","ACT",268,27547,0,26,780,851417,268,27547,0,8438,0,62,-1,2,0,1,3094,1221291
2022-01-31,"New South Wales","NSW",12898,893232,27,1361,37266,27749194,12898,893232,0,2802,116,2779,3,185,-6,67,19194,15755021
2022-01-31,"Northern Territory","NT",717,15758,0,2,902,659752,717,15758,0,282,-7,114,2,5,0,0,647,482939
2022-01-31,"Queensland","QLD",4544,302987,3,200,15575,6499443,4544,302987,0,2210,76,821,9,50,0,12,15034,9567307
2022-01-31,"South Australia","SA",1680,105382,6,119,8880,3600973,1680,105382,0,1980,-8,281,0,25,0,2,7108,3407810
2022-01-31,"Tasmania","TAS",118,14039,0,18,805,524517,118,14039,0,225,-4,16,0,1,0,0,2848,1096853
2022-01-31,"Victoria","VIC",2880,822146,8,2009,20859,18908345,2880,822146,0,294076,-16,873,-9,102,-2,33,29582,13101350
2022-01-31,"Western Australia","WA",23,1527,0,9,13989,2264848,23,1527,0,1257,0,1,0,1,0,0,13782,5031564
2022-02-01,"Australian Capital Territory","ACT",266,27813,0,26,2276,853693,266,27813,0,8438,2,64,-1,1,0,1,12632,1233923
2022-02-01,"New South Wales","NSW",12562,905794,30,1391,36234,27785428,12562,905794,0,2802,-30,2749,1,186,3,70,73329,15828350
2022-02-01,"Northern Territory","NT",1119,16877,0,2,1027,660779,1119,16877,0,282,18,132,-1,4,0,0,2402,485341
2022-02-01,"Queensland","QLD",3829,306816,10,210,13878,6513321,3829,306816,0,2210,47,868,4,54,11,23,41868,9609175
2022-02-01,"South Australia","SA",1480,106862,3,122,7031,3608004,1480,106862,0,1980,-8,273,-3,22,3,5,17647,3425457
2022-02-01,"Tasmania","TAS",116,14155,0,18,1187,525704,116,14155,0,225,0,16,0,1,0,0,6173,1103026
2022-02-01,"Victoria","VIC",11070,833216,34,2043,23535,18931880,11070,833216,0,294076,-22,851,4,106,0,33,67648,13168998
2022-02-01,"Western Australia","WA",24,1551,0,9,7379,2272227,24,1551,0,1257,0,1,-1,0,0,0,40337,5071901
2022-02-02,"Australian Capital Territory","ACT",9084,36897,0,26,1929,855622,9084,36897,0,8438,-3,61,0,1,0,1,7790,1241713
2022-02-02,"New South Wales","NSW",11708,917502,27,1418,42178,27827606,11708,917502,0,2802,-126,2623,-16,170,2,72,78931,15907281
2022-02-02,"Northern Territory","NT",-6479,10398,1,3,3077,663856,-6479,10398,0,282,-3,129,1,5,0,0,2285,487626
2022-02-02,"Queensland","QLD",6171,312987,16,226,22392,6535713,6171,312987,0,2210,-31,837,-4,50,1,24,45180,9654355
2022-02-02,"South Australia","SA",1942,108804,1,123,10079,3618083,1942,108804,0,1980,-40,233,-1,21,0,5,18569,3444026
2022-02-02,"Tasmania","TAS",193,14348,0,18,1955,527659,193,14348,0,225,-3,13,1,2,0,0,6076,1109102
2022-02-02,"Victoria","VIC",14328,847544,25,2068,35030,18966910,14328,847544,0,294076,-83,768,-7,99,-2,31,66182,13235180
2022-02-02,"Western Australia","WA",29,1580,0,9,13707,2285934,29,1580,0,1257,0,1,0,0,0,0,41723,5113624
2022-02-03,"Australian Capital Territory","ACT",465,37362,0,26,1634,857256,465,37362,0,8438,2,63,0,1,0,1,7631,1249344
2022-02-03,"New South Wales","NSW",12540,930042,38,1456,38848,27866454,12540,930042,0,2802,-45,2578,-10,160,-4,68,68960,15976241
2022-02-03,"Northern Territory","NT",8751,19149,1,4,1511,665367,8751,19149,0,282,12,141,1,6,0,0,2358,489984
2022-02-03,"Queensland","QLD",5251,318238,9,235,19722,6555435,5251,318238,0,2210,-17,820,-3,47,-1,23,48644,9702999
2022-02-03,"South Australia","SA",1642,110446,1,124,9122,3627205,1642,110446,0,1980,-7,226,-3,18,0,5,18348,3462374
2022-02-03,"Tasmania","TAS",207,14555,1,19,1683,529342,207,14555,0,225,0,13,0,2,0,0,5616,1114718
2022-02-03,"Victoria","VIC",11891,859435,34,2102,29311,18996221,11891,859435,0,294076,-16,752,-17,82,-2,29,66306,13301486
2022-02-03,"Western Australia","WA",28,1608,0,9,8357,2294291,28,1608,0,1257,0,1,0,0,0,0,39102,5152726
2022-02-04,"Australian Capital Territory","ACT",409,37771,1,27,1910,859166,409,37771,0,8438,2,65,0,1,0,1,7529,1256873
2022-02-04,"New South Wales","NSW",10554,940596,31,1487,39349,27905803,10554,940596,0,2802,-84,2494,0,160,7,75,71295,16047536
2022-02-04,"Northern Territory","NT",1443,20592,0,4,1372,666739,1443,20592,0,282,7,148,0,6,0,0,2230,492214
2022-02-04,"Queensland","QLD",3792,322030,13,248,14070,6569505,3792,322030,0,2210,-22,798,5,52,0,23,44699,9747698
2022-02-04,"South Australia","SA",1039,111485,3,127,9521,3636726,1039,111485,0,1980,-3,223,-3,15,0,5,17455,3479829
2022-02-04,"Tasmania","TAS",204,14759,0,19,1529,530871,204,14759,0,225,0,13,0,2,0,0,6113,1120831
2022-02-04,"Victoria","VIC",10981,870416,36,2138,24737,19020958,10981,870416,0,294076,-45,707,-3,79,0,29,63943,13365429
2022-02-04,"Western Australia","WA",32,1640,0,9,7752,2302043,32,1640,0,1257,0,1,0,0,0,0,41143,5193869
2022-02-05,"Australian Capital Territory","ACT",352,38123,1,28,2016,861182,352,38123,0,8438,-2,63,0,1,0,1,7349,1264222
2022-02-05,"New South Wales","NSW",8322,948918,18,1505,29634,27935437,8322,948918,0,2802,-157,2337,-8,152,-5,70,66168,16113704
2022-02-05,"Northern Territory","NT",968,21560,0,4,10636,677375,968,21560,0,282,3,151,-2,4,0,0,2448,494662
2022-02-05,"Queensland","QLD",5748,327778,21,269,23923,6593428,5748,327778,0,2210,-9,789,-4,48,0,23,45527,9793225
2022-02-05,"South Australia","SA",1289,112774,2,129,8582,3645308,1289,112774,0,1980,-5,218,1,16,-1,4,16644,3496473
2022-02-05,"Tasmania","TAS",139,14898,0,19,1430,532301,139,14898,0,225,-3,10,0,2,0,0,5690,1126521
2022-02-05,"Victoria","VIC",7506,877922,41,2179,22096,19043054,7506,877922,0,294076,-20,687,1,80,2,31,66381,13431810
2022-02-05,"Western Australia","WA",26,1666,0,9,7684,2309727,26,1666,0,1257,-1,0,0,0,0,0,38270,5232139
2022-02-06,"Australian Capital Territory","ACT",309,38432,0,28,777,861959,309,38432,0,8438,-3,60,1,2,0,1,4723,1268945
2022-02-06,"New South Wales","NSW",7804,956722,28,1533,35697,27971134,7804,956722,0,2802,-16,2321,-5,147,-4,66,25760,16139464
2022-02-06,"Northern Territory","NT",932,22492,1,5,1432,678807,932,22492,0,282,7,158,-1,3,0,0,886,495548
2022-02-06,"Queensland","QLD",3606,331384,9,278,14443,6607871,3606,331384,0,2210,-63,726,-1,47,0,23,19303,9812528
2022-02-06,"South Australia","SA",1302,114076,1,130,8694,3654002,1302,114076,0,1980,0,218,-3,13,1,5,10231,3506704
2022-02-06,"Tasmania","TAS",187,15085,1,20,1043,533344,187,15085,0,225,1,11,-1,1,0,0,2821,1129342
2022-02-06,"Victoria","VIC",6919,884841,6,2185,20624,19063678,6919,884841,0,294076,-35,652,-7,73,-3,28,41491,13473301
2022-02-06,"Western Australia","WA",46,1712,0,9,5460,2315187,46,1712,0,1257,1,1,0,0,0,0,23366,5255505
2022-02-07,"Australian Capital Territory","ACT",266,38698,1,29,835,862794,266,38698,0,8438,-3,57,0,2,0,1,2500,1271445
2022-02-07,"New South Wales","NSW",7288,964010,14,1547,35913,28007047,7288,964010,0,2802,-222,2099,-10,137,-6,60,9863,16149327
2022-02-07,"Northern Territory","NT",794,23286,0,5,1369,680176,794,23286,0,282,0,158,0,3,0,0,565,496113
2022-02-07,"Queensland","QLD",2330,333714,19,297,9858,6617729,2330,333714,0,2210,-2,724,-4,43,0,23,12452,9824980
2022-02-07,"South Australia","SA",1343,115419,5,135,7364,3661366,1343,115419,0,1980,6,224,3,16,0,5,5963,3512667
2022-02-07,"Tasmania","TAS",124,15209,0,20,1068,534412,124,15209,0,225,4,15,0,1,0,0,1506,1130848
2022-02-07,"Victoria","VIC",8095,892936,7,2192,16338,19080016,8095,892936,0,294076,-14,638,-1,72,-2,26,25048,13498349
2022-02-07,"Western Australia","WA",36,1748,0,9,9780,2324967,36,1748,0,1257,0,1,0,0,0,0,12821,5268326
2022-02-08,"Australian Capital Territory","ACT",467,39165,1,30,2608,865402,467,39165,0,8438,-2,55,-1,1,0,1,10535,1281980
2022-02-08,"New South Wales","NSW",9591,973601,18,1565,29241,28036288,9591,973601,0,2802,-31,2068,-5,132,1,61,58954,16208281
2022-02-08,"Northern Territory","NT",1122,24408,0,5,1495,681671,1122,24408,0,282,20,178,2,5,0,0,1818,497931
2022-02-08,"Queensland","QLD",1935,335649,12,309,8656,6626385,1935,335649,0,2210,-19,705,2,45,-1,22,32730,9857710
2022-02-08,"South Australia","SA",1333,116752,4,139,8362,3669728,1333,116752,0,1980,-20,204,-1,15,-3,2,13899,3526566
2022-02-08,"Tasmania","TAS",167,15376,0,20,1256,535668,167,15376,0,225,0,15,0,1,0,0,4273,1135121
2022-02-08,"Victoria","VIC",9547,902483,20,2212,19404,19099420,9547,902483,0,294076,-63,575,0,72,4,30,61746,13560095
2022-02-08,"Western Australia","WA",65,1813,0,9,15110,2340077,65,1813,0,1257,0,1,0,0,0,0,33310,5301636
2022-02-09,"Australian Capital Territory","ACT",448,39613,1,31,1461,866863,448,39613,0,8438,-1,54,3,4,0,1,6715,1288695
2022-02-09,"New South Wales","NSW",10211,983812,20,1585,40437,28076725,10211,983812,0,2802,-162,1906,0,132,0,61,65021,16273302
2022-02-09,"Northern Territory","NT",1128,25536,0,5,1446,683117,1128,25536,0,282,-4,174,-1,4,0,0,1743,499674
2022-02-09,"Queensland","QLD",3907,339556,24,333,17753,6644138,3907,339556,0,2210,-19,686,-1,44,0,22,36120,9893830
2022-02-09,"South Australia","SA",1696,118448,2,141,9965,3679693,1696,118448,0,1980,6,210,3,18,1,3,13938,3540504
2022-02-09,"Tasmania","TAS",159,15535,2,22,1469,537137,159,15535,0,225,0,15,0,1,0,0,5003,1140124
2022-02-09,"Victoria","VIC",9692,912175,21,2233,28160,19127580,9692,912175,0,294076,-33,542,-1,71,-3,27,59837,13619932
2022-02-09,"Western Australia","WA",92,1905,0,9,13200,2353277,92,1905,0,1257,0,1,0,0,0,0,32748,5334384
2022-02-10,"Australian Capital Territory","ACT",463,40076,0,31,1936,868799,463,40076,0,8438,-3,51,-1,3,0,1,5658,1294353
2022-02-10,"New South Wales","NSW",10001,993813,24,1609,32167,28108892,10001,993813,0,2802,-111,1795,-11,121,-6,55,59668,16332970
2022-02-10,"Northern Territory","NT",1231,26767,2,7,2585,685702,1231,26767,0,282,-6,168,-1,3,0,0,1915,501589
2022-02-10,"Queensland","QLD",3192,342748,8,341,15258,6659396,3192,342748,0,2210,-53,633,4,48,0,22,37898,9931728
2022-02-10,"South Australia","SA",1719,120167,7,148,9407,3689100,1719,120167,0,1980,-4,206,-2,16,2,5,13999,3554503
2022-02-10,"Tasmania","TAS",179,15714,1,23,1253,538390,179,15714,0,225,2,17,0,1,0,0,5085,1145209
2022-02-10,"Victoria","VIC",9226,921401,16,2249,23866,19151446,9226,921401,0,294076,1,543,4,75,-4,23,58937,13678869
2022-02-10,"Western Australia","WA",138,2043,0,9,8164,2361441,138,2043,0,1257,0,1,0,0,0,0,32361,5366745
2022-02-11,"Australian Capital Territory","ACT",462,40538,0,31,1794,870593,462,40538,0,8438,-1,50,0,3,0,1,5206,1299559
2022-02-11,"New South Wales","NSW",8854,1002667,19,1628,44172,28153064,8854,1002667,0,2802,-79,1716,-13,108,-7,48,54819,16387789
2022-02-11,"Northern Territory","NT",1080,27847,2,9,1450,687152,1080,27847,0,282,-4,164,0,3,0,0,1505,503094
2022-02-11,"Queensland","QLD",3128,345876,14,355,14722,6674118,3128,345876,0,2210,-49,584,-5,43,0,22,33289,9965017
2022-02-11,"South Australia","SA",1534,121701,2,150,9495,3698595,1534,121701,0,1980,4,210,0,16,0,5,13150,3567653
2022-02-11,"Tasmania","TAS",140,15854,0,23,1169,539559,140,15854,0,225,-1,16,0,1,0,0,5138,1150347
2022-02-11,"Victoria","VIC",8273,929674,13,2262,22197,19173643,8273,929674,0,294076,10,553,7,82,0,23,57267,13736136
2022-02-11,"Western Australia","WA",97,2140,1,10,0,2361441,97,2140,0,1257,0,1,0,0,0,0,32156,5398901
2022-02-12,"Australian Capital Territory","ACT",408,40946,0,31,1548,872141,408,40946,0,8438,1,51,0,3,0,1,5213,1304772
2022-02-12,"New South Wales","NSW",8097,1010764,32,1660,31651,28184715,8097,1010764,0,2802,-66,1650,-4,104,-1,47,54246,16442035
2022-02-12,"Northern Territory","NT",1387,29234,0,9,1523,688675,1387,29234,0,282,6,170,-1,2,0,0,2061,505155
2022-02-12,"Queensland","QLD",1033,346909,13,368,4525,6678643,1033,346909,0,2210,-46,538,8,51,0,22,34847,9999864
2022-02-12,"South Australia","SA",1507,123208,1,151,9219,3707814,1507,123208,0,1980,3,213,1,17,-1,4,13601,3581254
2022-02-12,"Tasmania","TAS",167,16021,0,23,2862,542421,167,16021,0,225,1,17,0,1,0,0,4503,1154850
2022-02-12,"Victoria","VIC",6997,936671,19,2281,19864,19193507,6997,936671,0,294076,-66,487,-3,79,-3,20,57420,13793556
2022-02-12,"Western Australia","WA",46,2186,0,10,6571,2368012,46,2186,0,1257,-1,0,0,0,0,0,32078,5430979
2022-02-13,"Australian Capital Territory","ACT",434,41380,0,31,1705,873846,434,41380,0,8438,-1,50,1,4,1,2,3249,1308021
2022-02-13,"New South Wales","NSW",6575,1017339,22,1682,26770,28211485,6575,1017339,0,2802,-36,1614,-11,93,-5,42,24095,16466130
2022-02-13,"Northern Territory","NT",581,29815,1,10,1102,689777,581,29815,0,282,-6,164,-1,1,0,0,835,505990
2022-02-13,"Queensland","QLD",5183,352092,4,372,24835,6703478,5183,352092,0,2210,-42,496,-6,45,-2,20,14948,10014812
2022-02-13,"South Australia","SA",1216,124424,2,153,7944,3715758,1216,124424,0,1980,-2,211,0,17,1,5,7921,3589175
2022-02-13,"Tasmania","TAS",120,16141,0,23,970,543391,120,16141,0,225,-7,10,0,1,0,0,2228,1157078
2022-02-13,"Victoria","VIC",6997,943668,18,2299,19178,19212685,6997,943668,0,294076,-22,465,-17,62,-3,17,35523,13829079
2022-02-13,"Western Australia","WA",67,2253,0,10,0,2368012,67,2253,0,1257,0,0,0,0,0,0,20271,5451250
2022-02-14,"Australian Capital Territory","ACT",348,41728,0,31,1084,874930,348,41728,0,8438,1,51,0,4,0,2,1458,1309479
2022-02-14,"New South Wales","NSW",6148,1023487,14,1696,24034,28235519,6148,1023487,0,2802,35,1649,7,100,5,47,9685,16475815
2022-02-14,"Northern Territory","NT",767,30582,0,10,924,690701,767,30582,0,282,0,164,0,1,0,0,516,506506
2022-02-14,"Queensland","QLD",1307,353399,6,378,5905,6709383,1307,353399,0,2210,18,514,-4,41,0,20,7452,10022264
2022-02-14,"South Australia","SA",1146,125570,3,156,6848,3722606,1146,125570,0,1980,3,214,1,18,0,5,3642,3592817
2022-02-14,"Tasmania","TAS",108,16249,0,23,773,544164,108,16249,0,225,2,12,0,1,0,0,183,1157261
2022-02-14,"Victoria","VIC",6856,950524,2,2301,14846,19227531,6856,950524,0,294076,0,465,4,66,1,18,16778,13845857
2022-02-14,"Western Australia","WA",72,2325,0,10,17578,2385590,72,2325,0,1257,0,0,0,0,0,0,10173,5461423
2022-02-15,"Australian Capital Territory","ACT",435,42163,0,31,1677,876607,435,42163,0,8438,-2,49,0,4,0,2,8170,1317649
2022-02-15,"New South Wales","NSW",8147,1031634,16,1712,16651,28252170,8147,1031634,0,2802,-66,1583,-4,96,0,47,46604,16522419
2022-02-15,"Northern Territory","NT",1057,31639,0,10,919,691620,1057,31639,0,282,-8,156,0,1,0,0,1542,508048
2022-02-15,"Queensland","QLD",1593,354992,10,388,6521,6715904,1593,354992,0,2210,-23,491,-6,35,0,20,25196,10047460
2022-02-15,"South Australia","SA",1241,126811,4,160,6852,3729458,1241,126811,0,1980,5,219,0,18,0,5,10469,3603286
2022-02-15,"Tasmania","TAS",19778,36027,0,23,894,545058,19778,36027,0,225,-2,10,0,1,0,0,3600,1160861
2022-02-15,"Victoria","VIC",7958,958482,20,2321,16146,19243677,7958,958482,0,294076,-24,441,1,67,-4,14,47193,13893050
2022-02-15,"Western Australia","WA",58,2383,0,10,8051,2393641,58,2383,0,1257,0,0,0,0,0,0,27504,5488927
2022-02-16,"Australian Capital Territory","ACT",557,42720,0,31,1897,878504,557,42720,0,8438,-1,48,-1,3,0,2,804,1318453
2022-02-16,"New South Wales","NSW",10394,1042028,27,1739,43575,28295745,10394,1042028,0,2802,-105,1478,-4,92,-1,46,43340,16565759
2022-02-16,"Northern Territory","NT",-8962,22677,3,13,2174,693794,-8962,22677,0,282,-13,143,0,1,0,0,1527,509575
2022-02-16,"Queensland","QLD",3155,358147,12,400,10725,6726629,3155,358147,0,2210,-59,432,3,38,0,20,27693,10075153
2022-02-16,"South Australia","SA",1692,128503,4,164,10257,3739715,1692,128503,0,1980,8,227,1,19,0,5,11056,3614342
2022-02-16,"Tasmania","TAS",-24042,11985,0,23,1294,546352,-24042,11985,0,225,3,13,1,2,0,0,4196,1165057
2022-02-16,"Victoria","VIC",8000,966482,18,2339,23278,19266955,8000,966482,0,294076,-44,397,1,68,-1,13,43309,13936359
2022-02-16,"Western Australia","WA",126,2509,0,10,9772,2403413,126,2509,0,1257,0,0,0,0,0,0,25143,5514070
2022-02-17,"Australian Capital Territory","ACT",526,43246,1,32,1752,880256,526,43246,0,8438,-1,47,0,3,0,2,11443,1329896
2022-02-17,"New South Wales","NSW",9909,1051937,14,1753,44316,28340061,9909,1051937,0,2802,-31,1447,0,92,1,47,38565,16604324
2022-02-17,"Northern Territory","NT",10886,33563,0,13,1134,694928,10886,33563,0,282,-6,137,0,1,0,0,1375,510950
2022-02-17,"Queensland","QLD",2455,360602,39,439,15126,6741755,2455,360602,0,2210,-24,408,-3,35,0,20,26113,10101266
2022-02-17,"South Australia","SA",1517,130020,3,167,9082,3748797,1517,130020,0,1980,-6,221,-6,13,-3,2,11105,3625447
2022-02-17,"Tasmania","TAS",25340,37325,0,23,1653,548005,25340,37325,0,225,3,16,0,2,0,0,4304,1169361
2022-02-17,"Victoria","VIC",8310,974792,9,2348,23683,19290638,8310,974792,0,294076,4,401,10,78,3,16,42211,13978570
2022-02-17,"Western Australia","WA",184,2693,0,10,8512,2411925,184,2693,0,1257,0,0,0,0,0,0,25155,5539225
2022-02-18,"Australian Capital Territory","ACT",522,43768,1,33,2132,882388,522,43768,0,8438,-2,45,-1,2,-1,1,4932,1334828
2022-02-18,"New South Wales","NSW",9209,1061146,15,1768,35500,28375561,9209,1061146,0,2802,-66,1381,0,92,-3,44,39199,16643523
2022-02-18,"Northern Territory","NT",941,34504,1,14,1750,696678,941,34504,0,282,-10,127,0,1,0,0,1569,512519
2022-02-18,"Queensland","QLD",2497,363099,9,448,11772,6753527,2497,363099,0,2210,0,408,-1,34,0,20,25552,10126818
2022-02-18,"South Australia","SA",1592,131612,0,167,9021,3757818,1592,131612,0,1980,-44,177,0,13,0,2,11031,3636478
2022-02-18,"Tasmania","TAS",628,37953,0,23,1212,549217,628,37953,0,225,-5,11,0,2,0,0,2949,1172310
2022-02-18,"Victoria","VIC",6788,981580,14,2362,18519,19309157,6788,981580,0,294076,-22,379,-14,64,1,17,39535,14018105
2022-02-18,"Western Australia","WA",199,2892,0,10,9977,2421902,199,2892,0,1257,0,0,0,0,0,0,26953,5566178
2022-02-19,"Australian Capital Territory","ACT",332,44100,0,33,2269,884657,332,44100,0,8438,-5,40,0,2,0,1,4338,1339166
2022-02-19,"New South Wales","NSW",7525,1068671,12,1780,30018,28405579,7525,1068671,0,2802,-84,1297,-11,81,-4,40,41682,16685205
2022-02-19,"Northern Territory","NT",817,35321,0,14,1365,698043,817,35321,0,282,0,127,1,2,0,0,1702,514221
2022-02-19,"Queensland","QLD",2095,365194,10,458,9891,6763418,2095,365194,0,2210,6,414,2,36,0,20,25453,10152271
2022-02-19,"South Australia","SA",1422,133034,2,169,8867,3766685,1422,133034,0,1980,5,182,-1,12,2,4,10123,3646601
2022-02-19,"Tasmania","TAS",581,38534,1,24,1038,550255,581,38534,0,225,1,12,0,2,0,0,5069,1177379
2022-02-19,"Victoria","VIC",6149,987729,20,2382,18347,19327504,6149,987729,0,294076,-14,365,-9,55,-4,13,41946,14060051
2022-02-19,"Western Australia","WA",244,3136,0,10,7323,2429225,244,3136,0,1257,0,0,0,0,0,0,26497,5592675
2022-02-20,"Australian Capital Territory","ACT",551,44651,0,33,1259,885916,551,44651,0,8438,-5,35,-1,1,0,1,2953,1342119
2022-02-20,"New South Wales","NSW",5539,1074210,21,1801,23337,28428916,5539,1074210,0,2802,-17,1280,-4,77,-5,35,18164,16703369
2022-02-20,"Northern Territory","NT",461,35782,1,15,1031,699074,461,35782,0,282,5,132,0,2,0,0,703,514924
2022-02-20,"Queensland","QLD",2093,367287,2,460,9421,6772839,2093,367287,0,2210,-28,386,2,38,0,20,12166,10164437
2022-02-20,"South Australia","SA",1202,134236,0,169,7782,3774467,1202,134236,0,1980,8,190,1,13,0,4,6543,3653144
2022-02-20,"Tasmania","TAS",529,39063,0,24,1087,551342,529,39063,0,225,-3,9,0,2,0,0,2011,1179390
2022-02-20,"Victoria","VIC",4701,992430,9,2391,17132,19344636,4701,992430,0,294076,-7,358,-4,51,-1,12,26216,14086267
2022-02-20,"Western Australia","WA",222,3358,0,10,5603,2434828,222,3358,0,1257,2,2,0,0,0,0,19273,5611948
2022-02-21,"Australian Capital Territory","ACT",435,45086,1,34,1385,887301,435,45086,0,8438,2,37,0,1,0,1,1632,1343751
2022-02-21,"New South Wales","NSW",4860,1079070,7,1808,15016,28443932,4860,1079070,0,2802,8,1288,-3,74,-2,33,7324,16710693
2022-02-21,"Northern Territory","NT",488,36270,0,15,902,699976,488,36270,0,282,-9,123,1,3,0,0,416,515340
2022-02-21,"Queensland","QLD",1508,368795,6,466,5755,6778594,1508,368795,0,2210,15,401,-1,37,0,20,5069,10169506
2022-02-21,"South Australia","SA",1312,135548,0,169,7089,3781556,1312,135548,0,1980,0,190,0,13,-1,3,2998,3656142
2022-02-21,"Tasmania","TAS",568,39631,0,24,688,552030,568,39631,0,225,1,10,0,2,0,0,139,1179529
2022-02-21,"Victoria","VIC",5467,997897,3,2394,11220,19355856,5467,997897,0,294076,3,361,-2,49,-1,11,14306,14100573
2022-02-21,"Western Australia","WA",214,3572,0,10,8664,2443492,214,3572,0,1257,4,6,0,0,0,0,9735,5621683
2022-02-22,"Australian Capital Territory","ACT",576,45662,0,34,1529,888830,576,45662,0,8438,4,41,0,1,0,1,7335,1351086
2022-02-22,"New South Wales","NSW",8667,1087737,14,1822,36122,28480054,8667,1087737,0,2802,5,1293,-3,71,-2,31,34594,16745287
2022-02-22,"Northern Territory","NT",12,36282,1,16,1231,701207,12,36282,0,282,0,123,0,3,0,0,1138,516478
2022-02-22,"Queensland","QLD",1492,370287,5,471,5307,6783901,1492,370287,0,2210,-7,394,-3,34,-9,11,20978,10190484
2022-02-22,"South Australia","SA",1539,137087,3,172,8807,3790363,1539,137087,0,1980,15,205,-1,12,0,3,9327,3665469
2022-02-22,"Tasmania","TAS",820,40451,0,24,1291,553321,820,40451,0,225,1,11,0,2,0,0,5325,1184854
2022-02-22,"Victoria","VIC",6658,1004555,14,2408,15375,19371231,6658,1004555,0,294076,-16,345,-1,48,-3,8,37093,14137666
2022-02-22,"Western Australia","WA",0,3572,0,10,12545,2456037,0,3572,0,1257,-3,3,0,0,0,0,26177,5647860
2022-02-23,"Australian Capital Territory","ACT",929,46591,0,34,2518,891348,929,46591,0,8438,-1,40,1,2,-1,0,4667,1355753
2022-02-23,"New South Wales","NSW",8912,1096649,6,1828,35993,28516047,8912,1096649,0,2802,-47,1246,-2,69,-2,29,33723,16779010
2022-02-23,"Northern Territory","NT",1256,37538,0,16,1589,702796,1256,37538,0,282,8,131,1,4,0,0,1117,517595
2022-02-23,"Queensland","QLD",2611,372898,37,508,12560,6796461,2611,372898,0,2210,-15,379,1,35,0,11,23349,10213833
2022-02-23,"South Australia","SA",2049,139136,0,172,10598,3800961,2049,139136,0,1980,-13,192,2,14,0,3,9255,3674724
2022-02-23,"Tasmania","TAS",841,41292,0,24,1375,554696,841,41292,0,225,-1,10,0,2,0,0,2929,1187783
2022-02-23,"Victoria","VIC",6808,1011363,18,2426,22896,19394127,6808,1011363,0,294076,-26,319,-2,46,0,8,34161,14171827
2022-02-23,"Western Australia","WA",880,4452,0,10,13174,2469211,880,4452,0,1257,2,5,0,0,0,0,24299,5672159
2022-02-24,"Australian Capital Territory","ACT",656,47247,0,34,2514,893862,656,47247,0,8438,1,41,1,3,0,0,4366,1360119
2022-02-24,"New South Wales","NSW",8219,1104868,12,1840,37655,28553702,8219,1104868,0,2802,-35,1211,-10,59,-2,27,29918,16808928
2022-02-24,"Northern Territory","NT",742,38280,3,19,566,703362,742,38280,0,282,-23,108,3,7,0,0,1211,518806
2022-02-24,"Queensland","QLD",2548,375446,8,516,11527,6807988,2548,375446,0,2210,-45,334,-5,30,0,11,20649,10234482
2022-02-24,"South Australia","SA",1919,141055,3,175,1681,3802642,1919,141055,0,1980,-41,151,-1,13,1,4,9500,3684224
2022-02-24,"Tasmania","TAS",853,42145,0,24,1203,555899,853,42145,0,225,2,12,0,2,0,0,3196,1190979
2022-02-24,"Victoria","VIC",6614,1017977,16,2442,21222,19415349,6614,1017977,0,294076,3,322,-3,43,-3,5,31469,14203296
2022-02-24,"Western Australia","WA",712,5164,0,10,13164,2482375,712,5164,0,1257,2,7,2,2,0,0,24726,5696885
2022-02-25,"Australian Capital Territory","ACT",940,48187,0,34,2254,896116,940,48187,0,8438,0,41,0,3,0,0,4134,1364253
2022-02-25,"New South Wales","NSW",7480,1112348,6,1846,31718,28585420,7480,1112348,0,2802,-67,1144,5,64,1,28,29522,16838450
2022-02-25,"Northern Territory","NT",647,38927,2,21,1475,704837,647,38927,0,282,-7,101,0,7,0,0,1236,520042
2022-02-25,"Queensland","QLD",2242,377688,7,523,9613,6817601,2242,377688,0,2210,16,350,0,30,0,11,20412,10254894
2022-02-25,"South Australia","SA",1846,142901,2,177,21858,3824500,1846,142901,0,1980,-39,112,0,13,0,4,9127,3693351
2022-02-25,"Tasmania","TAS",828,42973,1,25,1146,557045,828,42973,0,225,-1,11,0,2,0,0,3290,1194269
2022-02-25,"Victoria","VIC",6424,1024401,11,2453,19063,19434412,6424,1024401,0,294076,-21,301,-5,38,-1,4,31942,14235238
2022-02-25,"Western Australia","WA",1031,6195,0,10,13422,2495797,1031,6195,0,1257,5,12,0,2,0,0,25034,5721919
2022-02-26,"Australian Capital Territory","ACT",483,48670,0,34,1894,898010,483,48670,0,8438,0,41,-1,2,0,0,3761,1368014
2022-02-26,"New South Wales","NSW",6969,1119317,11,1857,27115,28612535,6969,1119317,0,2802,-14,1130,-5,59,-4,24,31635,16870085
2022-02-26,"Northern Territory","NT",605,39532,1,22,1289,706126,605,39532,0,282,-3,98,0,7,0,0,1192,521234
2022-02-26,"Queensland","QLD",1813,379501,8,531,8570,6826171,1813,379501,0,2210,-9,341,-5,25,0,11,18304,10273198
2022-02-26,"South Australia","SA",1888,144789,0,177,10269,3834769,1888,144789,0,1980,-3,109,-1,12,0,4,8686,3702037
2022-02-26,"Tasmania","TAS",798,43771,0,25,1305,558350,798,43771,0,225,-1,10,0,2,0,0,2890,1197159
2022-02-26,"Victoria","VIC",5625,1030026,15,2468,17628,19452040,5625,1030026,0,294076,-20,281,5,43,1,5,30895,14266133
2022-02-26,"Western Australia","WA",1057,7252,0,10,10591,2506388,1057,7252,0,1257,3,15,-2,0,0,0,25744,5747663
2022-02-27,"Australian Capital Territory","ACT",418,49088,0,34,1955,899965,418,49088,0,8438,2,43,0,2,0,0,2379,1370393
2022-02-27,"New South Wales","NSW",5984,1125301,7,1864,26204,28638739,5984,1125301,0,2802,16,1146,-1,58,-3,21,14338,16884423
2022-02-27,"Northern Territory","NT",346,39878,0,22,3635,709761,346,39878,0,282,3,101,-1,6,0,0,598,521832
2022-02-27,"Queensland","QLD",1416,380917,1,532,6433,6832604,1416,380917,0,2210,-46,295,-1,24,0,11,7695,10280893
2022-02-27,"South Australia","SA",1552,146341,2,179,8972,3843741,1552,146341,0,1980,5,114,-1,11,-2,2,5476,3707513
2022-02-27,"Tasmania","TAS",676,44447,0,25,903,559253,676,44447,0,225,-1,9,0,2,0,0,1445,1198604
2022-02-27,"Victoria","VIC",4925,1034951,17,2485,15965,19468005,4925,1034951,0,294076,-7,274,-5,38,0,5,18434,14284567
2022-02-27,"Western Australia","WA",998,8250,0,10,6757,2513145,998,8250,0,1257,-2,13,0,0,0,0,16837,5764500
2022-02-28,"Australian Capital Territory","ACT",453,49541,1,35,1612,901577,453,49541,0,8438,1,44,-2,0,0,0,873,1371266
2022-02-28,"New South Wales","NSW",5822,1131123,6,1870,19751,28658490,5822,1131123,0,2802,-10,1136,-3,55,-5,16,5720,16890143
2022-02-28,"Northern Territory","NT",390,40268,0,22,1062,710823,390,40268,0,282,-5,96,-2,4,0,0,193,522025
2022-02-28,"Queensland","QLD",822,381739,1,533,3466,6836070,822,381739,0,2210,16,311,1,25,0,11,2444,10283337
2022-02-28,"South Australia","SA",1530,147871,1,180,7342,3851083,1530,147871,0,1980,-5,109,-1,10,0,2,2503,3710016
2022-02-28,"Tasmania","TAS",709,45156,0,25,804,560057,709,45156,0,225,2,11,-2,0,0,0,1036,1199640
2022-02-28,"Victoria","VIC",5809,1040760,3,2488,13747,19481752,5809,1040760,0,294076,9,283,4,42,2,7,9023,14293590
2022-02-28,"Western Australia","WA",1114,9364,0,10,10585,2523730,1114,9364,0,1257,0,13,0,0,0,0,9066,5773566
2022-03-01,"Australian Capital Territory","ACT",673,50214,0,35,1968,903545,673,50214,0,8438,1,45,0,0,0,0,5736,1377002
2022-03-01,"New South Wales","NSW",8823,1139946,9,1879,23362,28681852,8823,1139946,0,2802,-38,1098,-6,49,2,18,27249,16917392
2022-03-01,"Northern Territory","NT",556,40824,2,24,1721,712544,556,40824,0,282,-10,86,0,4,0,0,989,523014
2022-03-01,"Queensland","QLD",616,382355,10,543,2118,6838188,616,382355,0,2210,5,316,1,26,0,11,10763,10294100
2022-03-01,"South Australia","SA",1833,149704,2,182,10028,3861111,1833,149704,0,1980,2,111,-1,9,0,2,7757,3717773
2022-03-01,"Tasmania","TAS",948,46104,0,25,1154,561211,948,46104,0,225,2,13,2,2,0,0,2419,1202059
2022-03-01,"Victoria","VIC",6657,1047417,18,2506,13541,19495293,6657,1047417,0,294076,-28,255,-1,41,-2,5,25359,14318949
2022-03-01,"Western Australia","WA",1095,10459,0,10,15893,2539623,1095,10459,0,1257,3,16,0,0,0,0,23160,5796726
2022-03-02,"Australian Capital Territory","ACT",1030,51244,0,35,2996,906541,1030,51244,0,8438,-5,40,0,0,0,0,4245,1381247
2022-03-02,"New South Wales","NSW",10616,1150562,5,1884,35093,28716945,10616,1150562,0,2802,-26,1072,-4,45,1,19,22437,16939829
2022-03-02,"Northern Territory","NT",619,41443,2,26,1227,713771,619,41443,0,282,-10,76,-2,2,0,0,1033,524047
2022-03-02,"Queensland","QLD",1198,383553,24,567,4507,6842695,1198,383553,0,2210,-4,312,0,26,-5,6,13271,10307371
2022-03-02,"South Australia","SA",2230,151934,2,184,12148,3873259,2230,151934,0,1980,1,112,0,9,-1,1,6476,3724249
2022-03-02,"Tasmania","TAS",865,46969,0,25,1283,562494,865,46969,0,225,-1,12,0,2,0,0,1757,1203816
2022-03-02,"Victoria","VIC",7005,1054422,28,2534,23334,19518627,7005,1054422,0,294076,9,264,-4,37,0,5,21794,14340743
2022-03-02,"Western Australia","WA",1739,12198,0,10,17566,2557189,1739,12198,0,1257,0,16,0,0,0,0,20392,5817118
2022-03-03,"Australian Capital Territory","ACT",672,51916,0,35,2374,908915,672,51916,0,8438,-1,39,2,2,0,0,2976,1384223
2022-03-03,"New South Wales","NSW",11285,1161847,9,1893,30188,28747133,11285,1161847,0,2802,-37,1035,-2,43,-2,17,20837,16960666
2022-03-03,"Northern Territory","NT",555,41998,3,29,978,714749,555,41998,0,282,-28,48,0,2,0,0,1090,525137
2022-03-03,"Queensland","QLD",2827,386380,6,573,10536,6853231,2827,386380,0,2210,3,315,0,26,0,6,13104,10320475
2022-03-03,"South Australia","SA",2547,154481,5,189,11926,3885185,2547,154481,0,1980,-8,104,0,9,0,1,6834,3731083
2022-03-03,"Tasmania","TAS",1111,48080,0,25,1178,563672,1111,48080,0,225,0,12,1,3,0,0,2742,1206558
2022-03-03,"Victoria","VIC",6991,1061413,23,2557,19563,19538190,6991,1061413,0,294076,-2,262,-4,33,0,5,20177,14360920
2022-03-03,"Western Australia","WA",2393,14591,1,11,18193,2575382,2393,14591,0,1257,6,22,0,0,0,0,19790,5836908
2022-03-04,"Australian Capital Territory","ACT",1028,52944,0,35,3265,912180,1028,52944,0,8438,-4,35,0,2,1,1,2633,1386856
2022-03-04,"New South Wales","NSW",9430,1171277,2,1895,31193,28778326,9430,1171277,0,2802,-35,1000,-1,42,1,18,21189,16981855
2022-03-04,"Northern Territory","NT",571,42569,1,30,1578,716327,571,42569,0,282,0,48,0,2,0,0,1320,526457
2022-03-04,"Queensland","QLD",2306,388686,7,580,8259,6861490,2306,388686,0,2210,-31,284,-1,25,0,6,12982,10333457
2022-03-04,"South Australia","SA",2222,156703,2,191,10898,3896083,2222,156703,0,1980,2,106,0,9,0,1,6261,3737344
2022-03-04,"Tasmania","TAS",932,49012,0,25,1332,565004,932,49012,0,225,2,14,1,4,0,0,2883,1209441
2022-03-04,"Victoria","VIC",6450,1067863,26,2583,19386,19557576,6450,1067863,0,294076,-17,245,-5,28,2,7,20642,14381562
2022-03-04,"Western Australia","WA",2093,16684,0,11,16174,2591556,2093,16684,0,1257,-1,21,0,0,0,0,19534,5856442
2022-03-05,"Australian Capital Territory","ACT",663,53607,0,35,2494,914674,663,53607,0,8438,4,39,0,2,0,1,2627,1389483
2022-03-05,"New South Wales","NSW",9970,1181247,10,1905,30419,28808745,9970,1181247,0,2802,-5,995,3,45,0,18,23422,17005277
2022-03-05,"Northern Territory","NT",398,42967,1,31,1418,717745,398,42967,0,282,0,48,0,2,0,0,1161,527618
2022-03-05,"Queensland","QLD",1492,390178,12,592,7224,6868714,1492,390178,0,2210,-8,276,-4,21,0,6,14302,10347759
2022-03-05,"South Australia","SA",2004,158707,0,191,11040,3907123,2004,158707,0,1980,-6,100,1,10,1,2,6559,3743903
2022-03-05,"Tasmania","TAS",937,49949,1,26,1173,566177,937,49949,0,225,2,16,0,4,0,0,2328,1211769
2022-03-05,"Victoria","VIC",5656,1073519,28,2611,13292,19570868,5656,1073519,0,294076,5,250,0,28,1,8,21705,14403267
2022-03-05,"Western Australia","WA",2249,18933,0,11,13286,2604842,2249,18933,0,1257,7,28,0,0,0,0,20065,5876507
2022-03-06,"Australian Capital Territory","ACT",542,54149,0,35,2100,916774,542,54149,0,8438,-3,36,0,2,0,1,1664,1391147
2022-03-06,"New South Wales","NSW",8760,1190007,5,1910,30105,28838850,8760,1190007,0,2802,14,1009,-2,43,-2,16,11764,17017041
2022-03-06,"Northern Territory","NT",227,43194,0,31,1028,718773,227,43194,0,282,6,54,0,2,0,0,532,528150
2022-03-06,"Queensland","QLD",838,391016,2,594,2816,6871530,838,391016,0,2210,-11,265,1,22,0,6,6739,10354498
2022-03-06,"South Australia","SA",1813,160520,2,193,9887,3917010,1813,160520,0,1980,3,103,2,12,0,2,3882,3747785
2022-03-06,"Tasmania","TAS",756,50705,0,26,999,567176,756,50705,0,225,2,18,1,5,0,0,1063,1212832
2022-03-06,"Victoria","VIC",4943,1078462,4,2615,15151,19586019,4943,1078462,0,294076,-31,219,-1,27,-1,7,14529,14417796
2022-03-06,"Western Australia","WA",2246,21179,0,11,7953,2612795,2246,21179,0,1257,5,33,0,0,0,0,11716,5888223
2022-03-07,"Australian Capital Territory","ACT",534,54683,0,35,1794,918568,534,54683,0,8438,3,39,0,2,0,1,887,1392034
2022-03-07,"New South Wales","NSW",8985,1198992,5,1915,25294,28864144,8985,1198992,0,2802,57,1066,0,43,-1,15,4365,17021406
2022-03-07,"Northern Territory","NT",235,43429,1,32,706,719479,235,43429,0,282,-7,47,1,3,0,0,206,528356
2022-03-07,"Queensland","QLD",1313,392329,1,595,6519,6878049,1313,392329,0,2210,2,267,-2,20,0,6,3691,10358189
2022-03-07,"South Australia","SA",1787,162307,23,216,8149,3925159,1787,162307,0,1980,3,106,3,15,0,2,1840,3749625
2022-03-07,"Tasmania","TAS",779,51484,0,26,780,567956,779,51484,0,225,3,21,0,5,0,0,133,1212965
2022-03-07,"Victoria","VIC",5556,1084018,2,2617,12953,19598972,5556,1084018,0,294076,8,227,2,29,0,7,6591,14424387
2022-03-07,"Western Australia","WA",2340,23519,1,12,8828,2621623,2340,23519,0,1257,3,36,0,0,0,0,5226,5893449
2022-03-08,"Australian Capital Territory","ACT",548,55231,0,35,1735,920303,548,55231,0,8438,4,43,0,2,1,2,2901,1394935
2022-03-08,"New South Wales","NSW",12997,1211989,5,1920,21418,28885562,12997,1211989,0,2802,4,1070,0,43,1,16,23888,17045294
2022-03-08,"Northern Territory","NT",436,43865,1,33,1123,720602,436,43865,0,282,-2,45,-2,1,0,0,1068,529424
2022-03-08,"Queensland","QLD",1234,393563,5,600,4435,6882484,1234,393563,0,2210,1,268,0,20,-1,5,14180,10372369
2022-03-08,"South Australia","SA",2368,164675,0,216,10323,3935482,2368,164675,0,1980,-9,97,-2,13,0,2,6412,3756037
2022-03-08,"Tasmania","TAS",1042,52526,0,26,1191,569147,1042,52526,0,225,-7,14,-1,4,0,0,4216,1217181
2022-03-08,"Victoria","VIC",6994,1091012,6,2623,14471,19613443,6994,1091012,0,294076,-24,203,0,29,-3,4,22483,14446870
2022-03-08,"Western Australia","WA",2810,26329,0,12,16802,2638425,2810,26329,0,1257,12,48,0,0,0,0,3681,5897130
2022-03-09,"Australian Capital Territory","ACT",1243,56474,0,35,3683,923986,1243,56474,0,8438,-6,37,0,2,-1,1,3342,1398277
2022-03-09,"New South Wales","NSW",13144,1225133,9,1929,32726,28918288,13144,1225133,0,2802,-32,1038,-4,39,0,16,21899,17067193
2022-03-09,"Northern Territory","NT",121,43986,0,33,1466,722068,121,43986,0,282,-12,33,0,1,0,0,1134,530558
2022-03-09,"Queensland","QLD",1823,395386,13,613,7797,6890281,1823,395386,0,2210,-6,262,-1,19,0,5,16350,10388719
2022-03-09,"South Australia","SA",2791,167466,3,219,13034,3948516,2791,167466,0,1980,-7,90,2,15,0,2,6227,3762264
2022-03-09,"Tasmania","TAS",1119,53645,0,26,1389,570536,1119,53645,0,225,0,14,0,4,0,0,2284,1219465
2022-03-09,"Victoria","VIC",6985,1097997,9,2632,20113,19633556,6985,1097997,0,294076,-7,196,3,32,-1,3,21804,14468674
2022-03-09,"Western Australia","WA",3510,29839,0,12,19791,2658216,3510,29839,0,1257,19,67,0,0,0,0,17487,5914617
2022-03-10,"Australian Capital Territory","ACT",804,57278,0,35,2228,926214,804,57278,0,8438,0,37,0,2,0,1,3315,1401592
2022-03-10,"New South Wales","NSW",16230,1241363,4,1933,44587,28962875,16230,1241363,0,2802,-47,991,0,39,-2,14,23511,17090704
2022-03-10,"Northern Territory","NT",254,44240,1,34,2143,724211,254,44240,0,282,0,33,1,2,0,0,1309,531867
2022-03-10,"Queensland","QLD",1592,396978,5,618,7955,6898236,1592,396978,0,2210,-10,252,-2,17,0,5,15607,10404326
2022-03-10,"South Australia","SA",2880,170346,4,223,12242,3960758,2880,170346,0,1980,1,91,-4,11,0,2,6545,3768809
2022-03-10,"Tasmania","TAS",1167,54812,0,26,1090,571626,1167,54812,0,225,2,16,1,5,0,0,2109,1221574
2022-03-10,"Victoria","VIC",7643,1105640,8,2640,19580,19653136,7643,1105640,0,294076,-8,188,0,32,0,3,22636,14491310
2022-03-10,"Western Australia","WA",4411,34250,0,12,18430,2676646,4411,34250,0,1257,13,80,3,3,0,0,16358,5930975
2022-03-11,"Australian Capital Territory","ACT",743,58021,3,38,3141,929355,743,58021,0,8438,-6,31,-1,1,0,1,3177,1404769
2022-03-11,"New South Wales","NSW",13972,1255335,7,1940,38184,29001059,13972,1255335,0,2802,7,998,0,39,1,15,24205,17114909
2022-03-11,"Northern Territory","NT",244,44484,1,35,1207,725418,244,44484,0,282,-4,29,-1,1,0,0,1428,533295
2022-03-11,"Queensland","QLD",1478,398456,8,626,6704,6904940,1478,398456,0,2210,-2,250,-1,16,0,5,17360,10421686
2022-03-11,"South Australia","SA",2750,173096,1,224,11848,3972606,2750,173096,0,1980,-3,88,-1,10,0,2,6615,3775424
2022-03-11,"Tasmania","TAS",1127,55939,0,26,1070,572696,1127,55939,0,225,0,16,-1,4,0,0,2588,1224162
2022-03-11,"Victoria","VIC",6723,1112363,10,2650,18523,19671659,6723,1112363,0,294076,-3,185,-5,27,0,3,22793,14514103
2022-03-11,"Western Australia","WA",4977,39227,0,12,15701,2692347,4977,39227,0,1257,12,92,0,3,0,0,14748,5945723
2022-03-12,"Australian Capital Territory","ACT",666,58687,0,38,2503,931858,666,58687,0,8438,-1,30,0,1,0,1,5081,1409850
2022-03-12,"New South Wales","NSW",12818,1268153,4,1944,33494,29034553,12818,1268153,0,2802,-2,996,1,40,0,15,29057,17143966
2022-03-12,"Northern Territory","NT",227,44711,0,35,1372,726790,227,44711,0,282,-6,23,0,1,0,0,1555,534850
2022-03-12,"Queensland","QLD",1418,399874,6,632,6074,6911014,1418,399874,0,2210,-3,247,-1,15,-1,4,18190,10439876
2022-03-12,"South Australia","SA",2583,175679,1,225,11771,3984377,2583,175679,0,1980,10,98,-1,9,-1,1,7517,3782941
2022-03-12,"Tasmania","TAS",1127,57066,0,26,1436,574132,1127,57066,0,225,-2,14,0,4,0,0,2362,1226524
2022-03-12,"Victoria","VIC",5942,1118305,11,2661,16873,19688532,5942,1118305,0,294076,-10,175,-5,22,1,4,27038,14541141
2022-03-12,"Western Australia","WA",4247,43474,0,12,11519,2703866,4247,43474,0,1257,10,102,2,5,0,0,17136,5962859
2022-03-13,"Australian Capital Territory","ACT",618,59305,0,38,1614,933472,618,59305,0,8438,-1,29,0,1,0,1,1426,1411276
2022-03-13,"New South Wales","NSW",13070,1281223,7,1951,43143,29077696,13070,1281223,0,2802,-31,965,4,44,5,20,19088,17163054
2022-03-13,"Northern Territory","NT",151,44862,0,35,1134,727924,151,44862,0,282,3,26,1,2,0,0,582,535432
2022-03-13,"Queensland","QLD",1526,401400,3,635,5771,6916785,1526,401400,0,2210,-4,243,2,17,-3,1,13196,10453072
2022-03-13,"South Australia","SA",2202,177881,1,226,9719,3994096,2202,177881,0,1980,10,108,1,10,0,1,5283,3788224
2022-03-13,"Tasmania","TAS",929,57995,0,26,682,574814,929,57995,0,225,0,14,0,4,0,0,1521,1228045
2022-03-13,"Victoria","VIC",5108,1123413,4,2665,14300,19702832,5108,1123413,0,294076,20,195,3,25,4,8,19691,14560832
2022-03-13,"Western Australia","WA",3512,46986,1,13,9222,2713088,3512,46986,0,1257,20,122,0,5,0,0,11727,5974586
2022-03-14,"Australian Capital Territory","ACT",576,59881,0,38,1747,935219,576,59881,0,8438,9,38,2,3,-1,0,1782,1413058
2022-03-14,"New South Wales","NSW",8890,1290113,1,1952,31001,29108697,8890,1290113,0,2802,40,1005,3,47,-5,15,6530,17169584
2022-03-14,"Northern Territory","NT",197,45059,0,35,614,728538,197,45059,0,282,0,26,0,2,0,0,360,535792
2022-03-14,"Queensland","QLD",1079,402479,2,637,3574,6920359,1079,402479,0,2210,-10,233,2,19,0,1,7113,10460185
2022-03-14,"South Australia","SA",2531,180412,0,226,8526,4002622,2531,180412,0,1980,5,113,0,10,0,1,2921,3791145
2022-03-14,"Tasmania","TAS",918,58913,0,26,547,575361,918,58913,0,225,-1,13,-1,3,0,0,2217,1230262
2022-03-14,"Victoria","VIC",5419,1128832,1,2666,10578,19713410,5419,1128832,0,294076,3,198,0,25,-1,7,8824,14569656
2022-03-14,"Western Australia","WA",4095,51081,0,13,13058,2726146,4095,51081,0,1257,-21,101,-2,3,0,0,4847,5979433
2022-03-15,"Australian Capital Territory","ACT",773,60654,1,39,2043,937262,773,60654,0,8438,2,40,1,4,0,0,2017,1415075
2022-03-15,"New South Wales","NSW",10657,1300770,6,1958,30800,29139497,10657,1300770,0,2802,27,1032,-9,38,4,19,28268,17197852
2022-03-15,"Northern Territory","NT",289,45348,0,35,910,729448,289,45348,0,282,5,31,0,2,0,0,1068,536860
2022-03-15,"Queensland","QLD",1160,403639,10,647,3985,6924344,1160,403639,0,2210,13,246,0,19,0,1,15277,10475462
2022-03-15,"South Australia","SA",2779,183191,3,229,8549,4011171,2779,183191,0,1980,16,129,0,10,0,1,2212,3793357
2022-03-15,"Tasmania","TAS",1372,60285,0,26,984,576345,1372,60285,0,225,1,14,0,3,0,0,1972,1232234
2022-03-15,"Victoria","VIC",7381,1136213,4,2670,11872,19725282,7381,1136213,0,294076,-1,197,-1,24,-1,6,7693,14577349
2022-03-15,"Western Australia","WA",5228,56309,1,14,18414,2744560,5228,56309,0,1257,11,112,2,5,0,0,15917,5995350
2022-03-16,"Australian Capital Territory","ACT",1203,61857,0,39,2840,940102,1203,61857,0,8438,-1,39,0,4,0,0,3379,1418454
2022-03-16,"New South Wales","NSW",30385,1331155,5,1963,48987,29188484,30385,1331155,0,2802,-16,1016,-2,36,-4,15,24876,17222728
2022-03-16,"Northern Territory","NT",121,45469,0,35,1535,730983,121,45469,0,282,-7,24,0,2,0,0,1238,538098
2022-03-16,"Queensland","QLD",230333,633972,8,655,6980,6931324,230333,633972,0,2210,9,255,2,21,0,1,16906,10492368
2022-03-16,"South Australia","SA",3552,186743,0,229,10169,4021340,3552,186743,0,1980,7,136,0,10,1,2,7826,3801183
2022-03-16,"Tasmania","TAS",1902,62187,1,27,1460,577805,1902,62187,0,225,4,18,-1,2,0,0,3262,1235496
2022-03-16,"Victoria","VIC",9381,1145594,8,2678,14313,19739595,9381,1145594,0,294076,4,201,0,24,0,6,25123,14602472
2022-03-16,"Western Australia","WA",6045,62354,1,15,15736,2760296,6045,62354,0,1257,11,123,1,6,0,0,14887,6010237
2022-03-17,"Australian Capital Territory","ACT",1291,63148,0,39,3404,943506,1291,63148,0,8438,0,39,-1,3,1,1,3925,1422379
2022-03-17,"New South Wales","NSW",20042,1351197,5,1968,47495,29235979,20042,1351197,0,2802,20,1036,-2,34,2,17,26582,17249310
2022-03-17,"Northern Territory","NT",221,45690,0,35,817,731800,221,45690,0,282,-1,23,0,2,0,0,1258,539356
2022-03-17,"Queensland","QLD",6132,640104,10,665,9778,6941102,6132,640104,0,2210,8,263,-2,19,0,1,16180,10508548
2022-03-17,"South Australia","SA",4830,191573,3,232,15171,4036511,4830,191573,0,1980,-4,132,-2,8,1,3,7203,3808386
2022-03-17,"Tasmania","TAS",1906,64093,0,27,1429,579234,1906,64093,0,225,7,25,1,3,0,0,2370,1237866
2022-03-17,"Victoria","VIC",9708,1155302,7,2685,23014,19762609,9708,1155302,0,294076,-4,197,-1,23,-2,4,22733,14625205
2022-03-17,"Western Australia","WA",7111,69465,1,16,19931,2780227,7111,69465,0,1257,17,140,-2,4,0,0,13914,6024151
2022-03-18,"Australian Capital Territory","ACT",1071,64219,0,39,2927,946433,1071,64219,0,8438,-2,37,1,4,0,1,2993,1425372
2022-03-18,"New South Wales","NSW",19968,1371165,6,1974,38006,29273985,19968,1371165,0,2802,24,1060,-2,32,-2,15,26401,17275711
2022-03-18,"Northern Territory","NT",140,45830,0,35,1025,732825,140,45830,0,282,-2,21,-1,1,0,0,1407,540763
2022-03-18,"Queensland","QLD",7186,647290,11,676,7360,6948462,7186,647290,0,2210,-18,245,1,20,0,1,16650,10525198
2022-03-18,"South Australia","SA",4735,196308,3,235,13524,4050035,4735,196308,0,1980,4,136,-3,5,0,3,7109,3815495
2022-03-18,"Tasmania","TAS",1845,65938,0,27,1524,580758,1845,65938,0,225,-2,23,0,3,0,0,2288,1240154
2022-03-18,"Victoria","VIC",8761,1164063,9,2694,20651,19783260,8761,1164063,0,294076,2,199,0,23,1,5,21619,14646824
2022-03-18,"Western Australia","WA",6135,75600,0,16,16275,2796502,6135,75600,0,1257,-6,134,0,4,0,0,14354,6038505
2022-03-19,"Australian Capital Territory","ACT",1062,65281,0,39,3333,949766,1062,65281,0,8438,-3,34,-2,2,0,1,3126,1428498
2022-03-19,"New South Wales","NSW",18993,1390158,12,1986,47616,29321601,18993,1390158,0,2802,30,1090,-3,29,-2,13,29670,17305381
2022-03-19,"Northern Territory","NT",207,46037,0,35,830,733655,207,46037,0,282,-5,16,0,1,0,0,1206,541969
2022-03-19,"Queensland","QLD",6093,653383,10,686,9811,6958273,6093,653383,0,2210,-10,235,-2,18,0,1,18045,10543243
2022-03-19,"South Australia","SA",4045,200353,0,235,13679,4063714,4045,200353,0,1980,11,147,2,7,0,3,7318,3822813
2022-03-19,"Tasmania","TAS",1499,67437,0,27,1873,582631,1499,67437,0,225,1,24,-1,2,0,0,2726,1242880
2022-03-19,"Victoria","VIC",7673,1171736,2,2696,18398,19801658,7673,1171736,0,294076,11,210,0,23,0,5,24579,14671403
2022-03-19,"Western Australia","WA",5795,81395,4,20,14044,2810546,5795,81395,0,1257,13,147,-1,3,0,0,14226,6052731
2022-03-20,"Australian Capital Territory","ACT",992,66273,0,39,2428,952194,992,66273,0,8438,4,38,2,4,0,1,1615,1430113
2022-03-20,"New South Wales","NSW",16757,1406915,4,1990,52597,29374198,16757,1406915,0,2802,34,1124,4,33,2,15,18167,17323548
2022-03-20,"Northern Territory","NT",151,46188,0,35,402,734057,151,46188,0,282,-1,15,0,1,0,0,665,542634
2022-03-20,"Queensland","QLD",7101,660484,0,686,6944,6965217,7101,660484,0,2210,-7,228,-1,17,0,1,12240,10555483
2022-03-20,"South Australia","SA",3528,203881,3,238,11826,4075540,3528,203881,0,1980,1,148,0,7,0,3,6179,3828992
2022-03-20,"Tasmania","TAS",1140,68577,0,27,1193,583824,1140,68577,0,225,-4,20,0,2,0,0,1418,1244298
2022-03-20,"Victoria","VIC",6501,1178237,0,2696,16965,19818623,6501,1178237,0,294076,5,215,-2,21,1,6,20355,14691758
2022-03-20,"Western Australia","WA",5596,86991,2,22,10661,2821207,5596,86991,0,1257,8,155,0,3,0,0,10538,6063269
2022-03-21,"Australian Capital Territory","ACT",970,67243,0,39,2247,954441,970,67243,0,8438,1,39,0,4,-1,0,1977,1432090
2022-03-21,"New South Wales","NSW",14927,1421842,4,1994,33848,29408046,14927,1421842,0,2802,39,1163,1,34,0,15,7626,17331174
2022-03-21,"Northern Territory","NT",172,46360,0,35,741,734798,172,46360,0,282,1,16,-1,0,0,0,401,543035
2022-03-21,"Queensland","QLD",5698,666182,2,688,5660,6970877,5698,666182,0,2210,15,243,-3,14,0,1,5758,10561241
2022-03-21,"South Australia","SA",3609,207490,0,238,10173,4085713,3609,207490,0,1980,2,150,2,9,-1,2,3463,3832455
2022-03-21,"Tasmania","TAS",1178,69755,0,27,945,584769,1178,69755,0,225,4,24,0,2,0,0,2094,1246392
2022-03-21,"Victoria","VIC",7409,1185646,0,2696,12761,19831384,7409,1185646,0,294076,33,248,-1,20,-1,5,10650,14702408
2022-03-21,"Western Australia","WA",5440,92431,0,22,15623,2836830,5440,92431,0,1257,8,163,1,4,0,0,4577,6067846
2022-03-22,"Australian Capital Territory","ACT",926,68169,0,39,1597,956038,926,68169,0,8438,-1,38,-1,3,1,1,2992,1435082
2022-03-22,"New South Wales","NSW",20893,1442735,4,1998,30072,29438118,20893,1442735,0,2802,14,1177,7,41,-2,13,25103,17356277
2022-03-22,"Northern Territory","NT",316,46676,1,36,723,735521,316,46676,0,282,-2,14,1,1,0,0,956,543991
2022-03-22,"Queensland","QLD",6093,672275,9,697,7012,6977889,6093,672275,0,2210,9,252,-5,9,0,1,14336,10575577
2022-03-22,"South Australia","SA",4263,211753,4,242,11677,4097390,4263,211753,0,1980,15,165,2,11,0,2,6319,3838774
2022-03-22,"Tasmania","TAS",1835,71590,1,28,1214,585983,1835,71590,0,225,1,25,0,2,0,0,3422,1249814
2022-03-22,"Victoria","VIC",9533,1195179,7,2703,-31688,19799696,9533,1195179,0,294076,8,256,4,24,0,5,4660,14707068
2022-03-22,"Western Australia","WA",7037,99468,1,23,19010,2855840,7037,99468,0,1257,17,180,2,6,0,0,12495,6080341
2022-03-23,"Australian Capital Territory","ACT",1250,69419,0,39,4126,960164,1250,69419,0,8438,4,42,0,3,0,1,3210,1438292
2022-03-23,"New South Wales","NSW",24065,1466800,5,2003,58938,29497056,24065,1466800,0,2802,-15,1162,3,44,0,13,24116,17380393
2022-03-23,"Northern Territory","NT",304,46980,0,36,870,736391,304,46980,0,282,4,18,0,1,0,0,930,544921
2022-03-23,"Queensland","QLD",8855,681130,7,704,12656,6990545,8855,681130,0,2210,0,252,-2,7,0,1,15701,10591278
2022-03-23,"South Australia","SA",5125,216878,2,244,15592,4112982,5125,216878,0,1980,-4,161,-3,8,-1,1,5867,3844641
2022-03-23,"Tasmania","TAS",1982,73572,0,28,1975,587958,1982,73572,0,225,7,32,-2,0,0,0,2287,1252101
2022-03-23,"Victoria","VIC",10341,1205520,11,2714,31688,19831384,10341,1205520,0,294076,-13,243,-1,23,-1,4,38308,14745376
2022-03-23,"Western Australia","WA",8404,107872,1,24,20460,2876300,8404,107872,0,1257,14,194,3,9,0,0,11696,6092037
2022-03-24,"Australian Capital Territory","ACT",1240,70659,0,39,3665,963829,1240,70659,0,8438,0,42,0,3,0,1,2948,1441240
2022-03-24,"New South Wales","NSW",24762,1491562,8,2011,44406,29541462,24762,1491562,0,2802,18,1180,-1,43,0,13,18895,17399288
2022-03-24,"Northern Territory","NT",364,47344,1,37,646,737037,364,47344,0,282,0,18,0,1,0,0,1129,546050
2022-03-24,"Queensland","QLD",10434,691564,6,710,14480,7005025,10434,691564,0,2210,19,271,4,11,0,1,13421,10604699
2022-03-24,"South Australia","SA",5271,222149,2,246,16628,4129610,5271,222149,0,1980,-4,157,2,10,0,1,5362,3850003
2022-03-24,"Tasmania","TAS",2003,75575,1,29,2079,590037,2003,75575,0,225,-4,28,0,0,0,0,2457,1254558
2022-03-24,"Victoria","VIC",10157,1215677,11,2725,11052,19842436,10157,1215677,0,294076,1,244,2,25,-2,2,17716,14763092
2022-03-24,"Western Australia","WA",8551,116423,7,31,20896,2897196,8551,116423,0,1257,15,209,0,9,0,0,10949,6102986
2022-03-25,"Australian Capital Territory","ACT",1024,71683,1,40,3223,967052,1024,71683,0,8438,0,42,0,3,-1,0,2637,1443877
2022-03-25,"New South Wales","NSW",23602,1515164,7,2018,56744,29598206,23602,1515164,0,2802,2,1182,0,43,2,15,22590,17421878
2022-03-25,"Northern Territory","NT",316,47660,0,37,1075,738112,316,47660,0,282,2,20,0,1,0,0,1170,547220
2022-03-25,"Queensland","QLD",10997,702561,3,713,13834,7018859,10997,702561,0,2210,-6,265,3,14,0,1,14657,10619356
2022-03-25,"South Australia","SA",5033,227182,4,250,16671,4146281,5033,227182,0,1980,0,157,-4,6,0,1,6409,3856412
2022-03-25,"Tasmania","TAS",1774,77349,0,29,1490,591527,1774,77349,0,225,-4,24,0,0,0,0,1846,1256404
2022-03-25,"Victoria","VIC",9148,1224825,9,2734,17784,19860220,9148,1224825,0,294076,9,253,-6,19,2,4,19589,14782681
2022-03-25,"Western Australia","WA",8102,124525,2,33,18807,2916003,8102,124525,0,1257,0,209,1,10,0,0,11574,6114560
2022-03-26,"Australian Capital Territory","ACT",888,72571,0,40,3057,970109,888,72571,0,8438,0,42,0,3,0,0,2788,1446665
2022-03-26,"New South Wales","NSW",19784,1534948,4,2022,51159,29649365,19784,1534948,0,2802,-5,1177,1,44,0,15,25145,17447023
2022-03-26,"Northern Territory","NT",285,47945,0,37,768,738880,285,47945,0,282,2,22,1,2,0,0,1062,548282
2022-03-26,"Queensland","QLD",9699,712260,9,722,12985,7031844,9699,712260,0,2210,30,295,5,19,0,1,15798,10635154
2022-03-26,"South Australia","SA",4354,231536,7,257,14327,4160608,4354,231536,0,1980,-6,151,-1,5,0,1,6516,3862928
2022-03-26,"Tasmania","TAS",1691,79040,0,29,1946,593473,1691,79040,0,225,4,28,1,1,0,0,2182,1258586
2022-03-26,"Victoria","VIC",8227,1233052,9,2743,17298,19877518,8227,1233052,0,294076,-3,250,-1,18,0,4,21672,14804353
2022-03-26,"Western Australia","WA",7427,131952,2,35,16029,2932032,7427,131952,0,1257,-15,194,-2,8,0,0,11363,6125923
2022-03-27,"Australian Capital Territory","ACT",773,73344,0,40,2255,972364,773,73344,0,8438,3,45,0,3,0,0,2104,1448769
2022-03-27,"New South Wales","NSW",17420,1552368,1,2023,52036,29701401,17420,1552368,0,2802,-6,1171,3,47,3,18,15678,17462701
2022-03-27,"Northern Territory","NT",281,48226,0,37,478,739358,281,48226,0,282,-8,14,1,3,0,0,593,548875
2022-03-27,"Queensland","QLD",9368,721628,1,723,17575,7049419,9368,721628,0,2210,-11,284,-6,13,0,1,10231,10645385
2022-03-27,"South Australia","SA",4272,235808,0,257,13692,4174300,4272,235808,0,1980,7,158,1,6,1,2,5172,3868100
2022-03-27,"Tasmania","TAS",1481,80521,0,29,1055,594528,1481,80521,0,225,1,29,0,1,0,0,864,1259450
2022-03-27,"Victoria","VIC",7347,1240399,5,2748,17370,19894888,7347,1240399,0,294076,10,260,1,19,0,4,17586,14821939
2022-03-27,"Western Australia","WA",7171,139123,4,39,11286,2943318,7171,139123,0,1257,21,215,2,10,0,0,8594,6134517
2022-03-28,"Australian Capital Territory","ACT",673,74017,0,40,2264,974628,673,74017,0,8438,1,46,1,4,0,0,1290,1450059
2022-03-28,"New South Wales","NSW",16116,1568484,3,2026,49481,29750882,16116,1568484,0,2802,99,1270,8,55,-1,17,6504,17469205
2022-03-28,"Northern Territory","NT",279,48505,0,37,469,739827,279,48505,0,282,2,16,0,3,0,0,332,549207
2022-03-28,"Queensland","QLD",7708,729336,0,723,13452,7062871,7708,729336,0,2210,15,299,1,14,0,1,5074,10650459
2022-03-28,"South Australia","SA",4809,240617,3,260,12003,4186303,4809,240617,0,1980,23,181,1,7,0,2,2953,3871053
2022-03-28,"Tasmania","TAS",1701,82222,0,29,1200,595728,1701,82222,0,225,-2,27,0,1,0,0,2175,1261625
2022-03-28,"Victoria","VIC",7646,1248045,0,2748,14153,19909041,7646,1248045,0,294076,-8,252,2,21,2,6,8390,14830329
2022-03-28,"Western Australia","WA",6947,146070,0,39,15618,2958936,6947,146070,0,1257,-5,210,-1,9,0,0,3699,6138216
2022-03-29,"Australian Capital Territory","ACT",1404,75421,0,40,3407,978035,1404,75421,0,8438,3,49,0,4,0,0,2556,1452615
2022-03-29,"New South Wales","NSW",21457,1589941,9,2035,34700,29785582,21457,1589941,0,2802,13,1283,-2,53,1,18,21175,17490380
2022-03-29,"Northern Territory","NT",395,48900,0,37,1003,740830,395,48900,0,282,-4,12,-1,2,0,0,856,550063
2022-03-29,"Queensland","QLD",7800,737136,9,732,-1334,7061537,7800,737136,0,2210,26,325,0,14,1,2,12568,10663027
2022-03-29,"South Australia","SA",4852,245469,1,261,12113,4198416,4852,245469,0,1980,-11,170,0,7,0,2,5405,3876458
2022-03-29,"Tasmania","TAS",2320,84542,1,30,1482,597210,2320,84542,0,225,-5,22,-1,0,0,0,2781,1264406
2022-03-29,"Victoria","VIC",11700,1259745,5,2753,25350,19934391,11700,1259745,0,294076,32,284,12,33,0,6,18449,14848778
2022-03-29,"Western Australia","WA",8831,154901,6,45,21421,2980357,8831,154901,0,1257,9,219,-3,6,0,0,9641,6147857
2022-03-30,"Australian Capital Territory","ACT",1116,76537,0,40,3433,981468,1116,76537,0,8438,-1,48,1,5,1,1,2674,1455289
2022-03-30,"New South Wales","NSW",25184,1615125,15,2050,60501,29846083,25184,1615125,0,2802,18,1301,-7,46,-4,14,18106,17508486
2022-03-30,"Northern Territory","NT",500,49400,1,38,904,741734,500,49400,0,282,2,14,0,2,0,0,868,550931
2022-03-30,"Queensland","QLD",10298,747434,5,737,11980,7073517,10298,747434,0,2210,68,393,1,15,0,2,12427,10675454
2022-03-30,"South Australia","SA",6092,251561,2,263,16434,4214850,6092,251561,0,1980,10,180,1,8,-1,1,4581,3881039
2022-03-30,"Tasmania","TAS",2468,87010,1,31,1956,599166,2468,87010,0,225,0,22,2,2,0,0,1806,1266212
2022-03-30,"Victoria","VIC",11677,1271422,7,2760,24505,19958896,11677,1271422,0,294076,-4,280,-15,18,-1,5,16155,14864933
2022-03-30,"Western Australia","WA",9713,164614,3,48,20370,3000727,9713,164614,0,1257,-11,208,0,6,0,0,9238,6157095
2022-03-31,"Australian Capital Territory","ACT",1177,77714,2,42,3315,984783,1177,77714,0,8438,-1,47,-2,3,0,1,2234,1457523
2022-03-31,"New South Wales","NSW",22067,1637192,17,2067,50969,29897052,22067,1637192,0,2802,25,1326,-7,39,2,16,16524,17525010
2022-03-31,"Northern Territory","NT",520,49920,1,39,765,742499,520,49920,0,282,8,22,0,2,0,0,902,551833
2022-03-31,"Queensland","QLD",10626,758060,5,742,13532,7087049,10626,758060,0,2210,-31,362,1,16,3,5,13302,10688756
2022-03-31,"South Australia","SA",6006,257567,0,263,15303,4230153,6006,257567,0,1980,-5,175,0,8,0,1,4489,3885528
2022-03-31,"Tasmania","TAS",2528,89538,0,31,2343,601509,2528,89538,0,225,7,29,0,2,0,0,2120,1268332
2022-03-31,"Victoria","VIC",11201,1282623,4,2764,23749,19982645,11201,1282623,0,294076,32,312,-4,14,-1,4,14392,14879325
2022-03-31,"Western Australia","WA",9613,174227,3,51,19795,3020522,9613,174227,0,1257,11,219,1,7,0,0,8653,6165748
2022-04-01,"Australian Capital Territory","ACT",982,78696,1,43,3597,988380,982,78696,0,8438,-1,46,-1,2,0,1,1878,1459401
2022-04-01,"New South Wales","NSW",25453,1662645,2,2069,58476,29955528,25453,1662645,0,2802,19,1345,4,43,-3,13,18136,17543146
2022-04-01,"Northern Territory","NT",457,50377,0,39,786,743285,457,50377,0,282,-3,19,1,3,0,0,1004,552837
2022-04-01,"Queensland","QLD",7248,765308,3,745,13344,7100393,7248,765308,0,2210,41,403,-2,14,0,5,12419,10701175
2022-04-01,"South Australia","SA",5835,263402,2,265,16373,4246526,5835,263402,0,1980,-6,169,-1,7,0,1,4704,3890232
2022-04-01,"Tasmania","TAS",2084,91622,0,31,2022,603531,2084,91622,0,225,1,30,-2,0,0,0,1197,1269529
2022-04-01,"Victoria","VIC",10275,1292898,6,2770,22934,20005579,10275,1292898,0,294076,-2,310,-2,12,-1,3,13696,14893021
2022-04-01,"Western Australia","WA",8593,182820,2,53,16282,3036804,8593,182820,0,1257,-8,211,0,7,0,0,9009,6174757
2022-04-02,"Australian Capital Territory","ACT",819,79515,0,43,1827,990207,819,79515,0,8438,-3,43,0,2,0,1,2047,1461448
2022-04-02,"New South Wales","NSW",20297,1682942,13,2082,43510,29999038,20297,1682942,0,2802,-43,1302,4,47,3,16,18568,17561714
2022-04-02,"Northern Territory","NT",336,50713,1,40,287,743572,336,50713,0,282,-5,14,-2,1,0,0,1157,553994
2022-04-02,"Queensland","QLD",10703,776011,6,751,10459,7110852,10703,776011,0,2210,19,422,1,15,0,5,11940,10713115
2022-04-02,"South Australia","SA",5116,268518,2,267,14886,4261412,5116,268518,0,1980,15,184,1,8,0,1,4626,3894858
2022-04-02,"Tasmania","TAS",1836,93458,0,31,2731,606262,1836,93458,0,225,6,36,1,1,0,0,1556,1271085
2022-04-02,"Victoria","VIC",8918,1301816,3,2773,19698,20025277,8918,1301816,0,294076,-4,306,3,15,-1,2,13270,14906291
2022-04-02,"Western Australia","WA",7682,190502,1,54,14786,3051590,7682,190502,0,1257,4,215,-1,6,0,0,9052,6183809
2022-04-03,"Australian Capital Territory","ACT",714,80229,0,43,2520,992727,714,80229,0,8438,-2,41,0,2,0,1,1202,1462650
2022-04-03,"New South Wales","NSW",16742,1699684,11,2093,41998,30041036,16742,1699684,0,2802,53,1355,3,50,3,19,10706,17572420
2022-04-03,"Northern Territory","NT",306,51019,0,40,68,743640,306,51019,0,282,0,14,0,1,0,0,490,554484
2022-04-03,"Queensland","QLD",9406,785417,0,751,11783,7122635,9406,785417,0,2210,-4,418,1,16,0,5,6676,10719791
2022-04-03,"South Australia","SA",4715,273233,1,268,12707,4274119,4715,273233,0,1980,4,188,0,8,-1,0,3471,3898329
2022-04-03,"Tasmania","TAS",1671,95129,0,31,286,606548,1671,95129,0,225,1,37,0,1,0,0,218,1271303
2022-04-03,"Victoria","VIC",8853,1310669,2,2775,19340,20044617,8853,1310669,0,294076,1,307,3,18,1,3,11215,14917506
2022-04-03,"Western Australia","WA",6300,196802,3,57,10338,3061928,6300,196802,0,1257,6,221,1,7,0,0,6772,6190581
2022-04-04,"Australian Capital Territory","ACT",735,80964,0,43,2054,994781,735,80964,0,8438,4,45,2,4,1,2,858,1463508
2022-04-04,"New South Wales","NSW",15504,1715188,6,2099,46629,30087665,15504,1715188,0,2802,63,1418,6,56,-1,18,4582,17577002
2022-04-04,"Northern Territory","NT",304,51323,0,40,466,744106,304,51323,0,282,0,14,0,1,0,0,296,554780
2022-04-04,"Queensland","QLD",8468,793885,1,752,6634,7129269,8468,793885,0,2210,19,437,-2,14,0,5,3294,10723085
2022-04-04,"South Australia","SA",5315,278548,0,268,13337,4287456,5315,278548,0,1980,21,209,0,8,0,0,1850,3900179
2022-04-04,"Tasmania","TAS",1718,96847,0,31,1315,607863,1718,96847,0,225,3,40,0,1,0,0,1535,1272838
2022-04-04,"Victoria","VIC",9506,1320175,1,2776,12626,20057243,9506,1320175,0,294076,-2,305,-1,17,0,3,5225,14922731
2022-04-04,"Western Australia","WA",5867,202669,6,63,14552,3076480,5867,202669,0,1257,10,231,-1,6,0,0,2824,6193405
2022-04-05,"Australian Capital Territory","ACT",857,81821,1,44,2229,997010,857,81821,0,8438,-4,41,1,5,0,2,2361,1465869
2022-04-05,"New South Wales","NSW",19143,1734331,12,2111,38186,30125851,19143,1734331,0,2802,49,1467,0,56,-1,17,16840,17593842
2022-04-05,"Northern Territory","NT",526,51849,0,40,2480,746586,526,51849,0,282,4,18,0,1,0,0,727,555507
2022-04-05,"Queensland","QLD",9946,803831,8,760,6578,7135847,9946,803831,0,2210,42,479,1,15,0,5,11481,10734566
2022-04-05,"South Australia","SA",5903,284451,4,272,12846,4300302,5903,284451,0,1980,-3,206,3,11,1,1,3566,3903745
2022-04-05,"Tasmania","TAS",2433,99280,0,31,1742,609605,2433,99280,0,225,4,44,1,2,0,0,1743,1274581
2022-04-05,"Victoria","VIC",11324,1331499,8,2784,17570,20074813,11324,1331499,0,294076,34,339,1,18,1,4,12985,14935716
2022-04-05,"Western Australia","WA",8060,210729,5,68,19103,3095583,8060,210729,0,1257,11,242,0,6,0,0,7935,6201340
2022-04-06,"Australian Capital Territory","ACT",1119,82940,0,44,3521,1000531,1119,82940,0,8438,1,42,-1,4,0,2,3839,1469708
2022-04-06,"New South Wales","NSW",24116,1758447,15,2126,58648,30184499,24116,1758447,0,2802,-23,1444,-5,51,1,18,15783,17609625
2022-04-06,"Northern Territory","NT",485,52334,0,40,1178,747764,485,52334,0,282,2,20,0,1,0,0,740,556247
2022-04-06,"Queensland","QLD",7694,811525,1,761,10100,7145947,7694,811525,0,2210,-11,468,-1,14,0,5,10403,10744969
2022-04-06,"South Australia","SA",6373,290824,2,274,16915,4317217,6373,290824,0,1980,2,208,1,12,0,1,3626,3907371
2022-04-06,"Tasmania","TAS",2448,101728,1,32,2556,612161,2448,101728,0,225,-5,39,-1,1,0,0,1030,1275611
2022-04-06,"Victoria","VIC",10515,1342014,3,2787,26164,20100977,10515,1342014,0,294076,-8,331,-2,16,0,4,12215,14947931
2022-04-06,"Western Australia","WA",8436,219165,5,73,16546,3112129,8436,219165,0,1257,17,259,3,9,0,0,7176,6208516
2022-04-07,"Australian Capital Territory","ACT",1073,84013,0,44,4107,1004638,1073,84013,0,8438,7,49,-1,3,0,2,1825,1471533
2022-04-07,"New South Wales","NSW",22164,1780611,16,2142,56540,30241039,22164,1780611,0,2802,-7,1437,-3,48,-3,15,16165,17625790
2022-04-07,"Northern Territory","NT",509,52843,0,40,869,748633,509,52843,0,282,4,24,0,1,0,0,876,557123
2022-04-07,"Queensland","QLD",8516,820041,7,768,9416,7155363,8516,820041,0,2210,-24,444,3,17,0,5,10959,10755928
2022-04-07,"South Australia","SA",6908,297732,3,277,17672,4334889,6908,297732,0,1980,2,210,0,12,1,2,3623,3910994
2022-04-07,"Tasmania","TAS",2355,104083,0,32,1791,613952,2355,104083,0,225,4,43,0,1,0,0,1111,1276722
2022-04-07,"Victoria","VIC",12180,1354194,4,2791,22278,20123255,12180,1354194,0,294076,-48,283,-4,12,-2,2,12313,14960244
2022-04-07,"Western Australia","WA",7956,227121,3,76,17776,3129905,7956,227121,0,1257,-3,256,-1,8,0,0,7021,6215537
2022-04-08,"Australian Capital Territory","ACT",1164,85177,1,45,3012,1007650,1164,85177,0,8438,6,55,0,3,0,2,1953,1473486
2022-04-08,"New South Wales","NSW",20343,1800954,8,2150,52076,30293115,20343,1800954,0,2802,-2,1435,-4,44,-2,13,16380,17642170
2022-04-08,"Northern Territory","NT",521,53364,0,40,977,749610,521,53364,0,282,4,28,0,1,0,0,853,557976
2022-04-08,"Queensland","QLD",10971,831012,9,777,11940,7167303,10971,831012,0,2210,35,479,-2,15,0,5,9813,10765741
2022-04-08,"South Australia","SA",6370,304102,6,283,17955,4352844,6370,304102,0,1980,-8,202,-1,11,-1,1,3875,3914869
2022-04-08,"Tasmania","TAS",1871,105954,1,33,1310,615262,1871,105954,0,225,-2,41,0,1,0,0,1454,1278176
2022-04-08,"Victoria","VIC",10646,1364840,4,2795,24465,20147720,10646,1364840,0,294076,52,335,0,12,1,3,11274,14971518
2022-04-08,"Western Australia","WA",7969,235090,2,78,14511,3144416,7969,235090,0,1257,-13,243,-2,6,0,0,7466,6223003
2022-04-09,"Australian Capital Territory","ACT",925,86102,1,46,3186,1010836,925,86102,0,8438,7,62,0,3,0,2,1979,1475465
2022-04-09,"New South Wales","NSW",17514,1818468,10,2160,44333,30337448,17514,1818468,0,2802,2,1437,3,47,5,18,17044,17659214
2022-04-09,"Northern Territory","NT",468,53832,0,40,953,750563,468,53832,0,282,-4,24,0,1,0,0,1050,559026
2022-04-09,"Queensland","QLD",10073,841085,2,779,9787,7177090,10073,841085,0,2210,1,480,1,16,0,5,11291,10777032
2022-04-09,"South Australia","SA",5501,309603,1,284,14449,4367293,5501,309603,0,1980,-1,201,2,13,0,1,3859,3918728
2022-04-09,"Tasmania","TAS",1784,107738,0,33,2132,617394,1784,107738,0,225,-3,38,0,1,0,0,1455,1279631
2022-04-09,"Victoria","VIC",7912,1372752,7,2802,19768,20167488,7912,1372752,0,294076,31,366,3,15,0,3,11946,14983464
2022-04-09,"Western Australia","WA",6375,241465,3,81,11457,3155873,6375,241465,0,1257,-7,236,2,8,0,0,7395,6230398
2022-04-10,"Australian Capital Territory","ACT",785,86887,0,46,1948,1012784,785,86887,0,8438,0,62,0,3,0,2,1001,1476466
2022-04-10,"New South Wales","NSW",15651,1834119,8,2168,43301,30380749,15651,1834119,0,2802,55,1492,9,56,2,20,5716,17664930
2022-04-10,"Northern Territory","NT",394,54226,0,40,528,751091,394,54226,0,282,9,33,0,1,0,0,495,559521
2022-04-10,"Queensland","QLD",8668,849753,1,780,8704,7185794,8668,849753,0,2210,20,500,-1,15,0,5,4483,10781515
2022-04-10,"South Australia","SA",4905,314508,1,285,12534,4379827,4905,314508,0,1980,21,222,-2,11,1,2,2485,3921213
2022-04-10,"Tasmania","TAS",1351,109089,1,34,1312,618706,1351,109089,0,225,4,42,0,1,0,0,144,1279775
2022-04-10,"Victoria","VIC",9436,1382188,1,2803,19731,20187219,9436,1382188,0,294076,-10,356,1,16,-2,1,7705,14991169
2022-04-10,"Western Australia","WA",5311,246776,2,83,8600,3164473,5311,246776,0,1257,-2,234,2,10,0,0,4087,6234485
2022-04-11,"Australian Capital Territory","ACT",747,87634,1,47,2045,1014829,747,87634,0,8438,0,62,-1,2,0,2,804,1477270
2022-04-11,"New South Wales","NSW",13411,1847530,3,2171,32278,30413027,13411,1847530,0,2802,76,1568,6,62,2,22,2778,17667708
2022-04-11,"Northern Territory","NT",375,54601,0,40,571,751662,375,54601,0,282,-2,31,0,1,0,0,225,559746
2022-04-11,"Queensland","QLD",7126,856879,0,780,7233,7193027,7126,856879,0,2210,18,518,-1,14,0,5,2273,10783788
2022-04-11,"South Australia","SA",6245,320753,0,285,11669,4391496,6245,320753,0,1980,14,236,2,13,0,2,1596,3922809
2022-04-11,"Tasmania","TAS",1488,110577,0,34,1355,620061,1488,110577,0,225,14,56,0,1,0,0,22,1279797
2022-04-11,"Victoria","VIC",8899,1391087,1,2804,15181,20202400,8899,1391087,0,294076,25,381,4,20,0,1,4280,14995449
2022-04-11,"Western Australia","WA",4925,251701,0,83,11225,3175698,4925,251701,0,1257,6,240,-2,8,0,0,2513,6236998
2022-04-12,"Australian Capital Territory","ACT",909,88543,0,47,2740,1017569,909,88543,0,8438,-1,61,0,2,0,2,1935,1479205
2022-04-12,"New South Wales","NSW",15222,1862752,11,2182,31773,30444800,15222,1862752,0,2802,16,1584,8,70,2,24,24882,17692590
2022-04-12,"Northern Territory","NT",498,55099,0,40,866,752528,498,55099,0,282,-2,29,0,1,0,0,861,560607
2022-04-12,"Queensland","QLD",6657,863536,6,786,4331,7197358,6657,863536,0,2210,54,572,2,16,0,5,10007,10793795
2022-04-12,"South Australia","SA",5275,326028,6,291,12796,4404292,5275,326028,0,1980,-4,232,-1,12,0,2,3505,3926314
2022-04-12,"Tasmania","TAS",1988,112565,2,36,1504,621565,1988,112565,0,225,-1,55,2,3,0,0,2268,1282065
2022-04-12,"Victoria","VIC",8834,1399921,12,2816,16277,20218677,8834,1399921,0,294076,-5,376,-1,19,1,2,14318,15009767
2022-04-12,"Western Australia","WA",6296,257997,3,86,15145,3190843,6296,257997,0,1257,-4,236,-1,7,0,0,7284,6244282
2022-04-13,"Australian Capital Territory","ACT",967,89510,0,47,2530,1020099,967,89510,0,8438,0,61,0,2,0,2,2023,1481228
2022-04-13,"New South Wales","NSW",18231,1880983,8,2190,45634,30490434,18231,1880983,0,2802,-1,1583,1,71,0,24,19306,17711896
2022-04-13,"Northern Territory","NT",504,55603,0,40,1107,753635,504,55603,0,282,3,32,1,2,0,0,982,561589
2022-04-13,"Queensland","QLD",7874,871410,10,796,9947,7207305,7874,871410,0,2210,25,597,0,16,0,5,10337,10804132
2022-04-13,"South Australia","SA",5575,331603,2,293,15162,4419454,5575,331603,0,1980,-12,220,-1,11,-1,1,3126,3929440
2022-04-13,"Tasmania","TAS",1775,114340,3,39,2244,623809,1775,114340,0,225,-7,48,-2,1,0,0,1310,1283375
2022-04-13,"Victoria","VIC",10266,1410187,14,2830,22849,20241526,10266,1410187,0,294076,15,391,0,19,0,2,12476,15022243
2022-04-13,"Western Australia","WA",7379,265376,2,88,12712,3203555,7379,265376,0,1257,-21,215,-3,4,0,0,7120,6251402
2022-04-14,"Australian Capital Territory","ACT",1057,90567,1,48,3090,1023189,1057,90567,0,8438,-5,56,-1,1,-1,1,1806,1483034
2022-04-14,"New South Wales","NSW",17800,1898783,21,2211,46535,30536969,17800,1898783,0,2802,-1,1582,0,71,-1,23,16361,17728257
2022-04-14,"Northern Territory","NT",543,56146,0,40,789,754424,543,56146,0,282,-2,30,0,2,0,0,1009,562598
2022-04-14,"Queensland","QLD",9162,880572,4,800,9340,7216645,9162,880572,0,2210,-7,590,0,16,-1,4,9927,10814059
2022-04-14,"South Australia","SA",5998,337601,1,294,15300,4434754,5998,337601,0,1980,18,238,0,11,0,1,3762,3933202
2022-04-14,"Tasmania","TAS",1757,116097,2,41,2302,626111,1757,116097,0,225,2,50,0,1,0,0,1210,1284585
2022-04-14,"Victoria","VIC",9896,1420083,14,2844,20579,20262105,9896,1420083,0,294076,1,392,0,19,2,4,13022,15035265
2022-04-14,"Western Australia","WA",8086,273462,2,90,15171,3218726,8086,273462,0,1257,-15,200,1,5,0,0,7457,6258859
2022-04-15,"Australian Capital Territory","ACT",920,91487,0,48,2902,1026091,920,91487,0,8438,0,56,0,1,0,1,2017,1485051
2022-04-15,"New South Wales","NSW",15321,1914104,16,2227,40114,30577083,15321,1914104,0,2802,-94,1488,1,72,-4,19,17099,17745356
2022-04-15,"Northern Territory","NT",427,56573,0,40,942,755366,427,56573,0,282,-1,29,0,2,0,0,1217,563815
2022-04-15,"Queensland","QLD",8744,889316,2,802,8946,7225591,8744,889316,0,2210,-16,574,5,21,0,4,11240,10825299
2022-04-15,"South Australia","SA",5072,342673,7,301,13708,4448462,5072,342673,0,1980,-29,209,0,11,0,1,4283,3937485
2022-04-15,"Tasmania","TAS",1477,117574,1,42,1507,627618,1477,117574,0,225,5,55,0,1,0,0,1337,1285922
2022-04-15,"Victoria","VIC",9664,1429747,7,2851,20769,20282874,9664,1429747,0,294076,-18,374,-5,14,0,4,12922,15048187
2022-04-15,"Western Australia","WA",7938,281400,1,91,11499,3230225,7938,281400,0,1257,-3,197,-1,4,0,0,7999,6266858
2022-04-16,"Australian Capital Territory","ACT",843,92330,0,48,1810,1027901,843,92330,0,8438,4,60,1,2,0,1,521,1485572
2022-04-16,"New South Wales","NSW",13475,1927579,18,2245,39866,30616949,13475,1927579,0,2802,3,1491,0,72,1,20,1154,17746510
2022-04-16,"Northern Territory","NT",384,56957,0,40,688,756054,384,56957,0,282,-1,28,0,2,0,0,38,563853
2022-04-16,"Queensland","QLD",7663,896979,1,803,7575,7233166,7663,896979,0,2210,-36,538,1,22,0,4,701,10826000
2022-04-16,"South Australia","SA",4341,347014,1,302,11518,4459980,4341,347014,0,1980,14,223,-3,8,0,1,176,3937661
2022-04-16,"Tasmania","TAS",1332,118906,0,42,1093,628711,1332,118906,0,225,-1,54,0,1,0,0,0,1285922
2022-04-16,"Victoria","VIC",8714,1438461,8,2859,17431,20300305,8714,1438461,0,294076,29,403,7,21,4,8,1633,15049820
2022-04-16,"Western Australia","WA",6252,287652,7,98,6119,3236344,6252,287652,0,1257,8,205,4,8,0,0,335,6267193
2022-04-17,"Australian Capital Territory","ACT",666,92996,0,48,1550,1029451,666,92996,0,8438,0,60,0,2,0,1,294,1485866
2022-04-17,"New South Wales","NSW",9647,1937226,6,2251,21136,30638085,9647,1937226,0,2802,36,1527,-8,64,-2,18,2176,17748686
2022-04-17,"Northern Territory","NT",340,57297,0,40,504,756558,340,57297,0,282,-2,26,-2,0,0,0,301,564154
2022-04-17,"Queensland","QLD",5857,902836,0,803,3795,7236961,5857,902836,0,2210,25,563,-3,19,0,4,1836,10827836
2022-04-17,"South Australia","SA",3450,350464,0,302,7712,4467692,3450,350464,0,1980,2,225,4,12,0,1,1093,3938754
2022-04-17,"Tasmania","TAS",1190,120096,1,43,980,629691,1190,120096,0,225,-7,47,0,1,0,0,339,1286261
2022-04-17,"Victoria","VIC",8153,1446614,2,2861,12080,20312385,8153,1446614,0,294076,-2,401,4,25,2,10,2103,15051923
2022-04-17,"Western Australia","WA",5060,292712,8,106,7452,3243796,5060,292712,0,1257,15,220,-1,7,0,0,3473,6270666
2022-04-18,"Australian Capital Territory","ACT",717,93713,0,48,1477,1030928,717,93713,0,8438,-2,58,0,2,0,1,126,1485992
2022-04-18,"New South Wales","NSW",11074,1948300,4,2255,24610,30662695,11074,1948300,0,2802,49,1576,3,67,4,22,606,17749292
2022-04-18,"Northern Territory","NT",386,57683,1,41,395,756953,386,57683,0,282,4,30,2,2,0,0,13,564167
2022-04-18,"Queensland","QLD",9984,912820,4,807,4420,7241381,9984,912820,0,2210,-12,551,0,19,0,4,420,10828256
2022-04-18,"South Australia","SA",4256,354720,0,302,9378,4477070,4256,354720,0,1980,36,261,1,13,0,1,437,3939191
2022-04-18,"Tasmania","TAS",1364,121460,0,43,613,630304,1364,121460,0,225,-3,44,0,1,0,0,32,1286293
2022-04-18,"Victoria","VIC",7918,1454532,1,2862,12742,20325127,7918,1454532,0,294076,30,431,5,30,0,10,595,15052518
2022-04-18,"Western Australia","WA",5281,297993,0,106,5780,3249576,5281,297993,0,1257,7,227,-1,6,0,0,863,6271529
2022-04-19,"Australian Capital Territory","ACT",773,94486,0,48,1783,1032711,773,94486,0,8438,6,64,0,2,0,1,186,1486178
2022-04-19,"New South Wales","NSW",10797,1959097,8,2263,20858,30683553,10797,1959097,0,2802,47,1623,3,70,-1,21,1676,17750968
2022-04-19,"Northern Territory","NT",468,58151,0,41,397,757350,468,58151,0,282,13,43,1,3,0,0,14,564181
2022-04-19,"Queensland","QLD",6467,919287,0,807,3677,7245058,6467,919287,0,2210,13,564,1,20,0,4,739,10828995
2022-04-19,"South Australia","SA",4630,359350,3,305,10350,4487420,4630,359350,0,1980,-16,245,-2,11,1,2,304,3939495
2022-04-19,"Tasmania","TAS",1416,122876,0,43,1220,631524,1416,122876,0,225,3,47,0,1,0,0,574,1286867
2022-04-19,"Victoria","VIC",6407,1460939,7,2869,12233,20337360,6407,1460939,0,294076,12,443,1,31,0,10,1824,15054342
2022-04-19,"Western Australia","WA",5628,303621,0,106,14397,3263973,5628,303621,0,1257,20,247,0,6,0,0,1186,6272715
2022-04-20,"Australian Capital Territory","ACT",1139,95625,0,48,2617,1035328,1139,95625,0,8438,-1,63,0,2,0,1,2741,1488919
2022-04-20,"New South Wales","NSW",15389,1974486,15,2278,28198,30711751,15389,1974486,0,2802,16,1639,2,72,3,24,17348,17768316
2022-04-20,"Northern Territory","NT",552,58703,1,42,995,758345,552,58703,0,282,1,44,-1,2,0,0,1541,565722
2022-04-20,"Queensland","QLD",-5,919282,6,813,6018,7251076,-5,919282,0,2210,30,594,5,25,0,4,11697,10840692
2022-04-20,"South Australia","SA",5163,364513,2,307,12013,4499433,5163,364513,0,1980,7,252,3,14,0,2,4549,3944044
2022-04-20,"Tasmania","TAS",1811,124687,0,43,1280,632804,1811,124687,0,225,9,56,1,2,0,0,1223,1288090
2022-04-20,"Victoria","VIC",10391,1471330,14,2883,15868,20353228,10391,1471330,0,294076,-6,437,3,34,2,12,15200,15069542
2022-04-20,"Western Australia","WA",7892,311513,0,106,15154,3279127,7892,311513,0,1257,-3,244,4,10,0,0,8740,6281455
2022-04-21,"Australian Capital Territory","ACT",1229,96854,1,49,2394,1037722,1229,96854,0,8438,-2,61,1,3,0,1,2382,1491301
2022-04-21,"New South Wales","NSW",17376,1991862,16,2294,42367,30754118,17376,1991862,0,2802,2,1641,-3,69,-2,22,16666,17784982
2022-04-21,"Northern Territory","NT",654,59357,1,43,854,759199,654,59357,0,282,5,49,-1,1,0,0,1946,567668
2022-04-21,"Queensland","QLD",8986,928268,15,828,9351,7260427,8986,928268,0,2210,-16,578,-8,17,0,4,11742,10852434
2022-04-21,"South Australia","SA",4905,369418,3,310,12994,4512427,4905,369418,0,1980,-11,241,-3,11,1,3,4669,3948713
2022-04-21,"Tasmania","TAS",1435,126122,1,44,1920,634724,1435,126122,0,225,2,58,-1,1,0,0,1594,1289684
2022-04-21,"Victoria","VIC",10398,1481728,11,2894,20600,20373828,10398,1481728,0,294076,7,444,1,35,-1,11,15487,15085029
2022-04-21,"Western Australia","WA",9280,320793,2,108,15070,3294197,9280,320793,0,1257,4,248,-1,9,0,0,9460,6290915
2022-04-22,"Australian Capital Territory","ACT",971,97825,1,50,2449,1040171,971,97825,0,8438,-4,57,-1,2,0,1,2213,1493514
2022-04-22,"New South Wales","NSW",15216,2007078,13,2307,40709,30794827,15216,2007078,0,2802,-9,1632,-6,63,-4,18,18752,17803734
2022-04-22,"Northern Territory","NT",519,59876,0,43,1177,760376,519,59876,0,282,-3,46,0,1,0,0,2220,569888
2022-04-22,"Queensland","QLD",9268,937536,5,833,9691,7270118,9268,937536,0,2210,-50,528,1,18,0,4,11985,10864419
2022-04-22,"South Australia","SA",5353,374771,4,314,11210,4523637,5353,374771,0,1980,5,246,-1,10,-1,2,4606,3953319
2022-04-22,"Tasmania","TAS",1265,127387,2,46,1777,636501,1265,127387,0,225,-17,41,0,1,0,0,1600,1291284
2022-04-22,"Victoria","VIC",8951,1490679,16,2910,18968,20392796,8951,1490679,0,294076,-16,428,-5,30,-3,8,15313,15100342
2022-04-22,"Western Australia","WA",8680,329473,5,113,12992,3307189,8680,329473,0,1257,10,258,0,9,0,0,8247,6299162
2022-04-23,"Australian Capital Territory","ACT",935,98760,1,51,2771,1042942,935,98760,0,8438,-2,55,0,2,-1,0,1909,1495423
2022-04-23,"New South Wales","NSW",12552,2019630,16,2323,32415,30827242,12552,2019630,0,2802,-15,1617,-3,60,2,20,19432,17823166
2022-04-23,"Northern Territory","NT",505,60381,1,44,1186,761562,505,60381,0,282,1,47,1,2,0,0,1842,571730
2022-04-23,"Queensland","QLD",8057,945593,7,840,9771,7279889,8057,945593,0,2210,-15,513,-3,15,0,4,11540,10875959
2022-04-23,"South Australia","SA",3801,378572,4,318,11546,4535183,3801,378572,0,1980,-9,237,2,12,-1,1,4872,3958191
2022-04-23,"Tasmania","TAS",88,127475,1,47,1459,637960,88,127475,0,225,3,44,0,1,0,0,1668,1292952
2022-04-23,"Victoria","VIC",8120,1498799,13,2923,14642,20407438,8120,1498799,0,294076,21,449,5,35,0,8,15181,15115523
2022-04-23,"Western Australia","WA",7662,337135,1,114,10324,3317513,7662,337135,0,1257,-10,248,-2,7,0,0,7698,6306860
2022-04-24,"Australian Capital Territory","ACT",711,99471,0,51,1494,1044436,711,99471,0,8438,3,58,1,3,0,0,882,1496305
2022-04-24,"New South Wales","NSW",11076,2030706,8,2331,30239,30857481,11076,2030706,0,2802,-29,1588,4,64,0,20,8418,17831584
2022-04-24,"Northern Territory","NT",317,60698,0,44,433,761995,317,60698,0,282,3,50,-1,1,0,0,630,572360
2022-04-24,"Queensland","QLD",7199,952792,3,843,6099,7285988,7199,952792,0,2210,-39,474,-1,14,0,4,3773,10879732
2022-04-24,"South Australia","SA",3902,382474,5,323,8913,4544096,3902,382474,0,1980,19,256,-1,11,1,2,2020,3960211
2022-04-24,"Tasmania","TAS",2036,129511,0,47,863,638823,2036,129511,0,225,5,49,0,1,0,0,550,1293502
2022-04-24,"Victoria","VIC",7104,1505903,2,2925,14127,20421565,7104,1505903,0,294076,-11,438,-2,33,0,8,7364,15122887
2022-04-24,"Western Australia","WA",5875,343010,3,117,7717,3325230,5875,343010,0,1257,-9,239,1,8,0,0,4552,6311412
2022-04-25,"Australian Capital Territory","ACT",636,100107,0,51,1479,1045915,636,100107,0,8438,0,58,0,3,0,0,558,1496863
2022-04-25,"New South Wales","NSW",7904,2038610,4,2335,21946,30879427,7904,2038610,0,2802,43,1631,0,64,2,22,3091,17834675
2022-04-25,"Northern Territory","NT",333,61031,0,44,543,762538,333,61031,0,282,1,51,0,1,0,0,420,572780
2022-04-25,"Queensland","QLD",4883,957675,2,845,4683,7290671,4883,957675,0,2210,4,478,-2,12,0,4,1980,10881712
2022-04-25,"South Australia","SA",3296,385770,6,329,7471,4551567,3296,385770,0,1980,-9,247,0,11,-1,1,1012,3961223
2022-04-25,"Tasmania","TAS",868,130379,0,47,914,639737,868,130379,0,225,-6,43,0,1,0,0,277,1293779
2022-04-25,"Victoria","VIC",7643,1513546,4,2929,11894,20433459,7643,1513546,0,294076,3,441,-2,31,1,9,2670,15125557
2022-04-25,"Western Australia","WA",5693,348703,1,118,7571,3332801,5693,348703,0,1257,1,240,1,9,0,0,2048,6313460
2022-04-26,"Australian Capital Territory","ACT",820,100927,0,51,1315,1047230,820,100927,0,8438,11,69,2,5,0,0,301,1497164
2022-04-26,"New South Wales","NSW",9829,2048439,18,2353,21298,30900725,9829,2048439,0,2802,64,1695,3,67,0,22,1226,17835901
2022-04-26,"Northern Territory","NT",362,61393,0,44,481,763019,362,61393,0,282,-4,47,0,1,0,0,31,572811
2022-04-26,"Queensland","QLD",4630,962305,1,846,4310,7294981,4630,962305,0,2210,6,484,1,13,0,4,638,10882350
2022-04-26,"South Australia","SA",3769,389539,6,335,7150,4558717,3769,389539,0,1980,7,254,-1,10,0,1,148,3961371
2022-04-26,"Tasmania","TAS",949,131328,1,48,988,640725,949,131328,0,225,-5,38,0,1,0,0,132,1293911
2022-04-26,"Victoria","VIC",8405,1521951,15,2944,10764,20444223,8405,1521951,0,294076,14,455,2,33,0,9,1582,15127139
2022-04-26,"Western Australia","WA",6574,355277,8,126,16687,3349488,6574,355277,0,1257,9,249,2,11,0,0,407,6313867
2022-04-27,"Australian Capital Territory","ACT",972,101899,0,51,2645,1049875,972,101899,0,8438,0,69,-1,4,0,0,2012,1499176
2022-04-27,"New South Wales","NSW",12145,2060584,10,2363,22148,30922873,12145,2060584,0,2802,48,1743,6,73,3,25,18793,17854694
2022-04-27,"Northern Territory","NT",530,61923,0,44,1001,764020,530,61923,0,282,9,56,0,1,0,0,1259,574070
2022-04-27,"Queensland","QLD",5130,967435,9,855,3889,7298870,5130,967435,0,2210,43,527,-1,12,0,4,12787,10895137
2022-04-27,"South Australia","SA",4856,394395,3,338,11184,4569901,4856,394395,0,1980,-7,247,0,10,0,1,4678,3966049
2022-04-27,"Tasmania","TAS",1215,132543,1,49,1201,641926,1215,132543,0,225,2,40,0,1,0,0,1610,1295521
2022-04-27,"Victoria","VIC",9681,1531632,13,2957,15519,20459742,9681,1531632,0,294076,1,456,-1,32,-1,8,14915,15142054
2022-04-27,"Western Australia","WA",8324,363601,10,136,16819,3366307,8324,363601,0,1257,4,253,-2,9,0,0,8394,6322261
2022-04-28,"Australian Capital Territory","ACT",279,102178,0,51,2478,1052353,279,102178,0,8438,0,69,-1,3,0,0,2055,1501231
2022-04-28,"New South Wales","NSW",13725,2074309,19,2382,39136,30962009,13725,2074309,0,2802,-42,1701,3,76,-2,23,17474,17872168
2022-04-28,"Northern Territory","NT",556,62479,3,47,817,764837,556,62479,0,282,0,56,1,2,0,0,838,574908
2022-04-28,"Queensland","QLD",6835,974270,7,862,9613,7308483,6835,974270,0,2210,15,542,3,15,0,4,11588,10906725
2022-04-28,"South Australia","SA",4110,398505,4,342,11008,4580909,4110,398505,0,1980,-7,240,1,11,0,1,4928,3970977
2022-04-28,"Tasmania","TAS",1204,133747,0,49,1328,643254,1204,133747,0,225,0,40,0,1,0,0,1946,1297467
2022-04-28,"Victoria","VIC",9932,1541564,10,2967,19654,20479396,9932,1541564,0,294076,-11,445,3,35,-1,7,14514,15156568
2022-04-28,"Western Australia","WA",8813,372414,7,143,14979,3381286,8813,372414,0,1257,-16,237,-3,6,0,0,7183,6329444
2022-04-29,"Australian Capital Territory","ACT",1042,103220,0,51,2706,1055059,1042,103220,0,8438,-4,65,0,3,0,0,2173,1503404
2022-04-29,"New South Wales","NSW",11862,2086171,7,2389,35232,30997241,11862,2086171,0,2802,-56,1645,-8,68,-5,18,18152,17890320
2022-04-29,"Northern Territory","NT",416,62895,0,47,844,765681,416,62895,0,282,-9,47,0,2,0,0,875,575783
2022-04-29,"Queensland","QLD",7704,981974,6,868,8432,7316915,7704,981974,0,2210,-50,492,-4,11,0,4,10495,10917220
2022-04-29,"South Australia","SA",4033,402538,3,345,11015,4591924,4033,402538,0,1980,-18,222,0,11,0,1,4123,3975100
2022-04-29,"Tasmania","TAS",1090,134837,1,50,1071,644325,1090,134837,0,225,-3,37,2,3,0,0,1595,1299062
2022-04-29,"Victoria","VIC",10787,1552351,7,2974,20684,20500080,10787,1552351,0,294076,-17,428,0,35,0,7,13913,15170481
2022-04-29,"Western Australia","WA",7995,380409,2,145,12450,3393736,7995,380409,0,1257,-4,233,-2,4,0,0,7024,6336468
2022-04-30,"Australian Capital Territory","ACT",905,104125,1,52,2323,1057382,905,104125,0,8438,3,68,0,3,0,0,1854,1505258
2022-04-30,"New South Wales","NSW",11449,2097620,20,2409,33710,31030951,11449,2097620,0,2802,-22,1623,1,69,1,19,17777,17908097
2022-04-30,"Northern Territory","NT",394,63289,0,47,743,766424,394,63289,0,282,-2,45,0,2,0,0,718,576501
2022-04-30,"Queensland","QLD",4465,986439,5,873,7968,7324883,4465,986439,0,2210,-24,468,-2,9,0,4,10573,10927793
2022-04-30,"South Australia","SA",3937,406475,4,349,9789,4601713,3937,406475,0,1980,28,250,4,15,1,2,4904,3980004
2022-04-30,"Tasmania","TAS",1049,135886,0,50,195,644520,1049,135886,0,225,4,41,0,3,0,0,1896,1300958
2022-04-30,"Victoria","VIC",9064,1561415,19,2993,16543,20516623,9064,1561415,0,294076,20,448,-5,30,-4,3,14032,15184513
2022-04-30,"Western Australia","WA",6702,387111,4,149,8873,3402609,6702,387111,0,1257,1,234,4,8,0,0,6878,6343346
2022-05-01,"Australian Capital Territory","ACT",816,104941,0,52,1354,1058736,816,104941,0,8438,1,69,0,3,0,0,711,1505969
2022-05-01,"New South Wales","NSW",9228,2106848,5,2414,28868,31059819,9228,2106848,0,2802,-19,1604,6,75,4,23,7795,17915892
2022-05-01,"Northern Territory","NT",279,63568,0,47,671,767095,279,63568,0,282,5,50,-1,1,0,0,210,576711
2022-05-01,"Queensland","QLD",5861,992300,0,873,8885,7333768,5861,992300,0,2210,-22,446,5,14,0,4,3029,10930822
2022-05-01,"South Australia","SA",3242,409717,2,351,7854,4609567,3242,409717,0,1980,-21,229,1,16,-1,1,1926,3981930
2022-05-01,"Tasmania","TAS",820,136706,1,51,1966,646486,820,136706,0,225,2,43,0,3,0,0,622,1301580
2022-05-01,"Victoria","VIC",7654,1569069,7,3000,14866,20531489,7654,1569069,0,294076,-11,437,0,30,0,3,6273,15190786
2022-05-01,"Western Australia","WA",5312,392423,0,149,7001,3409610,5312,392423,0,1257,-13,221,-1,7,0,0,3972,6347318
2022-05-02,"Australian Capital Territory","ACT",798,105739,1,53,1695,1060431,798,105739,0,8438,-3,66,-1,2,0,0,414,1506383
2022-05-02,"New South Wales","NSW",7619,2114467,5,2419,22824,31082643,7619,2114467,0,2802,52,1656,-3,72,1,24,1810,17917702
2022-05-02,"Northern Territory","NT",244,63812,0,47,380,767475,244,63812,0,282,-6,44,1,2,0,0,22,576733
2022-05-02,"Queensland","QLD",5319,997619,0,873,4729,7338497,5319,997619,0,2210,7,453,-3,11,0,4,1613,10932435
2022-05-02,"South Australia","SA",3604,413321,3,354,7328,4616895,3604,413321,0,1980,28,257,-1,15,1,2,907,3982837
2022-05-02,"Tasmania","TAS",871,137577,3,54,816,647302,871,137577,0,225,3,46,-1,2,0,0,188,1301768
2022-05-02,"Victoria","VIC",7623,1576692,1,3001,12437,20543926,7623,1576692,0,294076,19,456,-4,26,1,4,2452,15193238
2022-05-02,"Western Australia","WA",5669,398092,0,149,10363,3419973,5669,398092,0,1257,19,240,-1,6,0,0,1409,6348727
2022-05-03,"Australian Capital Territory","ACT",966,106705,1,54,2888,1063319,966,106705,0,8438,-2,64,2,4,0,0,1479,1507862
2022-05-03,"New South Wales","NSW",9535,2124002,23,2442,21791,31104434,9535,2124002,0,2802,-143,1513,-1,71,0,24,17041,17934743
2022-05-03,"Northern Territory","NT",339,64151,0,47,353,767828,339,64151,0,282,-7,37,-1,1,0,0,41,576774
2022-05-03,"Queensland","QLD",2638,1000257,0,873,4324,7342821,2638,1000257,0,2210,13,466,4,15,0,4,484,10932919
2022-05-03,"South Australia","SA",3050,416371,3,357,7423,4624318,3050,416371,0,1980,-29,228,2,17,0,2,3983,3986820
2022-05-03,"Tasmania","TAS",1060,138637,1,55,1041,648343,1060,138637,0,225,3,49,0,2,0,0,1481,1303249
2022-05-03,"Victoria","VIC",9824,1586516,12,3013,13814,20557740,9824,1586516,0,294076,26,482,-1,25,2,6,12295,15205533
2022-05-03,"Western Australia","WA",7756,405848,1,150,15156,3435129,7756,405848,0,1257,9,249,2,8,0,0,6728,6355455
2022-05-04,"Australian Capital Territory","ACT",1064,107769,1,55,2146,1065465,1064,107769,0,8438,3,67,0,4,0,0,1725,1509587
2022-05-04,"New South Wales","NSW",192267,2316269,21,2463,35712,31140146,192267,2316269,0,2802,-3,1510,-3,68,-3,21,17497,17952240
2022-05-04,"Northern Territory","NT",389,64540,0,47,947,768775,389,64540,0,282,0,37,0,1,0,0,685,577459
2022-05-04,"Queensland","QLD",7202,1007459,8,881,6580,7349401,7202,1007459,0,2210,38,504,6,21,0,4,11426,10944345
2022-05-04,"South Australia","SA",3893,420264,12,369,9121,4633439,3893,420264,0,1980,-7,221,-6,11,-1,1,4085,3990905
2022-05-04,"Tasmania","TAS",1071,139708,1,56,1340,649683,1071,139708,0,225,1,50,0,2,0,0,1450,1304699
2022-05-04,"Victoria","VIC",10949,1597465,11,3024,19152,20576892,10949,1597465,0,294076,-9,473,0,25,0,6,13373,15218906
2022-05-04,"Western Australia","WA",9715,415563,2,152,14488,3449617,9715,415563,0,1257,-7,242,2,10,0,0,6496,6361951
2022-05-05,"Australian Capital Territory","ACT",1061,108830,0,55,2502,1067967,1061,108830,0,8438,3,70,0,4,0,0,1868,1511455
2022-05-05,"New South Wales","NSW",18091,2334360,21,2484,43370,31183516,18091,2334360,0,2802,19,1529,-6,62,3,24,19116,17971356
2022-05-05,"Northern Territory","NT",443,64983,0,47,840,769615,443,64983,0,282,1,38,0,1,0,0,590,578049
2022-05-05,"Queensland","QLD",7661,1015120,11,892,11476,7360877,7661,1015120,0,2210,-37,467,-7,14,0,4,12448,10956793
2022-05-05,"South Australia","SA",3918,424182,4,373,10016,4643455,3918,424182,0,1980,-3,218,0,11,0,1,5476,3996381
2022-05-05,"Tasmania","TAS",1078,140786,0,56,1293,650976,1078,140786,0,225,-4,46,1,3,0,0,1362,1306061
2022-05-05,"Victoria","VIC",11527,1608992,14,3038,19428,20596320,11527,1608992,0,294076,19,492,4,29,1,7,14682,15233588
2022-05-05,"Western Australia","WA",10141,425704,6,158,14249,3463866,10141,425704,0,1257,29,271,-1,9,0,0,5754,6367705
2022-05-06,"Australian Capital Territory","ACT",1049,109879,1,56,2585,1070552,1049,109879,0,8438,-4,66,1,5,0,0,1906,1513361
2022-05-06,"New South Wales","NSW",10796,2345156,7,2491,25918,31209434,10796,2345156,0,2802,-30,1499,-8,54,-5,19,18981,17990337
2022-05-06,"Northern Territory","NT",379,65362,1,48,843,770458,379,65362,0,282,8,46,0,1,0,0,667,578716
2022-05-06,"Queensland","QLD",8029,1023149,11,903,8637,7369514,8029,1023149,0,2210,-4,463,1,15,0,4,12713,10969506
2022-05-06,"South Australia","SA",3023,427205,1,374,7088,4650543,3023,427205,0,1980,3,221,-1,10,0,1,5441,4001822
2022-05-06,"Tasmania","TAS",1107,141893,0,56,908,651884,1107,141893,0,225,0,46,-1,2,0,0,1666,1307727
2022-05-06,"Victoria","VIC",10174,1619166,9,3047,18627,20614947,10174,1619166,0,294076,10,502,2,31,1,8,14614,15248202
2022-05-06,"Western Australia","WA",7591,433295,0,158,14300,3478166,7591,433295,0,1257,11,282,0,9,0,0,8581,6376286
2022-05-07,"Australian Capital Territory","ACT",975,110854,0,56,0,1070552,975,110854,0,8438,3,69,-1,4,0,0,2547,1515908
2022-05-07,"New South Wales","NSW",11671,2356827,19,2510,0,31209434,11671,2356827,0,2802,-18,1481,0,54,0,19,18270,18008607
2022-05-07,"Northern Territory","NT",298,65660,1,49,0,770458,298,65660,0,282,-10,36,-1,0,0,0,522,579238
2022-05-07,"Queensland","QLD",6662,1029811,5,908,11719,7381233,6662,1029811,0,2210,-9,454,-3,12,0,4,12040,10981546
2022-05-07,"South Australia","SA",3304,430509,2,376,9601,4660144,3304,430509,0,1980,-7,214,3,13,0,1,5091,4006913
2022-05-07,"Tasmania","TAS",903,142796,2,58,1291,653175,903,142796,0,225,2,48,-1,1,0,0,1433,1309160
2022-05-07,"Victoria","VIC",9365,1628531,9,3056,16587,20631534,9365,1628531,0,294076,-8,494,4,35,-2,6,14646,15262848
2022-05-07,"Western Australia","WA",9243,442538,6,164,12184,3490350,9243,442538,0,1257,-7,275,2,11,0,0,7286,6383572
2022-05-08,"Australian Capital Territory","ACT",788,111642,0,56,0,1070552,788,111642,0,8438,7,76,2,6,1,1,546,1516454
2022-05-08,"New South Wales","NSW",8891,2365718,6,2516,0,31209434,8891,2365718,0,2802,23,1504,3,57,-2,17,5868,18014475
2022-05-08,"Northern Territory","NT",223,65883,0,49,0,770458,223,65883,0,282,2,38,0,0,0,0,129,579367
2022-05-08,"Queensland","QLD",4673,1034484,2,910,7749,7388982,4673,1034484,0,2210,-28,426,0,12,0,4,3167,10984713
2022-05-08,"South Australia","SA",2788,433297,5,381,7721,4667865,2788,433297,0,1980,0,214,-4,9,0,1,1897,4008810
2022-05-08,"Tasmania","TAS",733,143529,1,59,823,653998,733,143529,0,225,-5,43,0,1,0,0,453,1309613
2022-05-08,"Victoria","VIC",8744,1637275,4,3060,17038,20648572,8744,1637275,0,294076,-3,491,3,38,2,8,5661,15268509
2022-05-08,"Western Australia","WA",8747,451285,1,165,9389,3499739,8747,451285,0,1257,6,281,-3,8,0,0,3196,6386768
2022-05-09,"Australian Capital Territory","ACT",765,112407,0,56,6069,1076621,765,112407,0,8438,-4,72,-3,3,0,1,170,1516624
2022-05-09,"New South Wales","NSW",7517,2373235,3,2519,84065,31293499,7517,2373235,0,2802,44,1548,-3,54,0,17,1646,18016121
2022-05-09,"Northern Territory","NT",200,66083,0,49,1510,771968,200,66083,0,282,0,38,0,0,0,0,10,579377
2022-05-09,"Queensland","QLD",6966,1041450,0,910,5106,7394088,6966,1041450,0,2210,13,439,0,12,0,4,1168,10985881
2022-05-09,"South Australia","SA",3021,436318,0,381,6616,4674481,3021,436318,0,1980,14,228,1,10,0,1,683,4009493
2022-05-09,"Tasmania","TAS",822,144351,0,59,902,654900,822,144351,0,225,1,44,0,1,0,0,61,1309674
2022-05-09,"Victoria","VIC",9698,1646973,0,3060,13432,20662004,9698,1646973,0,294076,0,491,5,43,-3,5,1656,15270165
2022-05-09,"Western Australia","WA",10268,461553,0,165,13449,3513188,10268,461553,0,1257,-2,279,-2,6,0,0,1194,6387962
2022-05-10,"Australian Capital Territory","ACT",961,113368,1,57,3323,1079944,961,113368,0,8438,1,73,2,5,1,2,1492,1518116
2022-05-10,"New South Wales","NSW",10177,2383412,17,2536,22700,31316199,10177,2383412,0,2802,-10,1538,1,55,0,17,18376,18034497
2022-05-10,"Northern Territory","NT",337,66420,0,49,705,772673,337,66420,0,282,-4,34,0,0,0,0,531,579908
2022-05-10,"Queensland","QLD",4742,1046192,3,913,5971,7400059,4742,1046192,0,2210,17,456,2,14,0,4,11047,10996928
2022-05-10,"South Australia","SA",3905,440223,3,384,8805,4683286,3905,440223,0,1980,-6,222,-4,6,0,1,5018,4014511
2022-05-10,"Tasmania","TAS",1073,145424,1,60,806,655706,1073,145424,0,225,-4,40,0,1,0,0,1515,1311189
2022-05-10,"Victoria","VIC",12587,1659560,18,3078,13730,20675734,12587,1659560,0,294076,28,519,-9,34,2,7,13615,15283780
2022-05-10,"Western Australia","WA",12356,473909,6,171,20961,3534149,12356,473909,0,1257,7,286,2,8,0,0,7171,6395133
2022-05-11,"Australian Capital Territory","ACT",1196,114564,2,59,3162,1083106,1196,114564,0,8438,3,76,-1,4,0,2,2034,1520150
2022-05-11,"New South Wales","NSW",11947,2395359,11,2547,38268,31354467,11947,2395359,0,2802,-86,1452,-7,48,2,19,19946,18054443
2022-05-11,"Northern Territory","NT",351,66771,0,49,1062,773735,351,66771,0,282,-7,27,0,0,0,0,599,580507
2022-05-11,"Queensland","QLD",6556,1052748,10,923,9422,7409481,6556,1052748,0,2210,3,459,0,14,-4,0,12956,11009884
2022-05-11,"South Australia","SA",4335,444558,8,392,10925,4694211,4335,444558,0,1980,10,232,1,7,0,1,5370,4019881
2022-05-11,"Tasmania","TAS",1027,146451,0,60,1212,656918,1027,146451,0,225,8,48,0,1,0,0,1923,1313112
2022-05-11,"Victoria","VIC",13854,1673414,17,3095,23566,20699300,13854,1673414,0,294076,14,533,-1,33,-2,5,15306,15299086
2022-05-11,"Western Australia","WA",16990,490899,3,174,20696,3554845,16990,490899,0,1257,-11,275,-1,7,0,0,7881,6403014
2022-05-12,"Australian Capital Territory","ACT",1132,115696,0,59,0,1083106,1132,115696,0,8438,-2,74,1,5,-1,1,1662,1521812
2022-05-12,"New South Wales","NSW",12600,2407959,23,2570,0,31354467,12600,2407959,0,2802,-49,1403,8,56,-2,17,20588,18075031
2022-05-12,"Northern Territory","NT",323,67094,0,49,0,773735,323,67094,0,282,-9,18,0,0,0,0,551,581058
2022-05-12,"Queensland","QLD",7271,1060019,3,926,10787,7420268,7271,1060019,0,2210,-22,437,2,16,0,0,12854,11022738
2022-05-12,"South Australia","SA",4696,449254,7,399,12068,4706279,4696,449254,0,1980,-22,210,0,7,1,2,6062,4025943
2022-05-12,"Tasmania","TAS",1058,147509,1,61,1310,658228,1058,147509,0,225,-6,42,0,1,0,0,1835,1314947
2022-05-12,"Victoria","VIC",14333,1687747,15,3110,21170,20720470,14333,1687747,0,294076,12,545,-4,29,3,8,15545,15314631
2022-05-12,"Western Australia","WA",16670,507569,6,180,16050,3570895,16670,507569,0,1257,0,275,1,8,0,0,7638,6410652
