"date","state","state_abbrev","confirmed","deaths","tests","positives","recovered","hosp","icu","vent","vaccines"
2020-01-25,"Australian Capital Territory","ACT",0,0,0,0,0,0,0,0,0
2020-01-25,"New South Wales","NSW",3,0,0,0,0,0,0,0,0
2020-01-25,"Northern Territory","NT",0,0,0,0,0,0,0,0,0
2020-01-25,"Queensland","QLD",0,0,0,0,0,0,0,0,0
2020-01-25,"South Australia","SA",0,0,0,0,0,0,0,0,0
2020-01-25,"Tasmania","TAS",0,0,0,0,0,0,0,0,0
2020-01-25,"Victoria","VIC",1,0,0,0,0,0,0,0,0
2020-01-25,"Western Australia","WA",0,0,0,0,0,0,0,0,0
2020-01-26,"Australian Capital Territory","ACT",0,0,0,0,0,0,0,0,0
2020-01-26,"New South Wales","NSW",3,0,0,0,0,0,0,0,0
2020-01-26,"Northern Territory","NT",0,0,0,0,0,0,0,0,0
2020-01-26,"Queensland","QLD",0,0,0,0,0,0,0,0,0
2020-01-26,"South Australia","SA",0,0,0,0,0,0,0,0,0
2020-01-26,"Tasmania","TAS",0,0,0,0,0,0,0,0,0
2020-01-26,"Victoria","VIC",1,0,0,0,0,0,0,0,0
2020-01-26,"Western Australia","WA",0,0,0,0,0,0,0,0,0
2020-01-27,"Australian Capital Territory","ACT",0,0,0,0,0,0,0,0,0
2020-01-27,"New South Wales","NSW",4,0,0,0,0,0,0,0,0
2020-01-27,"Northern Territory","NT",0,0,0,0,0,0,0,0,0
2020-01-27,"Queensland","QLD",0,0,0,0,0,0,0,0,0
2020-01-27,"South Australia","SA",0,0,0,0,0,0,0,0,0
2020-01-27,"Tasmania","TAS",0,0,0,0,0,0,0,0,0
2020-01-27,"Victoria","VIC",1,0,0,0,0,0,0,0,0
2020-01-27,"Western Australia","WA",0,0,0,0,0,0,0,0,0
2020-01-28,"Australian Capital Territory","ACT",0,0,0,0,0,0,0,0,0
2020-01-28,"New South Wales","NSW",4,0,0,0,0,0,0,0,0
2020-01-28,"Northern Territory","NT",0,0,0,0,0,0,0,0,0
2020-01-28,"Queensland","QLD",0,0,0,0,0,0,0,0,0
2020-01-28,"South Australia","SA",0,0,0,0,0,0,0,0,0
2020-01-28,"Tasmania","TAS",0,0,0,0,0,0,0,0,0
2020-01-28,"Victoria","VIC",1,0,0,0,0,0,0,0,0
2020-01-28,"Western Australia","WA",0,0,0,0,0,0,0,0,0
2020-01-29,"Australian Capital Territory","ACT",0,0,0,0,0,0,0,0,0
2020-01-29,"New South Wales","NSW",4,0,0,0,0,0,0,0,0
2020-01-29,"Northern Territory","NT",0,0,0,0,0,0,0,0,0
2020-01-29,"Queensland","QLD",2,0,0,0,0,0,0,0,0
2020-01-29,"South Australia","SA",0,0,0,0,0,0,0,0,0
2020-01-29,"Tasmania","TAS",0,0,0,0,0,0,0,0,0
2020-01-29,"Victoria","VIC",3,0,0,0,0,0,0,0,0
2020-01-29,"Western Australia","WA",0,0,0,0,0,0,0,0,0
2020-01-30,"Australian Capital Territory","ACT",0,0,0,0,0,0,0,0,0
2020-01-30,"New South Wales","NSW",4,0,0,0,0,0,0,0,0
2020-01-30,"Northern Territory","NT",0,0,0,0,0,0,0,0,0
2020-01-30,"Queensland","QLD",2,0,0,0,0,0,0,0,0
2020-01-30,"South Australia","SA",0,0,0,0,0,0,0,0,0
2020-01-30,"Tasmania","TAS",0,0,0,0,0,0,0,0,0
2020-01-30,"Victoria","VIC",3,0,0,0,0,0,0,0,0
2020-01-30,"Western Australia","WA",0,0,0,0,0,0,0,0,0
2020-01-31,"Australian Capital Territory","ACT",0,0,0,0,0,0,0,0,0
2020-01-31,"New South Wales","NSW",4,0,0,0,0,0,0,0,0
2020-01-31,"Northern Territory","NT",0,0,0,0,0,0,0,0,0
2020-01-31,"Queensland","QLD",2,0,0,0,0,0,0,0,0
2020-01-31,"South Australia","SA",0,0,0,0,0,0,0,0,0
2020-01-31,"Tasmania","TAS",0,0,0,0,0,0,0,0,0
2020-01-31,"Victoria","VIC",3,0,0,0,0,0,0,0,0
2020-01-31,"Western Australia","WA",0,0,0,0,0,0,0,0,0
2020-02-01,"Australian Capital Territory","ACT",0,0,0,0,0,0,0,0,0
2020-02-01,"New South Wales","NSW",4,0,0,0,0,0,0,0,0
2020-02-01,"Northern Territory","NT",0,0,0,0,0,0,0,0,0
2020-02-01,"Queensland","QLD",2,0,0,0,0,0,0,0,0
2020-02-01,"South Australia","SA",0,0,0,0,0,0,0,0,0
2020-02-01,"Tasmania","TAS",0,0,0,0,0,0,0,0,0
2020-02-01,"Victoria","VIC",4,0,0,0,0,0,0,0,0
2020-02-01,"Western Australia","WA",0,0,0,0,0,0,0,0,0
2020-02-02,"Australian Capital Territory","ACT",0,0,0,0,0,0,0,0,0
2020-02-02,"New South Wales","NSW",4,0,0,0,0,0,0,0,0
2020-02-02,"Northern Territory","NT",0,0,0,0,0,0,0,0,0
2020-02-02,"Queensland","QLD",2,0,0,0,0,0,0,0,0
2020-02-02,"South Australia","SA",2,0,0,0,0,0,0,0,0
2020-02-02,"Tasmania","TAS",0,0,0,0,0,0,0,0,0
2020-02-02,"Victoria","VIC",4,0,0,0,0,0,0,0,0
2020-02-02,"Western Australia","WA",0,0,0,0,0,0,0,0,0
2020-02-03,"Australian Capital Territory","ACT",0,0,0,0,0,0,0,0,0
2020-02-03,"New South Wales","NSW",4,0,0,0,0,0,0,0,0
2020-02-03,"Northern Territory","NT",0,0,0,0,0,0,0,0,0
2020-02-03,"Queensland","QLD",2,0,0,0,0,0,0,0,0
2020-02-03,"South Australia","SA",2,0,0,0,0,0,0,0,0
2020-02-03,"Tasmania","TAS",0,0,0,0,0,0,0,0,0
2020-02-03,"Victoria","VIC",4,0,0,0,0,0,0,0,0
2020-02-03,"Western Australia","WA",0,0,0,0,0,0,0,0,0
2020-02-04,"Australian Capital Territory","ACT",0,0,0,0,0,0,0,0,0
2020-02-04,"New South Wales","NSW",4,0,0,0,0,0,0,0,0
2020-02-04,"Northern Territory","NT",0,0,0,0,0,0,0,0,0
2020-02-04,"Queensland","QLD",3,0,0,0,0,0,0,0,0
2020-02-04,"South Australia","SA",2,0,0,0,0,0,0,0,0
2020-02-04,"Tasmania","TAS",0,0,0,0,0,0,0,0,0
2020-02-04,"Victoria","VIC",4,0,0,0,0,0,0,0,0
2020-02-04,"Western Australia","WA",0,0,0,0,0,0,0,0,0
2020-02-05,"Australian Capital Territory","ACT",0,0,0,0,0,0,0,0,0
2020-02-05,"New South Wales","NSW",4,0,0,0,0,0,0,0,0
2020-02-05,"Northern Territory","NT",0,0,0,0,0,0,0,0,0
2020-02-05,"Queensland","QLD",4,0,0,0,0,0,0,0,0
2020-02-05,"South Australia","SA",2,0,0,0,0,0,0,0,0
2020-02-05,"Tasmania","TAS",0,0,0,0,0,0,0,0,0
2020-02-05,"Victoria","VIC",4,0,0,0,0,0,0,0,0
2020-02-05,"Western Australia","WA",0,0,0,0,0,0,0,0,0
2020-02-06,"Australian Capital Territory","ACT",0,0,0,0,0,0,0,0,0
2020-02-06,"New South Wales","NSW",4,0,0,0,0,0,0,0,0
2020-02-06,"Northern Territory","NT",0,0,0,0,0,0,0,0,0
2020-02-06,"Queensland","QLD",5,0,0,0,0,0,0,0,0
2020-02-06,"South Australia","SA",2,0,0,0,0,0,0,0,0
2020-02-06,"Tasmania","TAS",0,0,0,0,0,0,0,0,0
2020-02-06,"Victoria","VIC",4,0,0,0,0,0,0,0,0
2020-02-06,"Western Australia","WA",0,0,0,0,0,0,0,0,0
2020-02-07,"Australian Capital Territory","ACT",0,0,0,0,0,0,0,0,0
2020-02-07,"New South Wales","NSW",4,0,0,0,0,0,0,0,0
2020-02-07,"Northern Territory","NT",0,0,0,0,0,0,0,0,0
2020-02-07,"Queensland","QLD",5,0,0,0,0,0,0,0,0
2020-02-07,"South Australia","SA",2,0,0,0,0,0,0,0,0
2020-02-07,"Tasmania","TAS",0,0,0,0,0,0,0,0,0
2020-02-07,"Victoria","VIC",4,0,0,0,0,0,0,0,0
2020-02-07,"Western Australia","WA",0,0,0,0,0,0,0,0,0
2020-02-08,"Australian Capital Territory","ACT",0,0,0,0,0,0,0,0,0
2020-02-08,"New South Wales","NSW",4,0,0,0,0,0,0,0,0
2020-02-08,"Northern Territory","NT",0,0,0,0,0,0,0,0,0
2020-02-08,"Queensland","QLD",5,0,0,0,0,0,0,0,0
2020-02-08,"South Australia","SA",2,0,0,0,0,0,0,0,0
2020-02-08,"Tasmania","TAS",0,0,0,0,0,0,0,0,0
2020-02-08,"Victoria","VIC",4,0,0,0,0,0,0,0,0
2020-02-08,"Western Australia","WA",0,0,0,0,0,0,0,0,0
2020-02-09,"Australian Capital Territory","ACT",0,0,0,0,0,0,0,0,0
2020-02-09,"New South Wales","NSW",4,0,0,0,0,0,0,0,0
2020-02-09,"Northern Territory","NT",0,0,0,0,0,0,0,0,0
2020-02-09,"Queensland","QLD",5,0,0,0,0,0,0,0,0
2020-02-09,"South Australia","SA",2,0,0,0,0,0,0,0,0
2020-02-09,"Tasmania","TAS",0,0,0,0,0,0,0,0,0
2020-02-09,"Victoria","VIC",4,0,0,0,0,0,0,0,0
2020-02-09,"Western Australia","WA",0,0,0,0,0,0,0,0,0
2020-02-10,"Australian Capital Territory","ACT",0,0,0,0,0,0,0,0,0
2020-02-10,"New South Wales","NSW",4,0,0,0,0,0,0,0,0
2020-02-10,"Northern Territory","NT",0,0,0,0,0,0,0,0,0
2020-02-10,"Queensland","QLD",5,0,0,0,0,0,0,0,0
2020-02-10,"South Australia","SA",2,0,0,0,0,0,0,0,0
2020-02-10,"Tasmania","TAS",0,0,0,0,0,0,0,0,0
2020-02-10,"Victoria","VIC",4,0,0,0,0,0,0,0,0
2020-02-10,"Western Australia","WA",0,0,0,0,0,0,0,0,0
2020-02-11,"Australian Capital Territory","ACT",0,0,0,0,0,0,0,0,0
2020-02-11,"New South Wales","NSW",4,0,0,0,0,0,0,0,0
2020-02-11,"Northern Territory","NT",0,0,0,0,0,0,0,0,0
2020-02-11,"Queensland","QLD",5,0,0,0,0,0,0,0,0
2020-02-11,"South Australia","SA",2,0,0,0,0,0,0,0,0
2020-02-11,"Tasmania","TAS",0,0,0,0,0,0,0,0,0
2020-02-11,"Victoria","VIC",4,0,0,0,0,0,0,0,0
2020-02-11,"Western Australia","WA",0,0,0,0,0,0,0,0,0
2020-02-12,"Australian Capital Territory","ACT",0,0,0,0,0,0,0,0,0
2020-02-12,"New South Wales","NSW",4,0,0,0,0,0,0,0,0
2020-02-12,"Northern Territory","NT",0,0,0,0,0,0,0,0,0
2020-02-12,"Queensland","QLD",5,0,0,0,0,0,0,0,0
2020-02-12,"South Australia","SA",2,0,0,0,0,0,0,0,0
2020-02-12,"Tasmania","TAS",0,0,0,0,0,0,0,0,0
2020-02-12,"Victoria","VIC",4,0,0,0,0,0,0,0,0
2020-02-12,"Western Australia","WA",0,0,0,0,0,0,0,0,0
2020-02-13,"Australian Capital Territory","ACT",0,0,0,0,0,0,0,0,0
2020-02-13,"New South Wales","NSW",4,0,0,0,0,0,0,0,0
2020-02-13,"Northern Territory","NT",0,0,0,0,0,0,0,0,0
2020-02-13,"Queensland","QLD",5,0,0,0,0,0,0,0,0
2020-02-13,"South Australia","SA",2,0,0,0,0,0,0,0,0
2020-02-13,"Tasmania","TAS",0,0,0,0,0,0,0,0,0
2020-02-13,"Victoria","VIC",4,0,0,0,0,0,0,0,0
2020-02-13,"Western Australia","WA",0,0,0,0,0,0,0,0,0
2020-02-14,"Australian Capital Territory","ACT",0,0,0,0,0,0,0,0,0
2020-02-14,"New South Wales","NSW",4,0,0,0,0,0,0,0,0
2020-02-14,"Northern Territory","NT",0,0,0,0,0,0,0,0,0
2020-02-14,"Queensland","QLD",5,0,0,0,0,0,0,0,0
2020-02-14,"South Australia","SA",2,0,0,0,0,0,0,0,0
2020-02-14,"Tasmania","TAS",0,0,0,0,0,0,0,0,0
2020-02-14,"Victoria","VIC",4,0,0,0,0,0,0,0,0
2020-02-14,"Western Australia","WA",0,0,0,0,0,0,0,0,0
2020-02-15,"Australian Capital Territory","ACT",0,0,0,0,0,0,0,0,0
2020-02-15,"New South Wales","NSW",4,0,0,0,0,0,0,0,0
2020-02-15,"Northern Territory","NT",0,0,0,0,0,0,0,0,0
2020-02-15,"Queensland","QLD",5,0,0,0,0,0,0,0,0
2020-02-15,"South Australia","SA",2,0,0,0,0,0,0,0,0
2020-02-15,"Tasmania","TAS",0,0,0,0,0,0,0,0,0
2020-02-15,"Victoria","VIC",4,0,0,0,0,0,0,0,0
2020-02-15,"Western Australia","WA",0,0,0,0,0,0,0,0,0
2020-02-16,"Australian Capital Territory","ACT",0,0,0,0,0,0,0,0,0
2020-02-16,"New South Wales","NSW",4,0,0,0,0,0,0,0,0
2020-02-16,"Northern Territory","NT",0,0,0,0,0,0,0,0,0
2020-02-16,"Queensland","QLD",5,0,0,0,0,0,0,0,0
2020-02-16,"South Australia","SA",2,0,0,0,0,0,0,0,0
2020-02-16,"Tasmania","TAS",0,0,0,0,0,0,0,0,0
2020-02-16,"Victoria","VIC",4,0,0,0,0,0,0,0,0
2020-02-16,"Western Australia","WA",0,0,0,0,0,0,0,0,0
2020-02-17,"Australian Capital Territory","ACT",0,0,0,0,0,0,0,0,0
2020-02-17,"New South Wales","NSW",4,0,0,0,0,0,0,0,0
2020-02-17,"Northern Territory","NT",0,0,0,0,0,0,0,0,0
2020-02-17,"Queensland","QLD",5,0,0,0,0,0,0,0,0
2020-02-17,"South Australia","SA",2,0,0,0,0,0,0,0,0
2020-02-17,"Tasmania","TAS",0,0,0,0,0,0,0,0,0
2020-02-17,"Victoria","VIC",4,0,0,0,0,0,0,0,0
2020-02-17,"Western Australia","WA",0,0,0,0,0,0,0,0,0
2020-02-18,"Australian Capital Territory","ACT",0,0,0,0,0,0,0,0,0
2020-02-18,"New South Wales","NSW",4,0,0,0,0,0,0,0,0
2020-02-18,"Northern Territory","NT",0,0,0,0,0,0,0,0,0
2020-02-18,"Queensland","QLD",5,0,0,0,0,0,0,0,0
2020-02-18,"South Australia","SA",2,0,0,0,0,0,0,0,0
2020-02-18,"Tasmania","TAS",0,0,0,0,0,0,0,0,0
2020-02-18,"Victoria","VIC",4,0,0,0,0,0,0,0,0
2020-02-18,"Western Australia","WA",0,0,0,0,0,0,0,0,0
2020-02-19,"Australian Capital Territory","ACT",0,0,0,0,0,0,0,0,0
2020-02-19,"New South Wales","NSW",4,0,0,0,0,0,0,0,0
2020-02-19,"Northern Territory","NT",0,0,0,0,0,0,0,0,0
2020-02-19,"Queensland","QLD",5,0,0,0,0,0,0,0,0
2020-02-19,"South Australia","SA",2,0,0,0,0,0,0,0,0
2020-02-19,"Tasmania","TAS",0,0,0,0,0,0,0,0,0
2020-02-19,"Victoria","VIC",4,0,0,0,0,0,0,0,0
2020-02-19,"Western Australia","WA",0,0,0,0,0,0,0,0,0
2020-02-20,"Australian Capital Territory","ACT",0,0,0,0,0,0,0,0,0
2020-02-20,"New South Wales","NSW",4,0,0,0,0,0,0,0,0
2020-02-20,"Northern Territory","NT",0,0,0,0,0,0,0,0,0
2020-02-20,"Queensland","QLD",5,0,0,0,0,0,0,0,0
2020-02-20,"South Australia","SA",2,0,0,0,0,0,0,0,0
2020-02-20,"Tasmania","TAS",0,0,0,0,0,0,0,0,0
2020-02-20,"Victoria","VIC",4,0,0,0,0,0,0,0,0
2020-02-20,"Western Australia","WA",0,0,0,0,0,0,0,0,0
2020-02-21,"Australian Capital Territory","ACT",0,0,0,0,0,0,0,0,0
2020-02-21,"New South Wales","NSW",4,0,0,0,0,0,0,0,0
2020-02-21,"Northern Territory","NT",0,0,0,0,0,0,0,0,0
2020-02-21,"Queensland","QLD",7,0,0,0,0,0,0,0,0
2020-02-21,"South Australia","SA",3,0,0,0,0,0,0,0,0
2020-02-21,"Tasmania","TAS",0,0,0,0,0,0,0,0,0
2020-02-21,"Victoria","VIC",4,0,0,0,0,0,0,0,0
2020-02-21,"Western Australia","WA",1,0,0,0,0,0,0,0,0
2020-02-22,"Australian Capital Territory","ACT",0,0,0,0,0,0,0,0,0
2020-02-22,"New South Wales","NSW",4,0,0,0,0,0,0,0,0
2020-02-22,"Northern Territory","NT",0,0,0,0,0,0,0,0,0
2020-02-22,"Queensland","QLD",8,0,0,0,0,0,0,0,0
2020-02-22,"South Australia","SA",3,0,0,0,0,0,0,0,0
2020-02-22,"Tasmania","TAS",0,0,0,0,0,0,0,0,0
2020-02-22,"Victoria","VIC",4,0,0,0,0,0,0,0,0
2020-02-22,"Western Australia","WA",1,0,0,0,0,0,0,0,0
2020-02-23,"Australian Capital Territory","ACT",0,0,0,0,0,0,0,0,0
2020-02-23,"New South Wales","NSW",4,0,0,0,0,0,0,0,0
2020-02-23,"Northern Territory","NT",0,0,0,0,0,0,0,0,0
2020-02-23,"Queensland","QLD",8,0,0,0,0,0,0,0,0
2020-02-23,"South Australia","SA",3,0,0,0,0,0,0,0,0
2020-02-23,"Tasmania","TAS",0,0,0,0,0,0,0,0,0
2020-02-23,"Victoria","VIC",4,0,0,0,0,0,0,0,0
2020-02-23,"Western Australia","WA",1,0,0,0,0,0,0,0,0
2020-02-24,"Australian Capital Territory","ACT",0,0,0,0,0,0,0,0,0
2020-02-24,"New South Wales","NSW",4,0,0,0,0,0,0,0,0
2020-02-24,"Northern Territory","NT",0,0,0,0,0,0,0,0,0
2020-02-24,"Queensland","QLD",8,0,0,0,0,0,0,0,0
2020-02-24,"South Australia","SA",3,0,0,0,0,0,0,0,0
2020-02-24,"Tasmania","TAS",0,0,0,0,0,0,0,0,0
2020-02-24,"Victoria","VIC",4,0,0,0,0,0,0,0,0
2020-02-24,"Western Australia","WA",1,0,0,0,0,0,0,0,0
2020-02-25,"Australian Capital Territory","ACT",0,0,0,0,0,0,0,0,0
2020-02-25,"New South Wales","NSW",4,0,0,0,0,0,0,0,0
2020-02-25,"Northern Territory","NT",0,0,0,0,0,0,0,0,0
2020-02-25,"Queensland","QLD",8,0,0,0,0,0,0,0,0
2020-02-25,"South Australia","SA",3,0,0,0,0,0,0,0,0
2020-02-25,"Tasmania","TAS",0,0,0,0,0,0,0,0,0
2020-02-25,"Victoria","VIC",4,0,0,0,0,0,0,0,0
2020-02-25,"Western Australia","WA",1,0,0,0,0,0,0,0,0
2020-02-26,"Australian Capital Territory","ACT",0,0,0,0,0,0,0,0,0
2020-02-26,"New South Wales","NSW",4,0,0,0,0,0,0,0,0
2020-02-26,"Northern Territory","NT",0,0,0,0,0,0,0,0,0
2020-02-26,"Queensland","QLD",8,0,0,0,0,0,0,0,0
2020-02-26,"South Australia","SA",3,0,0,0,0,0,0,0,0
2020-02-26,"Tasmania","TAS",0,0,0,0,0,0,0,0,0
2020-02-26,"Victoria","VIC",4,0,0,0,0,0,0,0,0
2020-02-26,"Western Australia","WA",1,0,0,0,0,0,0,0,0
2020-02-27,"Australian Capital Territory","ACT",0,0,0,0,0,0,0,0,0
2020-02-27,"New South Wales","NSW",4,0,0,0,0,0,0,0,0
2020-02-27,"Northern Territory","NT",0,0,0,0,0,0,0,0,0
2020-02-27,"Queensland","QLD",8,0,0,0,0,0,0,0,0
2020-02-27,"South Australia","SA",3,0,0,0,0,0,0,0,0
2020-02-27,"Tasmania","TAS",0,0,0,0,0,0,0,0,0
2020-02-27,"Victoria","VIC",7,0,0,0,0,0,0,0,0
2020-02-27,"Western Australia","WA",1,0,0,0,0,0,0,0,0
2020-02-28,"Australian Capital Territory","ACT",0,0,0,0,0,0,0,0,0
2020-02-28,"New South Wales","NSW",4,0,0,0,0,0,0,0,0
2020-02-28,"Northern Territory","NT",0,0,0,0,0,0,0,0,0
2020-02-28,"Queensland","QLD",9,0,0,0,0,0,0,0,0
2020-02-28,"South Australia","SA",3,0,0,0,0,0,0,0,0
2020-02-28,"Tasmania","TAS",0,0,0,0,0,0,0,0,0
2020-02-28,"Victoria","VIC",7,0,0,0,0,0,0,0,0
2020-02-28,"Western Australia","WA",2,0,0,0,0,0,0,0,0
2020-02-29,"Australian Capital Territory","ACT",0,0,0,0,0,0,0,0,0
2020-02-29,"New South Wales","NSW",4,0,0,0,0,0,0,0,0
2020-02-29,"Northern Territory","NT",0,0,0,0,0,0,0,0,0
2020-02-29,"Queensland","QLD",9,0,0,0,0,0,0,0,0
2020-02-29,"South Australia","SA",3,0,0,0,0,0,0,0,0
2020-02-29,"Tasmania","TAS",0,0,0,0,0,0,0,0,0
2020-02-29,"Victoria","VIC",7,0,0,0,0,0,0,0,0
2020-02-29,"Western Australia","WA",2,0,0,0,0,0,0,0,0
2020-03-01,"Australian Capital Territory","ACT",0,0,0,0,0,0,0,0,0
2020-03-01,"New South Wales","NSW",5,0,0,5,0,0,0,0,0
2020-03-01,"Northern Territory","NT",0,0,0,0,0,0,0,0,0
2020-03-01,"Queensland","QLD",9,0,0,9,0,0,0,0,0
2020-03-01,"South Australia","SA",3,0,0,3,0,0,0,0,0
2020-03-01,"Tasmania","TAS",0,0,0,0,0,0,0,0,0
2020-03-01,"Victoria","VIC",9,0,0,9,0,0,0,0,0
2020-03-01,"Western Australia","WA",2,1,0,2,0,0,0,0,0
2020-03-02,"Australian Capital Territory","ACT",0,0,0,0,0,0,0,0,0
2020-03-02,"New South Wales","NSW",9,0,0,9,0,0,0,0,0
2020-03-02,"Northern Territory","NT",0,0,0,0,0,0,0,0,0
2020-03-02,"Queensland","QLD",9,0,0,9,0,0,0,0,0
2020-03-02,"South Australia","SA",3,0,0,3,0,0,0,0,0
2020-03-02,"Tasmania","TAS",0,0,0,0,0,0,0,0,0
2020-03-02,"Victoria","VIC",9,0,0,9,0,0,0,0,0
2020-03-02,"Western Australia","WA",2,1,0,2,0,0,0,0,0
2020-03-03,"Australian Capital Territory","ACT",0,0,0,0,0,0,0,0,0
2020-03-03,"New South Wales","NSW",15,0,0,15,0,0,0,0,0
2020-03-03,"Northern Territory","NT",0,0,0,0,0,0,0,0,0
2020-03-03,"Queensland","QLD",10,0,0,10,0,0,0,0,0
2020-03-03,"South Australia","SA",3,0,0,3,0,0,0,0,0
2020-03-03,"Tasmania","TAS",1,0,0,1,0,0,0,0,0
2020-03-03,"Victoria","VIC",9,0,0,9,0,0,0,0,0
2020-03-03,"Western Australia","WA",2,1,0,2,0,0,0,0,0
2020-03-04,"Australian Capital Territory","ACT",0,0,0,0,0,0,0,0,0
2020-03-04,"New South Wales","NSW",22,1,0,22,0,0,0,0,0
2020-03-04,"Northern Territory","NT",0,0,0,0,0,0,0,0,0
2020-03-04,"Queensland","QLD",11,0,0,11,0,0,0,0,0
2020-03-04,"South Australia","SA",5,0,0,5,0,0,0,0,0
2020-03-04,"Tasmania","TAS",1,0,0,1,0,0,0,0,0
2020-03-04,"Victoria","VIC",10,0,0,10,0,0,0,0,0
2020-03-04,"Western Australia","WA",2,1,0,2,0,0,0,0,0
2020-03-05,"Australian Capital Territory","ACT",0,0,0,0,0,0,0,0,0
2020-03-05,"New South Wales","NSW",25,1,0,25,0,0,0,0,0
2020-03-05,"Northern Territory","NT",0,0,0,0,0,0,0,0,0
2020-03-05,"Queensland","QLD",13,0,0,13,0,0,0,0,0
2020-03-05,"South Australia","SA",7,0,0,7,0,0,0,0,0
2020-03-05,"Tasmania","TAS",1,0,0,1,0,0,0,0,0
2020-03-05,"Victoria","VIC",10,0,0,10,0,0,0,0,0
2020-03-05,"Western Australia","WA",3,1,0,3,0,0,0,0,0
2020-03-06,"Australian Capital Territory","ACT",0,0,0,0,0,0,0,0,0
2020-03-06,"New South Wales","NSW",28,1,0,28,0,0,0,0,0
2020-03-06,"Northern Territory","NT",0,0,0,0,0,0,0,0,0
2020-03-06,"Queensland","QLD",14,0,0,14,0,0,0,0,0
2020-03-06,"South Australia","SA",7,0,0,7,0,0,0,0,0
2020-03-06,"Tasmania","TAS",1,0,0,1,0,0,0,0,0
2020-03-06,"Victoria","VIC",10,0,0,10,0,0,0,0,0
2020-03-06,"Western Australia","WA",3,1,0,3,0,0,0,0,0
2020-03-07,"Australian Capital Territory","ACT",0,0,0,0,0,0,0,0,0
2020-03-07,"New South Wales","NSW",36,1,7214,36,0,0,0,0,0
2020-03-07,"Northern Territory","NT",0,0,0,0,0,0,0,0,0
2020-03-07,"Queensland","QLD",14,0,0,14,0,0,0,0,0
2020-03-07,"South Australia","SA",7,0,0,7,0,0,0,0,0
2020-03-07,"Tasmania","TAS",2,0,0,2,0,0,0,0,0
2020-03-07,"Victoria","VIC",11,0,0,11,0,0,0,0,0
2020-03-07,"Western Australia","WA",3,1,0,3,0,0,0,0,0
2020-03-08,"Australian Capital Territory","ACT",0,0,0,0,0,0,0,0,0
2020-03-08,"New South Wales","NSW",40,2,8008,40,0,0,0,0,0
2020-03-08,"Northern Territory","NT",0,0,0,0,0,0,0,0,0
2020-03-08,"Queensland","QLD",15,0,0,15,0,0,0,0,0
2020-03-08,"South Australia","SA",7,0,0,7,0,0,0,0,0
2020-03-08,"Tasmania","TAS",2,0,0,2,0,0,0,0,0
2020-03-08,"Victoria","VIC",12,0,0,12,0,0,0,0,0
2020-03-08,"Western Australia","WA",4,1,0,4,0,0,0,0,0
2020-03-09,"Australian Capital Territory","ACT",0,0,0,0,0,0,0,0,0
2020-03-09,"New South Wales","NSW",47,2,8371,47,0,0,0,0,0
2020-03-09,"Northern Territory","NT",0,0,0,0,0,0,0,0,0
2020-03-09,"Queensland","QLD",15,0,0,15,0,0,0,0,0
2020-03-09,"South Australia","SA",7,0,0,7,0,0,0,0,0
2020-03-09,"Tasmania","TAS",2,0,0,2,0,0,0,0,0
2020-03-09,"Victoria","VIC",15,0,0,15,0,0,0,0,0
2020-03-09,"Western Australia","WA",6,1,0,6,0,0,0,0,0
2020-03-10,"Australian Capital Territory","ACT",0,0,0,0,0,0,0,0,0
2020-03-10,"New South Wales","NSW",61,2,10165,61,0,0,0,0,0
2020-03-10,"Northern Territory","NT",0,0,0,0,0,0,0,0,0
2020-03-10,"Queensland","QLD",18,0,0,18,0,0,0,0,0
2020-03-10,"South Australia","SA",7,0,0,7,0,0,0,0,0
2020-03-10,"Tasmania","TAS",2,0,0,2,0,0,0,0,0
2020-03-10,"Victoria","VIC",18,0,0,18,0,0,0,0,0
2020-03-10,"Western Australia","WA",6,1,0,6,0,0,0,0,0
2020-03-11,"Australian Capital Territory","ACT",0,0,0,0,0,0,0,0,0
2020-03-11,"New South Wales","NSW",65,2,10221,65,0,0,0,0,0
2020-03-11,"Northern Territory","NT",0,0,0,0,0,0,0,0,0
2020-03-11,"Queensland","QLD",20,0,0,20,0,0,0,0,0
2020-03-11,"South Australia","SA",9,0,0,9,0,0,0,0,0
2020-03-11,"Tasmania","TAS",3,0,0,3,0,0,0,0,0
2020-03-11,"Victoria","VIC",21,0,0,21,0,0,0,0,0
2020-03-11,"Western Australia","WA",9,1,0,9,0,0,0,0,0
2020-03-12,"Australian Capital Territory","ACT",1,0,0,1,0,0,0,0,0
2020-03-12,"New South Wales","NSW",78,2,14856,78,0,0,0,0,0
2020-03-12,"Northern Territory","NT",0,0,0,0,0,0,0,0,0
2020-03-12,"Queensland","QLD",27,0,0,27,0,0,0,0,0
2020-03-12,"South Australia","SA",12,0,0,12,0,0,0,0,0
2020-03-12,"Tasmania","TAS",3,0,0,3,0,0,0,0,0
2020-03-12,"Victoria","VIC",27,0,0,27,0,0,0,0,0
2020-03-12,"Western Australia","WA",9,1,0,9,0,0,0,0,0
2020-03-13,"Australian Capital Territory","ACT",1,0,0,1,0,0,0,0,0
2020-03-13,"New South Wales","NSW",92,2,16685,92,0,0,0,0,0
2020-03-13,"Northern Territory","NT",0,0,0,0,0,0,0,0,0
2020-03-13,"Queensland","QLD",35,1,0,35,0,0,0,0,0
2020-03-13,"South Australia","SA",16,0,0,16,0,0,0,0,0
2020-03-13,"Tasmania","TAS",4,0,0,4,0,0,0,0,0
2020-03-13,"Victoria","VIC",36,0,0,36,0,0,0,0,0
2020-03-13,"Western Australia","WA",14,1,0,14,0,0,0,0,0
2020-03-14,"Australian Capital Territory","ACT",1,0,0,1,0,0,0,0,0
2020-03-14,"New South Wales","NSW",112,2,20496,112,0,0,0,0,0
2020-03-14,"Northern Territory","NT",0,0,0,0,0,0,0,0,0
2020-03-14,"Queensland","QLD",46,1,0,46,0,0,0,0,0
2020-03-14,"South Australia","SA",19,0,0,19,0,0,0,0,0
2020-03-14,"Tasmania","TAS",5,0,0,5,0,0,0,0,0
2020-03-14,"Victoria","VIC",49,0,0,49,0,0,0,0,0
2020-03-14,"Western Australia","WA",17,1,0,17,0,0,0,0,0
2020-03-15,"Australian Capital Territory","ACT",1,0,0,1,0,0,0,0,0
2020-03-15,"New South Wales","NSW",134,4,22567,134,0,0,0,0,0
2020-03-15,"Northern Territory","NT",0,0,0,0,0,0,0,0,0
2020-03-15,"Queensland","QLD",61,1,0,61,0,0,0,0,0
2020-03-15,"South Australia","SA",20,0,0,20,0,0,0,0,0
2020-03-15,"Tasmania","TAS",6,0,0,6,0,0,0,0,0
2020-03-15,"Victoria","VIC",57,0,0,57,0,0,0,0,0
2020-03-15,"Western Australia","WA",18,1,0,18,0,0,0,0,0
2020-03-16,"Australian Capital Territory","ACT",2,0,0,2,0,0,0,0,0
2020-03-16,"New South Wales","NSW",171,4,26964,171,0,0,0,0,0
2020-03-16,"Northern Territory","NT",0,0,0,0,0,0,0,0,0
2020-03-16,"Queensland","QLD",68,1,0,68,0,0,0,0,0
2020-03-16,"South Australia","SA",29,0,0,29,0,0,0,0,0
2020-03-16,"Tasmania","TAS",7,0,0,7,0,0,0,0,0
2020-03-16,"Victoria","VIC",71,0,11700,71,0,0,0,0,0
2020-03-16,"Western Australia","WA",28,1,0,28,0,0,0,0,0
2020-03-17,"Australian Capital Territory","ACT",2,0,0,2,0,0,0,0,0
2020-03-17,"New South Wales","NSW",210,4,30244,210,0,0,0,0,0
2020-03-17,"Northern Territory","NT",0,0,0,0,0,0,0,0,0
2020-03-17,"Queensland","QLD",78,1,0,78,0,0,0,0,0
2020-03-17,"South Australia","SA",32,0,0,32,0,0,0,0,0
2020-03-17,"Tasmania","TAS",7,0,0,7,0,0,0,0,0
2020-03-17,"Victoria","VIC",94,0,14200,94,0,0,0,0,0
2020-03-17,"Western Australia","WA",31,1,0,31,0,0,0,0,0
2020-03-18,"Australian Capital Territory","ACT",3,0,0,3,0,0,0,0,0
2020-03-18,"New South Wales","NSW",267,5,35800,267,0,0,0,0,0
2020-03-18,"Northern Territory","NT",0,0,0,0,0,0,0,0,0
2020-03-18,"Queensland","QLD",94,1,0,94,0,0,0,0,0
2020-03-18,"South Australia","SA",37,0,0,37,0,0,0,0,0
2020-03-18,"Tasmania","TAS",10,0,0,10,0,0,0,0,0
2020-03-18,"Victoria","VIC",121,0,15200,121,0,0,0,0,0
2020-03-18,"Western Australia","WA",35,1,0,35,0,0,0,0,0
2020-03-19,"Australian Capital Territory","ACT",4,0,0,4,0,0,0,0,0
2020-03-19,"New South Wales","NSW",307,5,39089,307,0,0,0,0,0
2020-03-19,"Northern Territory","NT",0,0,0,0,0,0,0,0,0
2020-03-19,"Queensland","QLD",144,1,27064,144,0,0,0,0,0
2020-03-19,"South Australia","SA",42,0,0,42,0,0,0,0,0
2020-03-19,"Tasmania","TAS",10,0,0,10,0,0,0,0,0
2020-03-19,"Victoria","VIC",150,0,17180,150,28,0,0,0,0
2020-03-19,"Western Australia","WA",52,1,0,52,0,0,0,0,0
2020-03-20,"Australian Capital Territory","ACT",6,0,2218,6,0,0,0,0,0
2020-03-20,"New South Wales","NSW",353,6,40651,353,0,0,0,0,0
2020-03-20,"Northern Territory","NT",2,0,0,2,0,0,0,0,0
2020-03-20,"Queensland","QLD",184,1,28386,184,0,0,0,0,0
2020-03-20,"South Australia","SA",50,0,0,50,0,0,0,0,0
2020-03-20,"Tasmania","TAS",10,0,807,10,0,0,0,0,0
2020-03-20,"Victoria","VIC",178,0,19337,178,39,0,0,0,0
2020-03-20,"Western Australia","WA",64,1,0,64,0,0,0,0,0
2020-03-21,"Australian Capital Territory","ACT",9,0,2218,9,0,0,0,0,0
2020-03-21,"New South Wales","NSW",436,6,46892,436,0,0,0,0,0
2020-03-21,"Northern Territory","NT",4,0,0,4,0,0,0,0,0
2020-03-21,"Queensland","QLD",221,1,29867,221,0,0,0,0,0
2020-03-21,"South Australia","SA",67,0,0,67,0,0,0,0,0
2020-03-21,"Tasmania","TAS",16,0,807,16,0,0,0,0,0
2020-03-21,"Victoria","VIC",229,0,20500,229,51,0,0,0,0
2020-03-21,"Western Australia","WA",90,1,0,90,0,0,0,0,0
2020-03-22,"Australian Capital Territory","ACT",19,0,2414,19,0,0,0,0,0
2020-03-22,"New South Wales","NSW",533,6,52663,533,0,0,0,0,0
2020-03-22,"Northern Territory","NT",4,0,0,4,0,0,0,0,0
2020-03-22,"Queensland","QLD",259,1,31309,259,0,0,0,0,0
2020-03-22,"South Australia","SA",100,0,0,100,0,0,0,0,0
2020-03-22,"Tasmania","TAS",21,0,0,21,0,0,0,0,0
2020-03-22,"Victoria","VIC",296,0,22900,296,70,0,0,0,0
2020-03-22,"Western Australia","WA",120,1,0,120,0,0,0,0,0
2020-03-23,"Australian Capital Territory","ACT",32,0,2608,32,0,0,0,0,0
2020-03-23,"New South Wales","NSW",669,6,56941,669,0,0,0,0,0
2020-03-23,"Northern Territory","NT",4,0,0,4,0,0,0,0,0
2020-03-23,"Queensland","QLD",319,1,32394,319,0,0,0,0,0
2020-03-23,"South Australia","SA",134,0,0,134,0,0,0,0,0
2020-03-23,"Tasmania","TAS",27,0,0,27,0,0,0,0,0
2020-03-23,"Victoria","VIC",355,0,23700,355,97,0,0,0,0
2020-03-23,"Western Australia","WA",140,1,0,140,0,0,0,0,0
2020-03-24,"Australian Capital Territory","ACT",39,0,2819,39,0,0,0,0,0
2020-03-24,"New South Wales","NSW",818,7,61848,818,0,0,0,0,0
2020-03-24,"Northern Territory","NT",5,0,0,5,0,0,0,0,0
2020-03-24,"Queensland","QLD",397,1,32394,397,0,0,0,0,0
2020-03-24,"South Australia","SA",170,0,0,170,0,0,0,0,0
2020-03-24,"Tasmania","TAS",35,0,1139,35,0,0,0,0,0
2020-03-24,"Victoria","VIC",411,0,25000,411,113,0,0,0,0
2020-03-24,"Western Australia","WA",175,1,0,175,0,0,0,0,0
2020-03-25,"Australian Capital Territory","ACT",44,0,3008,44,0,0,0,0,0
2020-03-25,"New South Wales","NSW",1029,7,68177,1029,0,0,0,0,0
2020-03-25,"Northern Territory","NT",5,0,0,5,1,0,0,0,0
2020-03-25,"Queensland","QLD",443,2,38860,443,0,0,0,0,0
2020-03-25,"South Australia","SA",197,0,19269,197,0,0,0,0,0
2020-03-25,"Tasmania","TAS",41,0,1272,41,0,0,0,0,0
2020-03-25,"Victoria","VIC",466,0,25500,466,128,0,0,0,0
2020-03-25,"Western Australia","WA",205,1,0,205,0,0,0,0,0
2020-03-26,"Australian Capital Territory","ACT",53,0,3272,53,1,0,0,0,0
2020-03-26,"New South Wales","NSW",1219,7,74006,1219,0,0,0,0,0
2020-03-26,"Northern Territory","NT",12,0,0,12,1,0,0,0,0
2020-03-26,"Queensland","QLD",493,2,38860,493,0,0,0,0,0
2020-03-26,"South Australia","SA",235,0,20676,235,0,0,0,0,0
2020-03-26,"Tasmania","TAS",46,0,1272,46,0,0,0,0,0
2020-03-26,"Victoria","VIC",520,3,26900,520,149,0,0,0,0
2020-03-26,"Western Australia","WA",231,2,11519,231,0,0,0,0,0
2020-03-27,"Australian Capital Territory","ACT",62,0,3760,62,2,0,0,0,0
2020-03-27,"New South Wales","NSW",1405,7,77689,1405,0,0,0,0,0
2020-03-27,"Northern Territory","NT",14,0,0,14,2,0,0,0,0
2020-03-27,"Queensland","QLD",555,2,42965,555,0,0,0,0,0
2020-03-27,"South Australia","SA",257,0,23500,257,0,0,0,0,0
2020-03-27,"Tasmania","TAS",58,0,1779,58,0,0,0,0,0
2020-03-27,"Victoria","VIC",574,3,31000,574,172,0,0,0,0
2020-03-27,"Western Australia","WA",255,2,12091,255,28,0,0,0,0
2020-03-28,"Australian Capital Territory","ACT",71,0,4059,71,2,0,0,0,0
2020-03-28,"New South Wales","NSW",1617,8,86524,1617,0,0,0,0,0
2020-03-28,"Northern Territory","NT",15,0,0,15,2,0,0,0,0
2020-03-28,"Queensland","QLD",625,2,42965,625,0,0,0,0,0
2020-03-28,"South Australia","SA",287,0,24737,287,0,0,0,0,0
2020-03-28,"Tasmania","TAS",62,0,1779,62,0,0,0,0,0
2020-03-28,"Victoria","VIC",685,3,35000,685,191,0,0,0,0
2020-03-28,"Western Australia","WA",278,2,12971,278,28,0,0,0,0
2020-03-29,"Australian Capital Territory","ACT",77,0,4307,77,2,0,0,0,0
2020-03-29,"New South Wales","NSW",1791,8,93099,1791,0,0,0,0,0
2020-03-29,"Northern Territory","NT",15,0,1000,15,2,0,0,0,0
2020-03-29,"Queensland","QLD",656,3,44999,656,0,0,0,0,0
2020-03-29,"South Australia","SA",299,0,25682,299,0,0,0,0,0
2020-03-29,"Tasmania","TAS",66,0,1779,66,0,0,0,0,0
2020-03-29,"Victoria","VIC",769,4,39000,769,193,0,0,0,0
2020-03-29,"Western Australia","WA",311,2,13648,311,28,0,0,0,0
2020-03-30,"Australian Capital Territory","ACT",78,1,4307,78,0,0,0,0,0
2020-03-30,"New South Wales","NSW",1918,8,96446,1918,0,0,0,0,0
2020-03-30,"Northern Territory","NT",15,0,1000,15,2,0,0,0,0
2020-03-30,"Queensland","QLD",689,3,47025,689,0,0,0,0,0
2020-03-30,"South Australia","SA",305,0,26202,305,0,0,0,0,0
2020-03-30,"Tasmania","TAS",69,1,0,69,0,0,0,0,0
2020-03-30,"Victoria","VIC",821,4,42000,821,248,0,0,0,0
2020-03-30,"Western Australia","WA",355,2,14188,355,41,0,0,0,0
2020-03-31,"Australian Capital Territory","ACT",80,1,4443,80,3,0,0,0,0
2020-03-31,"New South Wales","NSW",2032,8,99951,2032,0,0,0,0,0
2020-03-31,"Northern Territory","NT",19,0,2100,19,3,0,0,0,0
2020-03-31,"Queensland","QLD",743,3,49382,743,0,0,0,0,0
2020-03-31,"South Australia","SA",337,0,27344,337,0,0,0,0,0
2020-03-31,"Tasmania","TAS",69,2,0,69,0,0,0,0,0
2020-03-31,"Victoria","VIC",917,4,45000,917,291,32,6,0,0
2020-03-31,"Western Australia","WA",364,2,14704,364,48,0,0,0,0
2020-04-01,"Australian Capital Territory","ACT",84,1,4858,84,8,8,2,2,0
2020-04-01,"New South Wales","NSW",2182,9,105543,2182,0,218,42,23,0
2020-04-01,"Northern Territory","NT",19,0,2131,19,3,16,1,1,0
2020-04-01,"Queensland","QLD",781,3,50853,781,0,66,9,7,0
2020-04-01,"South Australia","SA",367,0,28828,367,0,23,8,0,0
2020-04-01,"Tasmania","TAS",71,2,2218,71,0,9,0,0,0
2020-04-01,"Victoria","VIC",968,4,47000,968,343,36,6,0,0
2020-04-01,"Western Australia","WA",392,2,15522,392,64,24,8,0,0
2020-04-02,"Australian Capital Territory","ACT",87,1,5018,87,11,11,4,2,0
2020-04-02,"New South Wales","NSW",2298,10,110537,2298,0,231,43,21,0
2020-04-02,"Northern Territory","NT",22,0,2273,22,3,18,1,1,0
2020-04-02,"Queensland","QLD",835,4,51785,835,0,60,9,8,0
2020-04-02,"South Australia","SA",385,0,29876,385,44,19,7,0,0
2020-04-02,"Tasmania","TAS",74,2,2218,74,0,10,1,0,0
2020-04-02,"Victoria","VIC",1036,6,49000,1036,422,37,7,0,0
2020-04-02,"Western Australia","WA",400,2,16190,400,92,29,9,0,0
2020-04-03,"Australian Capital Territory","ACT",91,1,5222,91,18,12,8,2,0
2020-04-03,"New South Wales","NSW",2389,12,114455,2389,0,231,42,22,0
2020-04-03,"Northern Territory","NT",26,0,2466,26,3,19,1,0,0
2020-04-03,"Queensland","QLD",873,4,54441,873,0,54,10,8,0
2020-04-03,"South Australia","SA",396,0,30922,396,46,18,8,0,0
2020-04-03,"Tasmania","TAS",80,2,0,80,0,10,1,0,0
2020-04-03,"Victoria","VIC",1085,7,51000,1085,476,37,7,0,0
2020-04-03,"Western Australia","WA",422,3,16866,422,92,29,9,0,0
2020-04-04,"Australian Capital Territory","ACT",93,2,5328,93,18,6,3,2,0
2020-04-04,"New South Wales","NSW",2493,12,117633,2493,0,251,41,23,0
2020-04-04,"Northern Territory","NT",26,0,2642,26,3,23,0,0,0
2020-04-04,"Queensland","QLD",900,4,56000,900,0,47,11,8,0
2020-04-04,"South Australia","SA",407,0,32037,407,46,19,8,0,0
2020-04-04,"Tasmania","TAS",82,2,0,82,0,11,2,0,0
2020-04-04,"Victoria","VIC",1115,8,54000,1115,527,42,10,0,0
2020-04-04,"Western Australia","WA",436,3,17251,436,92,61,17,0,0
2020-04-05,"Australian Capital Territory","ACT",96,2,5258,96,18,7,3,2,0
2020-04-05,"New South Wales","NSW",2580,16,121433,2580,0,250,40,23,0
2020-04-05,"Northern Territory","NT",27,0,2753,27,3,24,0,0,0
2020-04-05,"Queensland","QLD",907,5,57795,907,0,43,12,8,0
2020-04-05,"South Australia","SA",409,0,32863,409,46,20,10,0,0
2020-04-05,"Tasmania","TAS",86,2,2845,86,0,11,2,0,0
2020-04-05,"Victoria","VIC",1135,8,56000,1135,573,47,11,0,0
2020-04-05,"Western Australia","WA",453,3,18197,453,148,58,18,0,0
2020-04-06,"Australian Capital Territory","ACT",96,2,5329,96,18,7,3,2,0
2020-04-06,"New South Wales","NSW",2637,18,124038,2637,0,250,40,23,0
2020-04-06,"Northern Territory","NT",27,0,2805,27,3,24,0,0,0
2020-04-06,"Queensland","QLD",921,5,58490,921,0,43,12,10,0
2020-04-06,"South Australia","SA",411,0,33303,411,46,20,10,0,0
2020-04-06,"Tasmania","TAS",89,2,2972,89,0,11,2,0,0
2020-04-06,"Victoria","VIC",1158,10,57000,1158,620,45,11,0,0
2020-04-06,"Western Australia","WA",460,4,18726,460,162,58,18,0,0
2020-04-07,"Australian Capital Territory","ACT",97,2,5497,97,42,6,3,2,0
2020-04-07,"New South Wales","NSW",2686,21,126146,2686,1356,103,37,24,0
2020-04-07,"Northern Territory","NT",27,0,2999,27,3,24,0,0,0
2020-04-07,"Queensland","QLD",934,5,61834,934,173,42,13,11,0
2020-04-07,"South Australia","SA",415,1,33831,415,89,16,10,0,0
2020-04-07,"Tasmania","TAS",98,3,3192,98,30,13,2,0,0
2020-04-07,"Victoria","VIC",1191,11,58000,1191,686,47,13,0,0
2020-04-07,"Western Australia","WA",470,6,19201,470,170,54,15,0,0
2020-04-08,"Australian Capital Territory","ACT",99,2,5679,99,47,4,3,2,0
2020-04-08,"New South Wales","NSW",2734,21,129091,2734,1356,92,36,23,0
2020-04-08,"Northern Territory","NT",27,0,3062,27,3,24,0,0,0
2020-04-08,"Queensland","QLD",943,5,63552,943,345,35,11,11,0
2020-04-08,"South Australia","SA",420,2,34593,420,120,16,8,0,0
2020-04-08,"Tasmania","TAS",107,3,3295,107,38,13,2,0,0
2020-04-08,"Victoria","VIC",1212,12,60000,1212,736,45,12,0,0
2020-04-08,"Western Australia","WA",481,6,20096,481,170,34,15,0,0
2020-04-09,"Australian Capital Territory","ACT",100,2,5802,100,54,3,2,2,0
2020-04-09,"New South Wales","NSW",2773,21,132997,2773,1356,88,31,22,0
2020-04-09,"Northern Territory","NT",27,0,3174,27,3,24,0,0,0
2020-04-09,"Queensland","QLD",953,5,66766,953,372,33,12,12,0
2020-04-09,"South Australia","SA",421,3,35286,421,165,15,6,0,0
2020-04-09,"Tasmania","TAS",111,3,3397,111,46,15,2,0,0
2020-04-09,"Victoria","VIC",1228,12,62000,1228,806,50,13,0,0
2020-04-09,"Western Australia","WA",495,6,20712,495,187,34,15,0,0
2020-04-10,"Australian Capital Territory","ACT",103,2,6017,103,59,4,2,2,0
2020-04-10,"New South Wales","NSW",2822,22,137441,2822,1356,83,29,24,0
2020-04-10,"Northern Territory","NT",27,0,3243,27,3,24,0,0,0
2020-04-10,"Queensland","QLD",965,5,69194,965,368,36,12,12,0
2020-04-10,"South Australia","SA",428,3,35716,428,179,15,6,0,0
2020-04-10,"Tasmania","TAS",122,4,3591,122,48,8,2,0,0
2020-04-10,"Victoria","VIC",1241,13,62000,1241,926,43,13,0,0
2020-04-10,"Western Australia","WA",506,6,21144,506,203,23,10,0,0
2020-04-11,"Australian Capital Territory","ACT",103,2,6103,103,62,4,2,2,0
2020-04-11,"New South Wales","NSW",2857,23,138090,2857,1356,78,30,24,0
2020-04-11,"Northern Territory","NT",27,0,3300,27,3,24,0,0,0
2020-04-11,"Queensland","QLD",974,5,71499,974,368,28,12,12,0
2020-04-11,"South Australia","SA",429,3,36159,429,225,15,7,0,0
2020-04-11,"Tasmania","TAS",133,4,3591,133,50,8,2,0,0
2020-04-11,"Victoria","VIC",1265,14,67000,1265,986,44,15,0,0
2020-04-11,"Western Australia","WA",514,6,22105,514,216,39,12,0,0
2020-04-12,"Australian Capital Territory","ACT",102,2,6159,102,67,3,2,2,0
2020-04-12,"New South Wales","NSW",2854,24,141777,2854,1356,78,30,22,0
2020-04-12,"Northern Territory","NT",27,0,3355,27,4,22,0,0,0
2020-04-12,"Queensland","QLD",983,5,72313,983,368,30,12,11,0
2020-04-12,"South Australia","SA",429,4,36449,429,239,14,6,0,0
2020-04-12,"Tasmania","TAS",144,5,3770,144,50,10,2,0,0
2020-04-12,"Victoria","VIC",1268,14,67000,1268,1015,44,14,0,0
2020-04-12,"Western Australia","WA",517,6,23118,517,239,38,15,0,0
2020-04-13,"Australian Capital Territory","ACT",103,2,6191,103,72,3,2,1,0
2020-04-13,"New South Wales","NSW",2863,26,144380,2863,1356,77,30,22,0
2020-04-13,"Northern Territory","NT",27,0,3381,27,4,22,0,0,0
2020-04-13,"Queensland","QLD",987,5,73170,987,442,23,11,11,0
2020-04-13,"South Australia","SA",431,4,36704,431,240,13,6,0,0
2020-04-13,"Tasmania","TAS",150,5,4375,150,54,11,2,0,0
2020-04-13,"Victoria","VIC",1281,14,70000,1281,1075,40,14,12,0
2020-04-13,"Western Australia","WA",523,6,23935,523,251,38,14,0,0
2020-04-14,"Australian Capital Territory","ACT",103,2,6291,103,75,3,2,1,0
2020-04-14,"New South Wales","NSW",2870,26,145809,2870,1356,80,32,20,0
2020-04-14,"Northern Territory","NT",27,0,3442,27,4,22,0,0,0
2020-04-14,"Queensland","QLD",998,5,74013,998,442,24,11,11,0
2020-04-14,"South Australia","SA",433,4,37039,433,253,11,4,0,0
2020-04-14,"Tasmania","TAS",165,6,4502,165,54,12,2,0,0
2020-04-14,"Victoria","VIC",1291,14,71000,1291,1118,40,15,12,0
2020-04-14,"Western Australia","WA",527,6,24397,527,296,38,14,0,0
2020-04-15,"Australian Capital Territory","ACT",103,3,6490,103,77,2,1,1,0
2020-04-15,"New South Wales","NSW",3075,26,147114,3075,1356,73,29,19,0
2020-04-15,"Northern Territory","NT",27,0,3489,27,5,21,0,0,0
2020-04-15,"Queensland","QLD",999,5,75480,999,442,23,11,10,0
2020-04-15,"South Australia","SA",433,4,37545,433,279,10,4,0,0
2020-04-15,"Tasmania","TAS",169,6,4646,169,54,13,2,0,0
2020-04-15,"Victoria","VIC",1299,14,72000,1299,1137,39,18,12,0
2020-04-15,"Western Australia","WA",532,6,24613,532,338,33,8,0,0
2020-04-16,"Australian Capital Territory","ACT",103,3,6619,103,79,2,1,0,0
2020-04-16,"New South Wales","NSW",3086,26,150314,3086,1356,64,26,20,0
2020-04-16,"Northern Territory","NT",27,0,3521,27,7,20,0,0,0
2020-04-16,"Queensland","QLD",1001,5,77727,1001,442,21,11,9,0
2020-04-16,"South Australia","SA",434,4,38389,434,308,10,4,0,0
2020-04-16,"Tasmania","TAS",180,6,4810,180,62,15,2,0,0
2020-04-16,"Victoria","VIC",1301,14,73000,1301,1153,36,17,9,0
2020-04-16,"Western Australia","WA",535,6,25623,535,340,33,6,0,0
2020-04-17,"Australian Capital Territory","ACT",103,3,6754,103,81,2,1,0,0
2020-04-17,"New South Wales","NSW",3115,26,155302,3115,1356,63,26,20,0
2020-04-17,"Northern Territory","NT",27,0,3606,27,9,19,0,0,0
2020-04-17,"Queensland","QLD",1007,5,80227,1007,442,19,11,9,0
2020-04-17,"South Australia","SA",435,4,39318,435,331,7,1,0,0
2020-04-17,"Tasmania","TAS",184,7,5098,184,64,16,2,0,0
2020-04-17,"Victoria","VIC",1302,14,75000,1302,1159,32,13,9,0
2020-04-17,"Western Australia","WA",541,7,26225,541,377,34,6,0,0
2020-04-18,"Australian Capital Territory","ACT",103,3,6856,103,88,1,1,0,0
2020-04-18,"New South Wales","NSW",3125,27,160454,3125,1356,57,25,19,0
2020-04-18,"Northern Territory","NT",27,0,3625,27,10,17,0,0,0
2020-04-18,"Queensland","QLD",1015,6,82763,1015,738,22,9,7,0
2020-04-18,"South Australia","SA",435,4,41261,435,346,7,1,0,0
2020-04-18,"Tasmania","TAS",188,8,5376,188,65,17,2,0,0
2020-04-18,"Victoria","VIC",1319,14,79000,1319,1172,30,12,8,0
2020-04-18,"Western Australia","WA",544,7,27175,544,388,33,6,0,0
2020-04-19,"Australian Capital Territory","ACT",103,3,6893,103,89,1,0,0,0
2020-04-19,"New South Wales","NSW",3146,28,165137,3146,1356,57,21,18,0
2020-04-19,"Northern Territory","NT",27,0,3713,27,11,16,0,0,0
2020-04-19,"Queensland","QLD",1019,6,84735,1019,738,22,8,7,0
2020-04-19,"South Australia","SA",435,4,43310,435,354,7,1,0,0
2020-04-19,"Tasmania","TAS",197,8,6320,197,68,18,2,0,0
2020-04-19,"Victoria","VIC",1328,15,82000,1328,1188,29,10,8,0
2020-04-19,"Western Australia","WA",545,7,28888,545,426,28,6,0,0
2020-04-20,"Australian Capital Territory","ACT",104,3,7063,104,91,1,0,0,0
2020-04-20,"New South Wales","NSW",3152,29,168626,3152,1356,53,22,16,0
2020-04-20,"Northern Territory","NT",27,0,3731,27,11,16,0,0,0
2020-04-20,"Queensland","QLD",1019,6,85870,1019,738,20,7,7,0
2020-04-20,"South Australia","SA",435,4,44278,435,363,6,1,0,0
2020-04-20,"Tasmania","TAS",202,8,6697,202,68,19,2,0,0
2020-04-20,"Victoria","VIC",1329,15,86000,1329,1196,28,11,9,0
2020-04-20,"Western Australia","WA",545,7,29469,545,435,27,6,0,0
2020-04-21,"Australian Capital Territory","ACT",104,3,7126,104,92,1,0,0,0
2020-04-21,"New South Wales","NSW",3158,29,171128,3158,1755,55,21,18,0
2020-04-21,"Northern Territory","NT",27,0,3810,27,15,14,0,0,0
2020-04-21,"Queensland","QLD",1024,6,87470,1024,738,21,7,6,0
2020-04-21,"South Australia","SA",437,4,45495,437,376,5,1,0,0
2020-04-21,"Tasmania","TAS",203,8,6701,203,74,17,1,0,0
2020-04-21,"Victoria","VIC",1336,15,88000,1336,1202,28,12,9,0
2020-04-21,"Western Australia","WA",546,7,30112,546,443,26,5,0,0
2020-04-22,"Australian Capital Territory","ACT",104,3,7256,104,93,1,0,0,0
2020-04-22,"New South Wales","NSW",3160,32,175419,3160,1926,50,20,17,0
2020-04-22,"Northern Territory","NT",27,0,3972,27,16,14,0,0,0
2020-04-22,"Queensland","QLD",1024,6,90168,1024,738,20,7,6,0
2020-04-22,"South Australia","SA",438,4,47238,438,388,4,1,0,0
2020-04-22,"Tasmania","TAS",207,8,7248,207,80,18,1,0,0
2020-04-22,"Victoria","VIC",1336,15,90000,1336,1243,30,13,8,0
2020-04-22,"Western Australia","WA",546,7,31140,546,451,25,5,0,0
2020-04-23,"Australian Capital Territory","ACT",104,3,7367,104,93,1,0,0,0
2020-04-23,"New South Wales","NSW",3165,32,181064,3165,2006,47,21,16,0
2020-04-23,"Northern Territory","NT",27,0,4045,27,16,13,0,0,0
2020-04-23,"Queensland","QLD",1026,6,92699,1026,738,20,7,6,0
2020-04-23,"South Australia","SA",438,4,48727,438,394,4,2,0,0
2020-04-23,"Tasmania","TAS",207,8,7607,207,89,16,1,0,0
2020-04-23,"Victoria","VIC",1337,16,93000,1337,1251,27,10,7,0
2020-04-23,"Western Australia","WA",546,7,32150,546,458,24,5,0,0
2020-04-24,"Australian Capital Territory","ACT",105,3,7440,105,97,1,0,0,0
2020-04-24,"New South Wales","NSW",3171,33,188416,3171,2056,43,19,15,0
2020-04-24,"Northern Territory","NT",27,0,4120,27,20,10,0,0,0
2020-04-24,"Queensland","QLD",1026,6,94977,1026,738,18,6,6,0
2020-04-24,"South Australia","SA",438,4,50396,438,401,4,2,0,0
2020-04-24,"Tasmania","TAS",209,9,7883,209,106,16,0,0,0
2020-04-24,"Victoria","VIC",1343,16,96000,1343,1254,27,11,7,0
2020-04-24,"Western Australia","WA",548,8,33138,548,464,20,4,0,0
2020-04-25,"Australian Capital Territory","ACT",106,3,7738,106,98,1,1,0,0
2020-04-25,"New South Wales","NSW",3183,34,193256,3183,2193,39,19,15,0
2020-04-25,"Northern Territory","NT",27,0,4189,27,20,5,0,0,0
2020-04-25,"Queensland","QLD",1026,6,97057,1026,803,18,6,6,0
2020-04-25,"South Australia","SA",438,4,51536,438,402,4,2,0,0
2020-04-25,"Tasmania","TAS",210,10,8282,210,117,14,0,0,0
2020-04-25,"Victoria","VIC",1346,16,98000,1346,1262,24,11,7,0
2020-04-25,"Western Australia","WA",549,8,34199,549,478,24,4,0,0
2020-04-26,"Australian Capital Territory","ACT",106,3,7886,106,99,1,1,0,0
2020-04-26,"New South Wales","NSW",3191,35,198715,3191,2208,37,19,15,0
2020-04-26,"Northern Territory","NT",27,0,4231,27,23,5,0,0,0
2020-04-26,"Queensland","QLD",1030,6,98422,1030,926,18,6,5,0
2020-04-26,"South Australia","SA",438,4,52671,438,411,4,2,0,0
2020-04-26,"Tasmania","TAS",214,11,8719,214,123,13,1,0,0
2020-04-26,"Victoria","VIC",1349,17,101000,1349,1265,21,10,5,0
2020-04-26,"Western Australia","WA",549,8,34805,549,486,16,4,0,0
2020-04-27,"Australian Capital Territory","ACT",106,3,8102,106,100,1,1,0,0
2020-04-27,"New South Wales","NSW",3193,35,203131,3193,2227,35,19,15,0
2020-04-27,"Northern Territory","NT",27,0,4245,27,23,5,0,0,0
2020-04-27,"Queensland","QLD",1033,6,99527,1033,926,15,6,6,0
2020-04-27,"South Australia","SA",438,4,53283,438,414,4,2,0,0
2020-04-27,"Tasmania","TAS",216,11,9384,216,132,14,1,0,0
2020-04-27,"Victoria","VIC",1349,17,104000,1349,1280,23,11,6,0
2020-04-27,"Western Australia","WA",549,8,35391,549,486,16,4,0,0
2020-04-28,"Australian Capital Territory","ACT",106,3,8348,106,101,1,1,0,0
2020-04-28,"New South Wales","NSW",3198,36,207245,3198,2243,33,19,15,0
2020-04-28,"Northern Territory","NT",27,0,4338,27,23,5,0,0,0
2020-04-28,"Queensland","QLD",1033,6,101767,1033,934,14,6,6,0
2020-04-28,"South Australia","SA",438,4,54082,438,420,4,2,0,0
2020-04-28,"Tasmania","TAS",220,11,10145,220,135,14,0,0,0
2020-04-28,"Victoria","VIC",1351,17,109049,1351,1279,23,11,6,0
2020-04-28,"Western Australia","WA",550,8,35705,550,495,16,4,0,0
2020-04-29,"Australian Capital Territory","ACT",106,3,8442,106,101,0,0,0,0
2020-04-29,"New South Wales","NSW",3205,40,212659,3205,2266,28,17,14,0
2020-04-29,"Northern Territory","NT",27,0,4421,27,25,3,0,0,0
2020-04-29,"Queensland","QLD",1034,6,104950,1034,934,12,6,6,0
2020-04-29,"South Australia","SA",438,4,55417,438,420,4,2,0,0
2020-04-29,"Tasmania","TAS",221,11,10898,221,137,14,0,0,0
2020-04-29,"Victoria","VIC",1354,18,111092,1354,1287,19,9,6,0
2020-04-29,"Western Australia","WA",551,8,36531,551,500,14,4,0,0
2020-04-30,"Australian Capital Territory","ACT",106,3,8674,106,103,0,0,0,0
2020-04-30,"New South Wales","NSW",3205,41,220046,3205,2284,27,15,13,0
2020-04-30,"Northern Territory","NT",27,0,4532,27,25,3,0,0,0
2020-04-30,"Queensland","QLD",1033,6,108137,1033,943,11,6,4,0
2020-04-30,"South Australia","SA",438,4,57423,438,420,3,1,0,0
2020-04-30,"Tasmania","TAS",223,12,11909,223,144,14,0,0,0
2020-04-30,"Victoria","VIC",1361,18,115118,1361,1291,18,9,5,0
2020-04-30,"Western Australia","WA",551,8,37802,551,507,13,3,0,0
2020-05-01,"Australian Capital Territory","ACT",106,3,8981,106,103,0,0,0,0
2020-05-01,"New South Wales","NSW",3215,42,227084,3215,2293,27,14,12,0
2020-05-01,"Northern Territory","NT",27,0,4643,27,24,3,0,0,0
2020-05-01,"Queensland","QLD",1033,6,111017,1033,948,11,4,4,0
2020-05-01,"South Australia","SA",438,4,58670,438,422,3,1,0,0
2020-05-01,"Tasmania","TAS",223,13,12974,223,153,12,0,0,0
2020-05-01,"Victoria","VIC",1364,18,123707,1364,1293,16,7,5,0
2020-05-01,"Western Australia","WA",551,8,41792,551,511,11,3,0,0
2020-05-02,"Australian Capital Territory","ACT",106,3,9243,106,103,0,0,0,0
2020-05-02,"New South Wales","NSW",3220,42,235894,3220,2300,28,14,12,0
2020-05-02,"Northern Territory","NT",29,0,4721,29,24,5,0,0,0
2020-05-02,"Queensland","QLD",1034,6,113601,1034,965,10,4,4,0
2020-05-02,"South Australia","SA",438,4,59835,438,427,3,0,0,0
2020-05-02,"Tasmania","TAS",223,13,13829,223,157,13,0,0,0
2020-05-02,"Victoria","VIC",1371,18,129228,1371,1300,12,7,5,0
2020-05-02,"Western Australia","WA",551,8,45232,551,520,8,3,0,0
2020-05-03,"Australian Capital Territory","ACT",106,3,9402,106,103,0,0,0,0
2020-05-03,"New South Wales","NSW",3224,43,243128,3224,2306,27,14,11,0
2020-05-03,"Northern Territory","NT",29,0,4828,29,24,5,0,0,0
2020-05-03,"Queensland","QLD",1035,6,115598,1035,976,9,4,4,0
2020-05-03,"South Australia","SA",438,4,60769,438,427,3,0,0,0
2020-05-03,"Tasmania","TAS",223,13,14782,223,158,11,0,0,0
2020-05-03,"Victoria","VIC",1384,18,138433,1384,1300,12,7,5,0
2020-05-03,"Western Australia","WA",551,9,46167,551,523,8,3,0,0
2020-05-04,"Australian Capital Territory","ACT",107,3,9628,107,103,0,0,0,0
2020-05-04,"New South Wales","NSW",3222,43,248699,3222,2328,27,14,10,0
2020-05-04,"Northern Territory","NT",29,0,4855,29,24,5,0,0,0
2020-05-04,"Queensland","QLD",1038,6,116650,1038,980,9,4,3,0
2020-05-04,"South Australia","SA",438,4,61336,438,427,3,0,0,0
2020-05-04,"Tasmania","TAS",223,13,15356,223,164,8,1,1,0
2020-05-04,"Victoria","VIC",1406,18,146661,1406,1310,11,6,6,0
2020-05-04,"Western Australia","WA",551,9,47029,551,527,7,3,0,0
2020-05-05,"Australian Capital Territory","ACT",107,3,9829,107,103,0,0,0,0
2020-05-05,"New South Wales","NSW",3224,45,253995,3224,2349,25,13,11,0
2020-05-05,"Northern Territory","NT",29,0,4925,29,26,3,0,0,0
2020-05-05,"Queensland","QLD",1043,6,117721,1043,980,9,4,3,0
2020-05-05,"South Australia","SA",438,4,62139,438,428,2,0,0,0
2020-05-05,"Tasmania","TAS",225,13,16017,225,165,8,1,1,0
2020-05-05,"Victoria","VIC",1423,18,151977,1423,1311,12,6,5,0
2020-05-05,"Western Australia","WA",551,9,48153,551,528,7,3,0,0
2020-05-06,"Australian Capital Territory","ACT",107,3,10102,107,103,0,0,0,0
2020-05-06,"New South Wales","NSW",3231,45,261251,3231,2418,25,13,9,0
2020-05-06,"Northern Territory","NT",29,0,5003,29,26,3,0,0,0
2020-05-06,"Queensland","QLD",1043,6,120204,1043,985,9,4,3,0
2020-05-06,"South Australia","SA",438,4,63651,438,430,2,0,0,0
2020-05-06,"Tasmania","TAS",225,13,16476,225,168,8,1,1,0
2020-05-06,"Victoria","VIC",1440,18,162077,1440,1321,8,6,5,0
2020-05-06,"Western Australia","WA",551,9,49892,551,528,7,3,0,0
2020-05-07,"Australian Capital Territory","ACT",107,3,10478,107,103,0,0,0,0
2020-05-07,"New South Wales","NSW",3233,45,271796,3233,2463,24,10,8,0
2020-05-07,"Northern Territory","NT",29,0,5117,29,27,2,0,0,0
2020-05-07,"Queensland","QLD",1045,6,124898,1045,989,8,3,3,0
2020-05-07,"South Australia","SA",439,4,65167,439,433,2,0,0,0
2020-05-07,"Tasmania","TAS",227,13,17234,227,170,8,1,1,0
2020-05-07,"Victoria","VIC",1455,18,176507,1455,1322,8,6,5,0
2020-05-07,"Western Australia","WA",551,9,51352,551,531,6,3,0,0
2020-05-08,"Australian Capital Territory","ACT",107,3,10957,107,103,0,0,0,0
2020-05-08,"New South Wales","NSW",3236,45,281257,3236,2486,23,10,8,0
2020-05-08,"Northern Territory","NT",29,0,5267,29,27,2,0,0,0
2020-05-08,"Queensland","QLD",1045,6,129195,1045,994,9,3,3,0
2020-05-08,"South Australia","SA",439,4,66677,439,433,2,0,0,0
2020-05-08,"Tasmania","TAS",227,13,17807,227,175,8,1,1,0
2020-05-08,"Victoria","VIC",1469,18,193265,1469,1332,8,6,4,0
2020-05-08,"Western Australia","WA",552,9,52825,552,534,4,1,0,0
2020-05-09,"Australian Capital Territory","ACT",107,3,11274,107,103,0,0,0,0
2020-05-09,"New South Wales","NSW",3240,45,294949,3240,2504,20,8,7,0
2020-05-09,"Northern Territory","NT",29,0,5389,29,27,2,0,0,0
2020-05-09,"Queensland","QLD",1045,6,133016,1045,1019,9,3,3,0
2020-05-09,"South Australia","SA",439,4,68012,439,433,1,0,0,0
2020-05-09,"Tasmania","TAS",227,13,18348,227,179,8,1,1,0
2020-05-09,"Victoria","VIC",1479,18,209905,1479,1336,7,6,4,0
2020-05-09,"Western Australia","WA",552,9,54563,552,536,4,1,0,0
2020-05-10,"Australian Capital Territory","ACT",107,3,11737,107,104,0,0,0,0
2020-05-10,"New South Wales","NSW",3242,45,304464,3242,2515,13,8,7,0
2020-05-10,"Northern Territory","NT",29,0,5495,29,27,2,0,0,0
2020-05-10,"Queensland","QLD",1045,6,135806,1045,1019,8,3,3,0
2020-05-10,"South Australia","SA",439,4,69178,439,434,1,0,0,0
2020-05-10,"Tasmania","TAS",227,13,18545,227,185,8,1,1,0
2020-05-10,"Victoria","VIC",1489,18,226889,1489,1346,7,5,4,0
2020-05-10,"Western Australia","WA",552,9,55758,552,536,4,1,0,0
2020-05-11,"Australian Capital Territory","ACT",107,3,11939,107,104,0,0,0,0
2020-05-11,"New South Wales","NSW",3242,45,309722,3242,2517,20,7,7,0
2020-05-11,"Northern Territory","NT",29,0,5527,29,27,2,0,0,0
2020-05-11,"Queensland","QLD",1045,6,137009,1045,1021,7,3,3,0
2020-05-11,"South Australia","SA",439,4,70147,439,434,1,0,0,0
2020-05-11,"Tasmania","TAS",227,13,19351,227,183,8,0,0,0
2020-05-11,"Victoria","VIC",1496,18,245326,1496,1360,7,5,4,0
2020-05-11,"Western Australia","WA",552,9,56098,552,536,4,1,0,0
2020-05-12,"Australian Capital Territory","ACT",107,3,12367,107,104,0,0,0,0
2020-05-12,"New South Wales","NSW",3242,45,315770,3242,2543,19,8,8,0
2020-05-12,"Northern Territory","NT",29,0,5646,29,27,2,0,0,0
2020-05-12,"Queensland","QLD",1051,6,138892,1051,1027,7,3,3,0
2020-05-12,"South Australia","SA",439,4,71036,439,434,1,0,0,0
2020-05-12,"Tasmania","TAS",227,13,19539,227,185,8,0,0,0
2020-05-12,"Victoria","VIC",1509,18,258451,1509,1376,8,4,4,0
2020-05-12,"Western Australia","WA",553,9,56226,553,537,2,1,0,0
2020-05-13,"Australian Capital Territory","ACT",107,3,12637,107,104,0,0,0,0
2020-05-13,"New South Wales","NSW",3248,46,323887,3248,2571,22,7,7,0
2020-05-13,"Northern Territory","NT",29,0,5759,29,27,2,0,0,0
2020-05-13,"Queensland","QLD",1051,6,142040,1051,1028,7,3,3,0
2020-05-13,"South Australia","SA",439,4,72725,439,434,1,0,0,0
2020-05-13,"Tasmania","TAS",227,13,20088,227,187,8,0,0,0
2020-05-13,"Victoria","VIC",1514,18,273255,1514,1385,9,6,4,0
2020-05-13,"Western Australia","WA",553,9,58634,553,538,1,1,0,0
2020-05-14,"Australian Capital Territory","ACT",107,3,13066,107,104,0,0,0,0
2020-05-14,"New South Wales","NSW",3252,46,333634,3252,2595,23,8,6,0
2020-05-14,"Northern Territory","NT",29,0,5759,29,27,2,0,0,0
2020-05-14,"Queensland","QLD",1052,6,145182,1052,1029,7,3,3,0
2020-05-14,"South Australia","SA",439,4,74293,439,434,1,0,0,0
2020-05-14,"Tasmania","TAS",227,13,20657,227,187,8,0,0,0
2020-05-14,"Victoria","VIC",1523,18,289441,1523,1385,9,6,4,0
2020-05-14,"Western Australia","WA",554,9,61267,554,538,1,1,0,0
2020-05-15,"Australian Capital Territory","ACT",107,3,13493,107,104,0,0,0,0
2020-05-15,"New South Wales","NSW",3260,46,345846,3260,2605,22,7,5,0
2020-05-15,"Northern Territory","NT",29,0,6116,29,27,2,0,0,0
2020-05-15,"Queensland","QLD",1054,6,148607,1054,1030,6,3,3,0
2020-05-15,"South Australia","SA",439,4,75958,439,435,1,0,0,0
2020-05-15,"Tasmania","TAS",228,13,21089,228,190,6,0,0,0
2020-05-15,"Victoria","VIC",1543,18,309459,1543,1407,9,7,5,0
2020-05-15,"Western Australia","WA",554,9,63248,554,538,1,1,0,0
2020-05-16,"Australian Capital Territory","ACT",107,3,13854,107,104,0,0,0,0
2020-05-16,"New South Wales","NSW",3263,46,355738,3263,2611,22,6,3,0
2020-05-16,"Northern Territory","NT",29,0,6258,29,27,2,0,0,0
2020-05-16,"Queensland","QLD",1055,6,151854,1055,1036,5,3,3,0
2020-05-16,"South Australia","SA",439,4,77728,439,435,1,0,0,0
2020-05-16,"Tasmania","TAS",228,13,21604,228,195,7,0,0,0
2020-05-16,"Victoria","VIC",1554,18,323970,1554,1417,11,7,6,0
2020-05-16,"Western Australia","WA",556,9,64646,556,541,1,0,0,0
2020-05-17,"Australian Capital Territory","ACT",107,3,14058,107,104,0,0,0,0
2020-05-17,"New South Wales","NSW",3264,46,362842,3264,2612,22,7,4,0
2020-05-17,"Northern Territory","NT",29,0,6370,29,27,2,0,0,0
2020-05-17,"Queensland","QLD",1055,6,154220,1055,1037,5,2,2,0
2020-05-17,"South Australia","SA",439,4,78833,439,435,1,0,0,0
2020-05-17,"Tasmania","TAS",228,13,21886,228,195,8,0,0,0
2020-05-17,"Victoria","VIC",1561,18,338219,1561,1417,11,7,6,0
2020-05-17,"Western Australia","WA",556,9,65698,556,542,1,0,0,0
2020-05-18,"Australian Capital Territory","ACT",107,3,14290,107,104,0,0,0,0
2020-05-18,"New South Wales","NSW",3265,47,371881,3265,2612,22,6,2,0
2020-05-18,"Northern Territory","NT",29,0,6417,29,27,2,0,0,0
2020-05-18,"Queensland","QLD",1057,6,155755,1057,1038,4,1,1,0
2020-05-18,"South Australia","SA",439,4,79616,439,435,1,0,0,0
2020-05-18,"Tasmania","TAS",228,13,22246,228,197,6,0,0,0
2020-05-18,"Victoria","VIC",1567,18,345290,1567,1439,9,5,4,0
2020-05-18,"Western Australia","WA",556,9,66539,556,544,1,0,0,0
2020-05-19,"Australian Capital Territory","ACT",107,3,14448,107,104,0,0,0,0
2020-05-19,"New South Wales","NSW",3267,47,377185,3267,2614,22,5,2,0
2020-05-19,"Northern Territory","NT",29,0,6517,29,27,2,0,0,0
2020-05-19,"Queensland","QLD",1057,6,158641,1057,1039,4,1,1,0
2020-05-19,"South Australia","SA",439,4,80713,439,435,1,0,0,0
2020-05-19,"Tasmania","TAS",228,13,22597,228,198,6,0,0,0
2020-05-19,"Victoria","VIC",1573,18,358120,1573,1454,11,5,4,0
2020-05-19,"Western Australia","WA",556,9,67649,556,544,1,0,0,0
2020-05-20,"Australian Capital Territory","ACT",107,3,14712,107,104,0,0,0,0
2020-05-20,"New South Wales","NSW",3270,48,384278,3270,2631,20,3,2,0
2020-05-20,"Northern Territory","NT",29,0,6673,29,28,2,0,0,0
2020-05-20,"Queensland","QLD",1058,6,163560,1058,1040,4,1,1,0
2020-05-20,"South Australia","SA",439,4,82401,439,435,1,0,0,0
2020-05-20,"Tasmania","TAS",228,13,23027,228,198,6,0,0,0
2020-05-20,"Victoria","VIC",1580,18,367272,1580,1465,10,5,4,0
2020-05-20,"Western Australia","WA",556,9,69644,556,544,1,0,0,0
2020-05-21,"Australian Capital Territory","ACT",107,3,14916,107,104,0,0,0,0
2020-05-21,"New South Wales","NSW",3271,48,390930,3271,2648,20,3,2,0
2020-05-21,"Northern Territory","NT",29,0,6809,29,29,1,0,0,0
2020-05-21,"Queensland","QLD",1058,6,166877,1058,1040,4,1,1,0
2020-05-21,"South Australia","SA",439,4,84389,439,435,1,0,0,0
2020-05-21,"Tasmania","TAS",228,13,23448,228,199,5,0,0,0
2020-05-21,"Victoria","VIC",1581,18,378673,1581,1473,10,5,4,0
2020-05-21,"Western Australia","WA",556,9,71642,556,544,0,0,0,0
2020-05-22,"Australian Capital Territory","ACT",107,3,15253,107,104,0,0,0,0
2020-05-22,"New South Wales","NSW",3273,49,402623,3273,2648,20,1,1,0
2020-05-22,"Northern Territory","NT",29,0,6809,29,29,1,0,0,0
2020-05-22,"Queensland","QLD",1058,6,169863,1058,1040,4,1,1,0
2020-05-22,"South Australia","SA",439,4,86089,439,435,1,0,0,0
2020-05-22,"Tasmania","TAS",228,13,23636,228,201,4,0,0,0
2020-05-22,"Victoria","VIC",1593,18,393103,1593,1479,10,5,4,0
2020-05-22,"Western Australia","WA",556,9,73306,556,544,0,0,0,0
2020-05-23,"Australian Capital Territory","ACT",107,3,15567,107,104,0,0,0,0
2020-05-23,"New South Wales","NSW",3275,49,411618,3275,2653,17,1,1,0
2020-05-23,"Northern Territory","NT",29,0,7105,29,29,1,0,0,0
2020-05-23,"Queensland","QLD",1060,6,172212,1060,1041,4,1,1,0
2020-05-23,"South Australia","SA",439,4,87451,439,435,0,0,0,0
2020-05-23,"Tasmania","TAS",228,13,23999,228,201,4,0,0,0
2020-05-23,"Victoria","VIC",1602,19,398826,1602,1484,10,3,3,0
2020-05-23,"Western Australia","WA",556,9,75484,556,545,0,0,0,0
2020-05-24,"Australian Capital Territory","ACT",107,3,15760,107,104,0,0,0,0
2020-05-24,"New South Wales","NSW",3276,49,418427,3276,2653,16,1,1,0
2020-05-24,"Northern Territory","NT",29,0,7217,29,29,0,0,0,0
2020-05-24,"Queensland","QLD",1061,6,173864,1061,1041,4,1,1,0
2020-05-24,"South Australia","SA",439,4,88446,439,435,0,0,0,0
2020-05-24,"Tasmania","TAS",228,13,24191,228,202,4,0,0,0
2020-05-24,"Victoria","VIC",1603,19,420246,1603,1498,9,3,3,0
2020-05-24,"Western Australia","WA",556,9,76644,556,545,0,0,0,0
2020-05-25,"Australian Capital Territory","ACT",107,3,16006,107,104,0,0,0,0
2020-05-25,"New South Wales","NSW",3279,49,422703,3279,2656,15,1,1,0
2020-05-25,"Northern Territory","NT",29,0,7233,29,29,0,0,0,0
2020-05-25,"Queensland","QLD",1056,6,174974,1056,1038,4,1,1,0
2020-05-25,"South Australia","SA",439,4,89245,439,435,0,0,0,0
2020-05-25,"Tasmania","TAS",228,13,24663,228,203,4,0,0,0
2020-05-25,"Victoria","VIC",1605,19,431878,1605,1520,8,3,3,0
2020-05-25,"Western Australia","WA",560,9,77501,560,545,0,0,0,0
2020-05-26,"Australian Capital Territory","ACT",107,3,16196,107,104,0,0,0,0
2020-05-26,"New South Wales","NSW",3281,49,456724,3281,2661,14,1,1,0
2020-05-26,"Northern Territory","NT",29,0,7396,29,29,0,0,0,0
2020-05-26,"Queensland","QLD",1057,6,176561,1057,1039,4,1,1,0
2020-05-26,"South Australia","SA",440,4,90384,440,435,0,0,0,0
2020-05-26,"Tasmania","TAS",228,13,25248,228,205,4,0,0,0
2020-05-26,"Victoria","VIC",1610,19,437406,1610,1533,8,3,3,0
2020-05-26,"Western Australia","WA",566,9,78308,566,545,0,0,0,0
2020-05-27,"Australian Capital Territory","ACT",107,3,16575,107,104,0,0,0,0
2020-05-27,"New South Wales","NSW",3278,49,464351,3278,2663,14,1,1,0
2020-05-27,"Northern Territory","NT",29,0,7528,29,29,0,0,0,0
2020-05-27,"Queensland","QLD",1058,6,180371,1058,1044,4,1,1,0
2020-05-27,"South Australia","SA",440,4,92903,440,435,0,0,0,0
2020-05-27,"Tasmania","TAS",228,13,25595,228,205,4,0,0,0
2020-05-27,"Victoria","VIC",1618,19,470832,1618,1533,8,4,1,0
2020-05-27,"Western Australia","WA",566,9,80166,566,545,0,0,0,0
2020-05-28,"Australian Capital Territory","ACT",107,3,17069,107,104,0,0,0,0
2020-05-28,"New South Wales","NSW",3279,49,474223,3279,2670,13,1,1,0
2020-05-28,"Northern Territory","NT",29,0,7698,29,29,0,0,0,0
2020-05-28,"Queensland","QLD",1058,6,184039,1058,1045,4,1,1,0
2020-05-28,"South Australia","SA",440,4,93812,440,435,0,0,0,0
2020-05-28,"Tasmania","TAS",228,13,26592,228,205,4,0,0,0
2020-05-28,"Victoria","VIC",1628,19,480693,1628,1546,8,3,1,0
2020-05-28,"Western Australia","WA",573,9,83318,573,546,0,0,0,0
2020-05-29,"Australian Capital Territory","ACT",107,3,17374,107,104,0,0,0,0
2020-05-29,"New South Wales","NSW",3281,49,484185,3281,2666,13,1,1,0
2020-05-29,"Northern Territory","NT",29,0,7918,29,29,0,0,0,0
2020-05-29,"Queensland","QLD",1058,6,185936,1058,1045,1,1,1,0
2020-05-29,"South Australia","SA",440,4,95888,440,435,0,0,0,0
2020-05-29,"Tasmania","TAS",228,13,27498,228,205,2,0,0,0
2020-05-29,"Victoria","VIC",1634,19,493085,1634,1549,7,2,1,0
2020-05-29,"Western Australia","WA",581,9,85738,581,547,0,0,0,0
2020-05-30,"Australian Capital Territory","ACT",107,3,17792,107,104,0,0,0,0
2020-05-30,"New South Wales","NSW",3281,49,493637,3281,2683,12,1,1,0
2020-05-30,"Northern Territory","NT",29,0,8082,29,29,0,0,0,0
2020-05-30,"Queensland","QLD",1058,6,192062,1058,1045,1,1,1,0
2020-05-30,"South Australia","SA",440,4,98040,440,435,0,0,0,0
2020-05-30,"Tasmania","TAS",228,13,28158,228,207,2,0,0,0
2020-05-30,"Victoria","VIC",1645,19,501565,1645,1564,7,2,1,0
2020-05-30,"Western Australia","WA",581,9,89202,581,546,0,0,0,0
2020-05-31,"Australian Capital Territory","ACT",107,3,18114,107,104,0,0,0,0
2020-05-31,"New South Wales","NSW",3284,49,503464,3284,2685,11,1,0,0
2020-05-31,"Northern Territory","NT",29,0,8220,29,29,0,0,0,0
2020-05-31,"Queensland","QLD",1058,6,195437,1058,1046,1,1,0,0
2020-05-31,"South Australia","SA",440,4,99465,440,435,0,0,0,0
2020-05-31,"Tasmania","TAS",228,13,28647,228,208,2,0,0,0
2020-05-31,"Victoria","VIC",1649,19,509691,1649,1557,6,2,1,0
2020-05-31,"Western Australia","WA",584,9,91530,584,547,0,0,0,0
2020-06-01,"Australian Capital Territory","ACT",107,3,18425,107,104,0,0,0,0
2020-06-01,"New South Wales","NSW",3287,49,509227,3287,2685,10,1,0,0
2020-06-01,"Northern Territory","NT",29,0,8240,29,29,0,0,0,0
2020-06-01,"Queensland","QLD",1058,6,197367,1058,1046,1,1,0,0
2020-06-01,"South Australia","SA",440,4,100370,440,435,0,0,0,0
2020-06-01,"Tasmania","TAS",228,13,29049,228,209,2,0,0,0
2020-06-01,"Victoria","VIC",1653,19,515541,1653,1560,6,1,1,0
2020-06-01,"Western Australia","WA",585,9,94001,585,547,1,0,0,0
2020-06-02,"Australian Capital Territory","ACT",107,3,18634,107,104,0,0,0,0
2020-06-02,"New South Wales","NSW",3293,49,514651,3293,2687,11,1,0,0
2020-06-02,"Northern Territory","NT",29,0,8406,29,29,0,0,0,0
2020-06-02,"Queensland","QLD",1059,6,200391,1059,1046,2,1,1,0
2020-06-02,"South Australia","SA",440,4,102388,440,435,0,0,0,0
2020-06-02,"Tasmania","TAS",228,13,29610,228,209,2,0,0,0
2020-06-02,"Victoria","VIC",1663,19,521359,1663,1563,9,2,1,0
2020-06-02,"Western Australia","WA",585,9,94948,585,547,2,0,0,0
2020-06-03,"Australian Capital Territory","ACT",107,3,18899,107,104,0,0,0,0
2020-06-03,"New South Wales","NSW",3293,49,521669,3293,2691,11,2,0,0
2020-06-03,"Northern Territory","NT",29,0,8591,29,29,0,0,0,0
2020-06-03,"Queensland","QLD",1059,6,204258,1059,1046,2,1,1,0
2020-06-03,"South Australia","SA",440,4,104548,440,435,0,0,0,0
2020-06-03,"Tasmania","TAS",228,13,30316,228,210,2,0,0,0
2020-06-03,"Victoria","VIC",1670,19,526507,1670,1569,9,2,1,0
2020-06-03,"Western Australia","WA",586,9,97912,586,551,1,0,0,0
2020-06-04,"Australian Capital Territory","ACT",107,3,19337,107,104,0,0,0,0
2020-06-04,"New South Wales","NSW",3295,49,533034,3295,2700,11,1,0,0
2020-06-04,"Northern Territory","NT",29,0,8983,29,29,0,0,0,0
2020-06-04,"Queensland","QLD",1060,6,208758,1060,1046,2,1,1,0
2020-06-04,"South Australia","SA",440,4,106873,440,436,0,0,0,0
2020-06-04,"Tasmania","TAS",228,13,31063,228,210,2,0,0,0
2020-06-04,"Victoria","VIC",1678,19,536190,1678,1584,7,2,1,0
2020-06-04,"Western Australia","WA",586,9,102091,586,551,1,0,0,0
2020-06-05,"Australian Capital Territory","ACT",107,3,19736,107,104,0,0,0,0
2020-06-05,"New South Wales","NSW",3299,49,543205,3299,2714,10,1,0,0
2020-06-05,"Northern Territory","NT",29,0,9174,29,29,0,0,0,0
2020-06-05,"Queensland","QLD",1060,6,212870,1060,1046,2,1,1,0
2020-06-05,"South Australia","SA",440,4,111625,440,436,0,0,0,0
2020-06-05,"Tasmania","TAS",228,13,31813,228,210,2,0,0,0
2020-06-05,"Victoria","VIC",1681,19,542958,1681,1586,7,1,1,0
2020-06-05,"Western Australia","WA",590,9,107811,590,551,0,0,0,0
2020-06-06,"Australian Capital Territory","ACT",107,3,20132,107,104,0,0,0,0
2020-06-06,"New South Wales","NSW",3299,49,555956,3299,2719,9,0,0,0
2020-06-06,"Northern Territory","NT",29,0,9330,29,29,0,0,0,0
2020-06-06,"Queensland","QLD",1061,6,216458,1061,1046,2,1,1,0
2020-06-06,"South Australia","SA",440,4,113503,440,436,0,0,0,0
2020-06-06,"Tasmania","TAS",228,13,32283,228,210,2,0,0,0
2020-06-06,"Victoria","VIC",1681,19,530816,1681,1589,8,3,1,0
2020-06-06,"Western Australia","WA",591,9,112110,591,551,0,0,0,0
2020-06-07,"Australian Capital Territory","ACT",108,3,20487,108,104,0,0,0,0
2020-06-07,"New South Wales","NSW",3298,49,565163,3298,2723,9,0,0,0
2020-06-07,"Northern Territory","NT",29,0,9454,29,29,0,0,0,0
2020-06-07,"Queensland","QLD",1061,6,219422,1061,1046,2,1,1,0
2020-06-07,"South Australia","SA",440,4,114749,440,436,0,0,0,0
2020-06-07,"Tasmania","TAS",228,13,32724,228,211,1,0,0,0
2020-06-07,"Victoria","VIC",1685,19,539956,1685,1593,6,2,1,0
2020-06-07,"Western Australia","WA",591,9,115507,591,551,0,0,0,0
2020-06-08,"Australian Capital Territory","ACT",108,3,20683,108,104,0,0,0,0
2020-06-08,"New South Wales","NSW",3301,49,571113,3301,2724,9,0,0,0
2020-06-08,"Northern Territory","NT",29,0,9477,29,29,0,0,0,0
2020-06-08,"Queensland","QLD",1062,6,221212,1062,1050,2,1,1,0
2020-06-08,"South Australia","SA",440,4,115802,440,436,0,0,0,0
2020-06-08,"Tasmania","TAS",228,13,33023,228,211,1,0,0,0
2020-06-08,"Victoria","VIC",1687,19,543708,1687,1595,7,2,1,0
2020-06-08,"Western Australia","WA",591,9,118497,591,551,0,0,0,0
2020-06-09,"Australian Capital Territory","ACT",108,3,20975,108,104,0,0,0,0
2020-06-09,"New South Wales","NSW",3303,49,575856,3303,2729,9,0,0,0
2020-06-09,"Northern Territory","NT",29,0,9558,29,29,0,0,0,0
2020-06-09,"Queensland","QLD",1062,6,224050,1062,1051,2,1,1,0
2020-06-09,"South Australia","SA",440,4,116561,440,436,0,0,0,0
2020-06-09,"Tasmania","TAS",228,13,33398,228,211,1,0,0,0
2020-06-09,"Victoria","VIC",1687,19,547899,1687,1602,7,1,1,0
2020-06-09,"Western Australia","WA",591,9,122387,591,552,0,0,0,0
2020-06-10,"Australian Capital Territory","ACT",108,3,21411,108,104,0,0,0,0
2020-06-10,"New South Wales","NSW",3306,49,581559,3306,2735,9,0,0,0
2020-06-10,"Northern Territory","NT",29,0,9747,29,29,0,0,0,0
2020-06-10,"Queensland","QLD",1062,6,230792,1062,1051,1,1,1,0
2020-06-10,"South Australia","SA",440,4,117847,440,436,0,0,0,0
2020-06-10,"Tasmania","TAS",228,13,34054,228,211,1,0,0,0
2020-06-10,"Victoria","VIC",1691,19,557844,1691,1616,9,2,1,0
2020-06-10,"Western Australia","WA",591,9,126700,591,554,0,0,0,0
2020-06-11,"Australian Capital Territory","ACT",108,3,21938,108,104,0,0,0,0
2020-06-11,"New South Wales","NSW",3306,49,591305,3306,2738,10,0,0,0
2020-06-11,"Northern Territory","NT",29,0,9939,29,29,0,0,0,0
2020-06-11,"Queensland","QLD",1063,6,235917,1063,1051,1,1,1,0
2020-06-11,"South Australia","SA",440,4,119981,440,436,0,0,0,0
2020-06-11,"Tasmania","TAS",228,13,34674,228,211,1,0,0,0
2020-06-11,"Victoria","VIC",1699,19,564192,1699,1621,6,1,1,0
2020-06-11,"Western Australia","WA",591,9,133277,591,561,0,0,0,0
2020-06-12,"Australian Capital Territory","ACT",108,3,22492,108,104,0,0,0,0
2020-06-12,"New South Wales","NSW",3304,49,606525,3304,2743,10,0,0,0
2020-06-12,"Northern Territory","NT",29,0,10217,29,29,0,0,0,0
2020-06-12,"Queensland","QLD",1064,6,240861,1064,1051,2,1,1,0
2020-06-12,"South Australia","SA",440,4,122481,440,436,0,0,0,0
2020-06-12,"Tasmania","TAS",228,13,35498,228,213,1,0,0,0
2020-06-12,"Victoria","VIC",1703,19,572985,1703,1632,5,1,1,0
2020-06-12,"Western Australia","WA",592,9,134491,592,565,0,0,0,0
2020-06-13,"Australian Capital Territory","ACT",108,3,22779,108,104,0,0,0,0
2020-06-13,"New South Wales","NSW",3308,49,620650,3308,2763,9,0,0,0
2020-06-13,"Northern Territory","NT",29,0,10340,29,29,0,0,0,0
2020-06-13,"Queensland","QLD",1065,6,245713,1065,1051,2,1,1,0
2020-06-13,"South Australia","SA",440,4,124541,440,436,0,0,0,0
2020-06-13,"Tasmania","TAS",228,13,36008,228,213,0,0,0,0
2020-06-13,"Victoria","VIC",1711,19,582514,1711,1641,5,1,0,0
2020-06-13,"Western Australia","WA",592,9,140106,592,565,0,0,0,0
2020-06-14,"Australian Capital Territory","ACT",108,3,23217,108,104,0,0,0,0
2020-06-14,"New South Wales","NSW",3317,49,634241,3317,2766,9,0,0,0
2020-06-14,"Northern Territory","NT",29,0,10464,29,29,0,0,0,0
2020-06-14,"Queensland","QLD",1065,6,249627,1065,1051,1,1,1,0
2020-06-14,"South Australia","SA",440,4,125732,440,436,0,0,0,0
2020-06-14,"Tasmania","TAS",228,13,36314,228,213,0,0,0,0
2020-06-14,"Victoria","VIC",1720,19,590853,1720,1657,6,2,0,0
2020-06-14,"Western Australia","WA",592,9,141905,592,572,0,0,0,0
2020-06-15,"Australian Capital Territory","ACT",108,3,23571,108,104,0,0,0,0
2020-06-15,"New South Wales","NSW",3320,49,641442,3320,2766,9,0,0,0
2020-06-15,"Northern Territory","NT",29,0,10488,29,29,0,0,0,0
2020-06-15,"Queensland","QLD",1065,6,251322,1065,1051,1,1,1,0
2020-06-15,"South Australia","SA",440,4,126572,440,436,0,0,0,0
2020-06-15,"Tasmania","TAS",228,13,36471,228,213,0,0,0,0
2020-06-15,"Victoria","VIC",1732,19,594865,1732,1661,7,3,0,0
2020-06-15,"Western Australia","WA",592,9,143418,592,581,0,0,0,0
2020-06-16,"Australian Capital Territory","ACT",108,3,23837,108,104,0,0,0,0
2020-06-16,"New South Wales","NSW",3323,49,649337,3323,2768,10,0,0,0
2020-06-16,"Northern Territory","NT",29,0,10665,29,29,0,0,0,0
2020-06-16,"Queensland","QLD",1065,6,254554,1065,1051,1,1,1,0
2020-06-16,"South Australia","SA",440,4,127815,440,436,0,0,0,0
2020-06-16,"Tasmania","TAS",228,13,38826,228,213,0,0,0,0
2020-06-16,"Victoria","VIC",1741,19,599895,1741,1664,6,2,1,0
2020-06-16,"Western Australia","WA",592,9,143418,592,581,0,0,0,0
2020-06-17,"Australian Capital Territory","ACT",108,3,24428,108,105,0,0,0,0
2020-06-17,"New South Wales","NSW",3324,49,661226,3324,2770,10,0,0,0
2020-06-17,"Northern Territory","NT",29,0,10840,29,29,0,0,0,0
2020-06-17,"Queensland","QLD",1066,6,259902,1066,1052,1,1,1,0
2020-06-17,"South Australia","SA",440,4,130121,440,436,0,0,0,0
2020-06-17,"Tasmania","TAS",228,13,37356,228,215,0,0,0,0
2020-06-17,"Victoria","VIC",1762,19,608826,1762,1671,5,2,2,0
2020-06-17,"Western Australia","WA",592,9,148820,592,582,0,0,0,0
2020-06-18,"Australian Capital Territory","ACT",108,3,24971,108,105,0,0,0,0
2020-06-18,"New South Wales","NSW",3326,49,678618,3326,2770,9,0,0,0
2020-06-18,"Northern Territory","NT",29,0,11088,29,29,0,0,0,0
2020-06-18,"Queensland","QLD",1066,6,264106,1066,1052,1,1,0,0
2020-06-18,"South Australia","SA",440,4,132490,440,436,0,0,0,0
2020-06-18,"Tasmania","TAS",228,13,42395,228,215,0,0,0,0
2020-06-18,"Victoria","VIC",1780,19,621226,1780,1671,4,2,2,0
2020-06-18,"Western Australia","WA",593,9,152603,593,582,0,0,0,0
2020-06-19,"Australian Capital Territory","ACT",108,3,25300,108,105,0,0,0,0
2020-06-19,"New South Wales","NSW",3332,49,695981,3332,2770,9,0,0,0
2020-06-19,"Northern Territory","NT",29,0,11243,29,29,0,0,0,0
2020-06-19,"Queensland","QLD",1066,6,268286,1066,1053,1,0,0,0
2020-06-19,"South Australia","SA",440,4,134688,440,436,0,0,0,0
2020-06-19,"Tasmania","TAS",228,13,42995,228,215,0,0,0,0
2020-06-19,"Victoria","VIC",1792,19,635897,1792,1680,5,2,2,0
2020-06-19,"Western Australia","WA",593,9,155815,593,582,0,0,0,0
2020-06-20,"Australian Capital Territory","ACT",108,3,25564,108,105,0,0,0,0
2020-06-20,"New South Wales","NSW",3333,49,712174,3333,2771,10,0,0,0
2020-06-20,"Northern Territory","NT",29,0,11417,29,29,0,0,0,0
2020-06-20,"Queensland","QLD",1066,6,271860,1066,1053,1,0,0,0
2020-06-20,"South Australia","SA",440,4,136378,440,436,0,0,0,0
2020-06-20,"Tasmania","TAS",228,13,43822,228,215,0,0,0,0
2020-06-20,"Victoria","VIC",1817,19,645401,1817,1686,6,3,0,0
2020-06-20,"Western Australia","WA",593,9,158762,593,582,0,0,0,0
2020-06-21,"Australian Capital Territory","ACT",108,3,25905,108,105,0,0,0,0
2020-06-21,"New South Wales","NSW",3338,49,725817,3338,2771,8,0,0,0
2020-06-21,"Northern Territory","NT",29,0,11533,29,29,0,0,0,0
2020-06-21,"Queensland","QLD",1066,6,274688,1066,1053,1,0,0,0
2020-06-21,"South Australia","SA",440,4,137290,440,436,0,0,0,0
2020-06-21,"Tasmania","TAS",228,13,44025,228,215,0,0,0,0
2020-06-21,"Victoria","VIC",1836,19,660801,1836,1694,5,2,0,0
2020-06-21,"Western Australia","WA",594,9,161265,594,582,0,0,0,0
2020-06-22,"Australian Capital Territory","ACT",108,3,26075,108,105,0,0,0,0
2020-06-22,"New South Wales","NSW",3340,49,734669,3340,2771,8,0,0,0
2020-06-22,"Northern Territory","NT",29,0,11566,29,29,0,0,0,0
2020-06-22,"Queensland","QLD",1066,6,323895,1066,1053,1,0,0,0
2020-06-22,"South Australia","SA",440,4,138170,440,436,0,0,0,0
2020-06-22,"Tasmania","TAS",228,13,44294,228,215,0,0,0,0
2020-06-22,"Victoria","VIC",1847,19,667115,1847,1701,7,2,0,0
2020-06-22,"Western Australia","WA",594,9,162065,594,582,0,0,0,0
2020-06-23,"Australian Capital Territory","ACT",108,3,26480,108,105,0,0,0,0
2020-06-23,"New South Wales","NSW",3339,49,742962,3339,2771,9,0,0,0
2020-06-23,"Northern Territory","NT",29,0,11878,29,29,0,0,0,0
2020-06-23,"Queensland","QLD",1066,6,327530,1066,1053,1,0,0,0
2020-06-23,"South Australia","SA",440,4,139594,440,436,0,0,0,0
2020-06-23,"Tasmania","TAS",228,13,44966,228,215,0,0,0,0
2020-06-23,"Victoria","VIC",1864,19,675264,1864,1712,9,3,0,0
2020-06-23,"Western Australia","WA",596,9,164147,596,583,0,0,0,0
2020-06-24,"Australian Capital Territory","ACT",108,3,26937,108,105,0,0,0,0
2020-06-24,"New South Wales","NSW",3348,49,756240,3348,2771,8,0,0,0
2020-06-24,"Northern Territory","NT",29,0,12099,29,29,0,0,0,0
2020-06-24,"Queensland","QLD",1066,6,334084,1066,1053,1,0,0,0
2020-06-24,"South Australia","SA",440,4,141630,440,436,0,0,0,0
2020-06-24,"Tasmania","TAS",228,13,45970,228,215,0,0,0,0
2020-06-24,"Victoria","VIC",1884,20,696263,1884,1721,7,2,0,0
2020-06-24,"Western Australia","WA",596,9,167201,596,583,0,0,0,0
2020-06-25,"Australian Capital Territory","ACT",108,3,27529,108,105,0,0,0,0
2020-06-25,"New South Wales","NSW",3351,50,773415,3351,2776,8,0,0,0
2020-06-25,"Northern Territory","NT",29,0,12325,29,29,0,0,0,0
2020-06-25,"Queensland","QLD",1066,6,340581,1066,1054,1,0,0,0
2020-06-25,"South Australia","SA",440,4,143905,440,436,0,0,0,0
2020-06-25,"Tasmania","TAS",228,13,46824,228,215,0,0,0,0
2020-06-25,"Victoria","VIC",1917,20,716567,1917,1732,7,2,0,0
2020-06-25,"Western Australia","WA",596,9,171195,596,583,0,0,0,0
2020-06-26,"Australian Capital Territory","ACT",108,3,28053,108,105,0,0,0,0
2020-06-26,"New South Wales","NSW",3357,50,788693,3357,2782,4,0,0,0
2020-06-26,"Northern Territory","NT",29,0,12606,29,29,0,0,0,0
2020-06-26,"Queensland","QLD",1067,6,347610,1067,1054,2,0,0,0
2020-06-26,"South Australia","SA",440,4,146127,440,436,0,0,0,0
2020-06-26,"Tasmania","TAS",228,13,47685,228,215,0,0,0,0
2020-06-26,"Victoria","VIC",1947,20,736735,1947,1742,6,1,0,0
2020-06-26,"Western Australia","WA",596,9,174330,596,583,0,0,0,0
2020-06-27,"Australian Capital Territory","ACT",108,3,28364,108,105,0,0,0,0
2020-06-27,"New South Wales","NSW",3363,50,812427,3363,2784,5,0,0,0
2020-06-27,"Northern Territory","NT",29,0,12932,29,29,0,0,0,0
2020-06-27,"Queensland","QLD",1067,6,353085,1067,1054,2,0,0,0
2020-06-27,"South Australia","SA",440,4,147846,440,436,0,0,0,0
2020-06-27,"Tasmania","TAS",228,13,48239,228,215,0,0,0,0
2020-06-27,"Victoria","VIC",1987,20,758838,1987,1761,5,1,0,0
2020-06-27,"Western Australia","WA",596,9,174330,596,583,0,0,0,0
2020-06-28,"Australian Capital Territory","ACT",108,3,29008,108,105,0,0,0,0
2020-06-28,"New South Wales","NSW",3366,50,830541,3366,2784,3,0,0,0
2020-06-28,"Northern Territory","NT",29,0,13209,29,29,0,0,0,0
2020-06-28,"Queensland","QLD",1067,6,357915,1067,1054,1,0,0,0
2020-06-28,"South Australia","SA",440,4,148844,440,436,0,0,0,0
2020-06-28,"Tasmania","TAS",228,13,48536,228,215,0,0,0,0
2020-06-28,"Victoria","VIC",2028,20,776792,2028,1775,7,1,0,0
2020-06-28,"Western Australia","WA",597,9,174330,597,583,0,0,0,0
2020-06-29,"Australian Capital Territory","ACT",108,3,29282,108,105,0,0,0,0
2020-06-29,"New South Wales","NSW",3373,50,842374,3373,2784,5,0,0,0
2020-06-29,"Northern Territory","NT",29,0,13245,29,29,0,0,0,0
2020-06-29,"Queensland","QLD",1067,6,360469,1067,1054,1,0,0,0
2020-06-29,"South Australia","SA",443,4,149909,443,436,0,0,0,0
2020-06-29,"Tasmania","TAS",228,13,48917,228,215,0,0,0,0
2020-06-29,"Victoria","VIC",2099,20,792173,2099,1789,9,1,0,0
2020-06-29,"Western Australia","WA",597,9,179326,597,584,0,0,0,0
2020-06-30,"Australian Capital Territory","ACT",108,3,29593,108,105,0,0,0,0
2020-06-30,"New South Wales","NSW",3378,50,855324,3378,2784,4,0,0,0
2020-06-30,"Northern Territory","NT",29,0,13307,29,29,0,0,0,0
2020-06-30,"Queensland","QLD",1067,6,364981,1067,1054,1,0,0,0
2020-06-30,"South Australia","SA",443,4,151285,443,436,0,0,0,0
2020-06-30,"Tasmania","TAS",228,13,49390,228,215,0,0,0,0
2020-06-30,"Victoria","VIC",2159,20,809589,2159,1816,9,1,0,0
2020-06-30,"Western Australia","WA",599,9,182513,599,584,0,0,0,0
2020-07-01,"Australian Capital Territory","ACT",108,3,30332,108,105,0,0,0,0
2020-07-01,"New South Wales","NSW",3392,50,871567,3392,2787,2,1,0,0
2020-07-01,"Northern Territory","NT",29,0,13604,29,29,0,0,0,0
2020-07-01,"Queensland","QLD",1067,6,370973,1067,1054,1,0,0,0
2020-07-01,"South Australia","SA",443,4,153559,443,436,0,0,0,0
2020-07-01,"Tasmania","TAS",228,13,49767,228,215,0,0,0,0
2020-07-01,"Victoria","VIC",2231,20,830271,2231,1839,15,2,0,0
2020-07-01,"Western Australia","WA",599,9,185850,599,586,0,0,0,0
2020-07-02,"Australian Capital Territory","ACT",108,3,31197,108,105,0,0,0,0
2020-07-02,"New South Wales","NSW",3400,50,889914,3400,2787,2,1,0,0
2020-07-02,"Northern Territory","NT",30,0,13959,30,29,1,0,0,0
2020-07-02,"Queensland","QLD",1067,6,376719,1067,1054,1,0,0,0
2020-07-02,"South Australia","SA",443,4,155482,443,436,0,0,0,0
2020-07-02,"Tasmania","TAS",228,13,50967,228,215,0,0,0,0
2020-07-02,"Victoria","VIC",2303,20,856591,2303,1866,20,4,0,0
2020-07-02,"Western Australia","WA",599,9,188953,599,586,0,0,0,0
2020-07-03,"Australian Capital Territory","ACT",108,3,31563,108,105,0,0,0,0
2020-07-03,"New South Wales","NSW",3400,50,907762,3400,2787,2,1,0,0
2020-07-03,"Northern Territory","NT",30,0,14214,30,29,1,0,0,0
2020-07-03,"Queensland","QLD",1067,6,382114,1067,1054,1,0,0,0
2020-07-03,"South Australia","SA",443,4,157971,443,436,0,0,0,0
2020-07-03,"Tasmania","TAS",228,13,52002,228,215,0,0,0,0
2020-07-03,"Victoria","VIC",2368,20,881021,2368,1904,23,6,0,0
2020-07-03,"Western Australia","WA",599,9,191213,599,586,0,0,0,0
2020-07-04,"Australian Capital Territory","ACT",108,3,32016,108,105,0,0,0,0
2020-07-04,"New South Wales","NSW",3405,50,924318,3405,2788,2,1,0,0
2020-07-04,"Northern Territory","NT",30,0,14523,30,29,1,0,0,0
2020-07-04,"Queensland","QLD",1067,6,386727,1067,1055,1,0,0,0
2020-07-04,"South Australia","SA",443,4,160000,443,436,0,0,0,0
2020-07-04,"Tasmania","TAS",228,13,52665,228,215,0,0,0,0
2020-07-04,"Victoria","VIC",2469,20,906574,2469,1938,25,3,0,0
2020-07-04,"Western Australia","WA",599,9,191213,599,587,0,0,0,0
2020-07-05,"Australian Capital Territory","ACT",108,3,32273,108,105,0,0,0,0
2020-07-05,"New South Wales","NSW",3419,50,942432,3419,2799,2,1,0,0
2020-07-05,"Northern Territory","NT",30,0,14748,30,29,1,0,0,0
2020-07-05,"Queensland","QLD",1067,6,390572,1067,1055,1,0,0,0
2020-07-05,"South Australia","SA",443,4,161092,443,436,0,0,0,0
2020-07-05,"Tasmania","TAS",228,13,52934,228,215,0,0,0,0
2020-07-05,"Victoria","VIC",2536,20,928171,2536,1971,26,3,0,0
2020-07-05,"Western Australia","WA",605,9,191213,605,587,0,0,0,0
2020-07-06,"Australian Capital Territory","ACT",108,3,32562,108,105,0,0,0,0
2020-07-06,"New South Wales","NSW",3429,50,953987,3429,2799,1,1,0,0
2020-07-06,"Northern Territory","NT",30,0,14773,30,29,1,0,0,0
2020-07-06,"Queensland","QLD",1067,6,392238,1067,1055,1,0,0,0
2020-07-06,"South Australia","SA",443,4,161999,443,436,0,0,0,0
2020-07-06,"Tasmania","TAS",228,13,54799,228,215,0,0,0,0
2020-07-06,"Victoria","VIC",2660,22,952699,2660,1992,31,5,0,0
2020-07-06,"Western Australia","WA",608,9,196108,608,587,0,0,0,0
2020-07-07,"Australian Capital Territory","ACT",108,3,32562,108,105,0,0,0,0
2020-07-07,"New South Wales","NSW",3433,50,963733,3433,2798,2,1,0,0
2020-07-07,"Northern Territory","NT",30,0,15112,30,29,1,0,0,0
2020-07-07,"Queensland","QLD",1068,6,395027,1068,1055,1,0,0,0
2020-07-07,"South Australia","SA",443,4,163444,443,436,0,0,0,0
2020-07-07,"Tasmania","TAS",228,13,54092,228,215,0,0,0,0
2020-07-07,"Victoria","VIC",2824,22,979253,2824,2028,35,9,0,0
2020-07-07,"Western Australia","WA",608,9,197884,608,587,0,0,0,0
2020-07-08,"Australian Capital Territory","ACT",111,3,33223,111,105,0,0,0,0
2020-07-08,"New South Wales","NSW",3440,50,979060,3440,2797,3,1,0,0
2020-07-08,"Northern Territory","NT",30,0,15476,30,29,1,0,0,0
2020-07-08,"Queensland","QLD",1068,6,398844,1068,1056,1,0,0,0
2020-07-08,"South Australia","SA",443,4,165600,443,436,0,0,0,0
2020-07-08,"Tasmania","TAS",228,13,54639,228,215,0,0,0,0
2020-07-08,"Victoria","VIC",2942,22,1008677,2942,2058,41,7,0,0
2020-07-08,"Western Australia","WA",610,9,200887,610,588,0,0,0,0
2020-07-09,"Australian Capital Territory","ACT",112,3,33920,112,105,0,0,0,0
2020-07-09,"New South Wales","NSW",3453,50,997736,3453,2797,3,1,0,0
2020-07-09,"Northern Territory","NT",30,0,15784,30,29,1,0,0,0
2020-07-09,"Queensland","QLD",1068,6,406672,1068,1057,1,0,0,0
2020-07-09,"South Australia","SA",443,4,167653,443,439,0,0,0,0
2020-07-09,"Tasmania","TAS",228,13,55513,228,215,0,0,0,0
2020-07-09,"Victoria","VIC",3098,22,1030462,3098,2142,40,9,0,0
2020-07-09,"Western Australia","WA",613,9,203091,613,588,0,0,0,0
2020-07-10,"Australian Capital Territory","ACT",113,3,34801,113,105,0,0,0,0
2020-07-10,"New South Wales","NSW",3467,50,1007662,3467,2798,4,1,0,0
2020-07-10,"Northern Territory","NT",31,0,16092,31,29,2,0,0,0
2020-07-10,"Queensland","QLD",1068,6,412838,1068,1057,1,0,0,0
2020-07-10,"South Australia","SA",443,4,169757,443,439,0,0,0,0
2020-07-10,"Tasmania","TAS",228,13,56139,228,215,0,0,0,0
2020-07-10,"Victoria","VIC",3379,22,1068050,3379,2201,47,12,0,0
2020-07-10,"Western Australia","WA",616,9,204929,616,588,0,0,0,0
2020-07-11,"Australian Capital Territory","ACT",113,3,35872,113,105,0,0,0,0
2020-07-11,"New South Wales","NSW",3474,50,1024410,3474,2799,3,1,0,0
2020-07-11,"Northern Territory","NT",31,0,16734,31,29,2,0,0,0
2020-07-11,"Queensland","QLD",1070,6,417970,1070,1058,1,0,0,0
2020-07-11,"South Australia","SA",443,4,169757,443,439,0,0,0,0
2020-07-11,"Tasmania","TAS",228,13,56602,228,215,0,0,0,0
2020-07-11,"Victoria","VIC",3560,23,1095219,3560,2286,49,15,0,0
2020-07-11,"Western Australia","WA",618,9,204929,618,588,0,0,0,0
2020-07-12,"Australian Capital Territory","ACT",113,3,36632,113,105,0,0,0,0
2020-07-12,"New South Wales","NSW",3478,50,1039385,3478,2799,7,1,0,0
2020-07-12,"Northern Territory","NT",31,0,16962,31,29,2,0,0,0
2020-07-12,"Queensland","QLD",1070,6,421738,1070,1058,1,0,0,0
2020-07-12,"South Australia","SA",443,4,173296,443,439,0,0,0,0
2020-07-12,"Tasmania","TAS",228,13,57132,228,215,0,0,0,0
2020-07-12,"Victoria","VIC",3799,24,1125414,3799,2289,57,16,0,0
2020-07-12,"Western Australia","WA",619,9,204929,619,589,0,0,0,0
2020-07-13,"Australian Capital Territory","ACT",113,3,37233,113,105,0,0,0,0
2020-07-13,"New South Wales","NSW",3492,50,1050171,3492,2799,17,1,0,0
2020-07-13,"Northern Territory","NT",31,0,17028,31,29,2,0,0,0
2020-07-13,"Queensland","QLD",1071,6,423911,1071,1058,1,0,0,0
2020-07-13,"South Australia","SA",443,4,174553,443,439,0,0,0,0
2020-07-13,"Tasmania","TAS",228,13,57463,228,215,0,0,0,0
2020-07-13,"Victoria","VIC",3967,24,1148357,3967,2329,72,17,0,0
2020-07-13,"Western Australia","WA",619,9,209072,619,590,0,0,0,0
2020-07-14,"Australian Capital Territory","ACT",113,3,37556,113,105,0,0,0,0
2020-07-14,"New South Wales","NSW",3505,50,1062503,3505,2799,2,1,0,0
2020-07-14,"Northern Territory","NT",31,0,19667,31,29,2,0,0,0
2020-07-14,"Queensland","QLD",1071,6,428420,1071,1058,1,0,0,0
2020-07-14,"South Australia","SA",443,4,176370,443,439,0,0,0,0
2020-07-14,"Tasmania","TAS",228,13,57802,228,215,0,0,0,0
2020-07-14,"Victoria","VIC",4224,26,1170352,4224,2395,85,26,0,0
2020-07-14,"Western Australia","WA",620,9,209567,620,590,0,0,0,0
2020-07-15,"Australian Capital Territory","ACT",113,3,38685,113,105,0,0,0,0
2020-07-15,"New South Wales","NSW",3517,50,1080163,3517,2799,2,1,0,0
2020-07-15,"Northern Territory","NT",31,0,18645,31,29,2,0,0,0
2020-07-15,"Queensland","QLD",1071,6,435198,1071,1058,1,0,0,0
2020-07-15,"South Australia","SA",443,4,178869,443,439,0,0,0,0
2020-07-15,"Tasmania","TAS",228,13,58504,228,215,0,0,0,0
2020-07-15,"Victoria","VIC",4448,27,1197392,4448,2488,105,27,0,0
2020-07-15,"Western Australia","WA",628,9,214685,628,590,1,0,0,0
2020-07-16,"Australian Capital Territory","ACT",113,3,39658,113,105,0,0,0,0
2020-07-16,"New South Wales","NSW",3527,50,1102999,3527,2799,2,1,0,0
2020-07-16,"Northern Territory","NT",31,0,19005,31,29,1,0,0,0
2020-07-16,"Queensland","QLD",1071,6,441998,1071,1058,1,0,0,0
2020-07-16,"South Australia","SA",444,4,181413,444,440,0,0,0,0
2020-07-16,"Tasmania","TAS",228,13,59356,228,215,0,0,0,0
2020-07-16,"Victoria","VIC",4750,29,1225999,4750,2591,109,29,0,0
2020-07-16,"Western Australia","WA",630,9,217288,630,594,1,0,0,0
2020-07-17,"Australian Capital Territory","ACT",113,3,40533,113,105,0,0,0,0
2020-07-17,"New South Wales","NSW",3535,50,1127466,3535,2799,2,1,0,0
2020-07-17,"Northern Territory","NT",31,0,19359,31,29,1,0,0,0
2020-07-17,"Queensland","QLD",1071,6,448759,1071,1058,1,0,0,0
2020-07-17,"South Australia","SA",444,4,184086,444,440,0,0,0,0
2020-07-17,"Tasmania","TAS",228,13,60095,228,215,0,0,0,0
2020-07-17,"Victoria","VIC",5165,32,1250408,5165,2669,122,31,22,0
2020-07-17,"Western Australia","WA",632,9,219758,632,597,1,0,0,0
2020-07-18,"Australian Capital Territory","ACT",113,3,41273,113,105,0,0,0,0
2020-07-18,"New South Wales","NSW",3550,50,1155168,3550,2799,3,1,0,0
2020-07-18,"Northern Territory","NT",31,0,19655,31,29,1,0,0,0
2020-07-18,"Queensland","QLD",1071,6,454831,1071,1059,1,0,0,0
2020-07-18,"South Australia","SA",444,4,184086,444,440,0,0,0,0
2020-07-18,"Tasmania","TAS",228,13,60548,228,215,0,0,0,0
2020-07-18,"Victoria","VIC",5353,35,1278512,5353,2709,110,25,18,0
2020-07-18,"Western Australia","WA",633,9,219758,633,599,0,0,0,0
2020-07-19,"Australian Capital Territory","ACT",113,3,42003,113,105,0,0,0,0
2020-07-19,"New South Wales","NSW",3568,50,1181085,3568,2799,2,1,0,0
2020-07-19,"Northern Territory","NT",31,0,19907,31,29,1,0,0,0
2020-07-19,"Queensland","QLD",1071,6,459139,1071,1060,1,0,0,0
2020-07-19,"South Australia","SA",444,4,188428,444,440,0,0,0,0
2020-07-19,"Tasmania","TAS",228,13,60957,228,215,0,0,0,0
2020-07-19,"Victoria","VIC",5696,38,1305186,5696,2819,130,28,18,0
2020-07-19,"Western Australia","WA",633,9,219758,633,599,1,0,0,0
2020-07-20,"Australian Capital Territory","ACT",113,3,42504,113,107,0,0,0,0
2020-07-20,"New South Wales","NSW",3588,50,1202252,3588,2799,5,2,1,0
2020-07-20,"Northern Territory","NT",31,0,20026,31,29,1,0,0,0
2020-07-20,"Queensland","QLD",1072,6,461932,1072,1061,2,0,0,0
2020-07-20,"South Australia","SA",444,4,189805,444,440,0,0,0,0
2020-07-20,"Tasmania","TAS",229,13,61415,229,215,0,0,0,0
2020-07-20,"Victoria","VIC",5942,39,1331774,5942,2933,147,31,16,0
2020-07-20,"Western Australia","WA",633,9,224717,633,604,1,0,0,0
2020-07-21,"Australian Capital Territory","ACT",113,3,42723,113,107,0,0,0,0
2020-07-21,"New South Wales","NSW",3599,50,1218155,3599,2799,4,2,1,0
2020-07-21,"Northern Territory","NT",31,0,20348,31,29,1,0,0,0
2020-07-21,"Queensland","QLD",1072,6,466479,1072,1061,2,0,0,0
2020-07-21,"South Australia","SA",444,4,192436,444,440,0,0,0,0
2020-07-21,"Tasmania","TAS",229,13,61810,229,215,0,0,0,0
2020-07-21,"Victoria","VIC",6289,42,1361238,6289,3078,174,36,22,0
2020-07-21,"Western Australia","WA",633,9,227546,633,607,1,0,0,0
2020-07-22,"Australian Capital Territory","ACT",113,3,44078,113,107,0,0,0,0
2020-07-22,"New South Wales","NSW",3614,50,1236620,3614,2799,5,2,1,0
2020-07-22,"Northern Territory","NT",31,0,21137,31,29,1,0,0,0
2020-07-22,"Queensland","QLD",1073,6,474333,1073,1062,2,0,0,0
2020-07-22,"South Australia","SA",446,4,195367,446,441,0,0,0,0
2020-07-22,"Tasmania","TAS",229,13,62628,229,215,1,0,0,0
2020-07-22,"Victoria","VIC",6739,44,1385964,6739,3184,205,40,24,0
2020-07-22,"Western Australia","WA",633,9,230402,633,608,1,0,0,0
2020-07-23,"Australian Capital Territory","ACT",113,3,45407,113,109,0,0,0,0
2020-07-23,"New South Wales","NSW",3633,50,1261260,3633,2799,6,1,1,0
2020-07-23,"Northern Territory","NT",31,0,21542,31,29,1,0,0,0
2020-07-23,"Queensland","QLD",1074,6,482473,1074,1063,2,0,0,0
2020-07-23,"South Australia","SA",447,4,199703,447,441,0,0,0,0
2020-07-23,"Tasmania","TAS",229,13,63360,229,215,1,0,0,0
2020-07-23,"Victoria","VIC",7125,49,1413115,7125,3298,201,40,24,0
2020-07-23,"Western Australia","WA",633,9,232977,633,610,0,0,0,0
2020-07-24,"Australian Capital Territory","ACT",113,3,46215,113,109,0,0,0,0
2020-07-24,"New South Wales","NSW",3640,50,1297429,3640,2799,7,3,1,0
2020-07-24,"Northern Territory","NT",31,0,21825,31,29,1,0,0,0
2020-07-24,"Queensland","QLD",1076,6,489894,1076,1063,2,0,0,0
2020-07-24,"South Australia","SA",447,4,203045,447,441,0,0,0,0
2020-07-24,"Tasmania","TAS",229,13,64268,229,215,1,0,0,0
2020-07-24,"Victoria","VIC",7405,56,1437233,7405,3450,206,41,0,0
2020-07-24,"Western Australia","WA",633,9,235512,633,612,0,0,0,0
2020-07-25,"Australian Capital Territory","ACT",113,3,47288,113,109,0,0,0,0
2020-07-25,"New South Wales","NSW",3654,50,1327964,3654,2799,6,4,1,0
2020-07-25,"Northern Territory","NT",31,0,22108,31,29,1,0,0,0
2020-07-25,"Queensland","QLD",1076,6,497848,1076,1063,2,0,0,0
2020-07-25,"South Australia","SA",447,4,206049,447,441,0,0,0,0
2020-07-25,"Tasmania","TAS",229,13,65190,229,215,1,0,0,0
2020-07-25,"Victoria","VIC",7744,61,1457546,7744,3529,229,42,0,0
2020-07-25,"Western Australia","WA",633,9,235512,633,619,0,0,0,0
2020-07-26,"Australian Capital Territory","ACT",113,3,47917,113,109,0,0,0,0
2020-07-26,"New South Wales","NSW",3668,50,1353103,3668,2799,9,4,1,0
2020-07-26,"Northern Territory","NT",31,0,22251,31,29,1,0,0,0
2020-07-26,"Queensland","QLD",1076,6,502468,1076,1063,2,0,0,0
2020-07-26,"South Australia","SA",447,4,207884,447,441,0,0,0,0
2020-07-26,"Tasmania","TAS",229,13,65470,229,215,1,0,0,0
2020-07-26,"Victoria","VIC",8181,71,1500519,8181,3680,228,42,21,0
2020-07-26,"Western Australia","WA",635,9,235512,635,621,0,0,0,0
2020-07-27,"Australian Capital Territory","ACT",113,3,48240,113,109,0,0,0,0
2020-07-27,"New South Wales","NSW",3685,50,1375135,3685,2800,10,5,1,0
2020-07-27,"Northern Territory","NT",31,0,22526,31,29,1,0,0,0
2020-07-27,"Queensland","QLD",1076,6,505628,1076,1063,2,0,0,0
2020-07-27,"South Australia","SA",447,4,209996,447,441,0,0,0,0
2020-07-27,"Tasmania","TAS",229,13,66019,229,215,1,0,0,0
2020-07-27,"Victoria","VIC",8696,77,1518107,8696,3817,245,44,23,0
2020-07-27,"Western Australia","WA",635,9,241439,635,624,0,0,0,0
2020-07-28,"Australian Capital Territory","ACT",113,3,48686,113,109,0,0,0,0
2020-07-28,"New South Wales","NSW",3699,50,1391144,3699,2800,11,5,1,0
2020-07-28,"Northern Territory","NT",31,0,23084,31,29,1,0,0,0
2020-07-28,"Queensland","QLD",1076,6,510206,1076,1063,2,0,0,0
2020-07-28,"South Australia","SA",448,4,212490,448,441,0,0,0,0
2020-07-28,"Tasmania","TAS",229,13,66544,229,215,1,0,0,0
2020-07-28,"Victoria","VIC",9049,83,1536628,9049,3937,260,42,23,0
2020-07-28,"Western Australia","WA",636,9,243279,636,624,0,0,0,0
2020-07-29,"Australian Capital Territory","ACT",113,3,49618,113,109,0,0,0,0
2020-07-29,"New South Wales","NSW",3718,50,1409687,3718,2800,10,5,1,0
2020-07-29,"Northern Territory","NT",31,0,23511,31,30,1,0,0,0
2020-07-29,"Queensland","QLD",1079,6,518517,1079,1065,4,0,0,0
2020-07-29,"South Australia","SA",448,4,228850,448,441,0,0,0,0
2020-07-29,"Tasmania","TAS",229,13,67183,229,215,1,0,0,0
2020-07-29,"Victoria","VIC",9304,92,1554705,9304,4123,307,41,0,0
2020-07-29,"Western Australia","WA",638,9,246178,638,624,0,0,0,0
2020-07-30,"Australian Capital Territory","ACT",113,3,50368,113,109,0,0,0,0
2020-07-30,"New South Wales","NSW",3736,50,1436834,3736,2800,11,6,1,0
2020-07-30,"Northern Territory","NT",31,0,24078,31,30,1,0,0,0
2020-07-30,"Queensland","QLD",1082,6,526768,1082,1065,5,0,0,0
2020-07-30,"South Australia","SA",449,4,233614,449,441,0,0,0,0
2020-07-30,"Tasmania","TAS",229,13,68137,229,215,1,0,0,0
2020-07-30,"Victoria","VIC",9998,105,1574626,9998,4259,312,34,0,0
2020-07-30,"Western Australia","WA",639,9,248677,639,622,0,0,0,0
2020-07-31,"Australian Capital Territory","ACT",113,3,50856,113,109,0,0,0,0
2020-07-31,"New South Wales","NSW",3756,50,1462155,3756,2800,11,8,4,0
2020-07-31,"Northern Territory","NT",32,0,24538,32,30,1,0,0,0
2020-07-31,"Queensland","QLD",1083,6,535844,1083,1066,5,0,0,0
2020-07-31,"South Australia","SA",450,4,237766,450,443,0,0,0,0
2020-07-31,"Tasmania","TAS",229,13,68905,229,216,1,0,0,0
2020-07-31,"Victoria","VIC",10577,113,1608452,10577,4479,349,36,23,0
2020-07-31,"Western Australia","WA",640,9,249789,640,622,0,0,0,0
2020-08-01,"Australian Capital Territory","ACT",113,3,51714,113,110,0,0,0,0
2020-08-01,"New South Wales","NSW",3773,51,1485613,3773,2801,13,9,4,0
2020-08-01,"Northern Territory","NT",33,0,24915,33,30,3,0,0,0
2020-08-01,"Queensland","QLD",1084,6,549547,1084,1066,6,0,0,0
2020-08-01,"South Australia","SA",451,4,242141,451,443,0,0,0,0
2020-08-01,"Tasmania","TAS",229,13,69552,229,216,0,0,0,0
2020-08-01,"Victoria","VIC",10931,116,1633953,10931,4696,379,41,24,0
2020-08-01,"Western Australia","WA",640,9,249789,640,620,0,0,0,0
2020-08-02,"Australian Capital Territory","ACT",113,3,52639,113,110,0,0,0,0
2020-08-02,"New South Wales","NSW",3784,51,1508040,3784,2802,13,8,4,0
2020-08-02,"Northern Territory","NT",33,0,25211,33,30,3,0,0,0
2020-08-02,"Queensland","QLD",1085,6,560607,1085,1066,7,0,0,0
2020-08-02,"South Australia","SA",453,4,246160,453,443,0,0,0,0
2020-08-02,"Tasmania","TAS",229,13,69983,229,216,0,0,0,0
2020-08-02,"Victoria","VIC",11557,123,1651953,11557,4915,385,38,26,0
2020-08-02,"Western Australia","WA",641,9,249789,641,624,0,0,0,0
2020-08-03,"Australian Capital Territory","ACT",113,3,53182,113,110,0,0,0,0
2020-08-03,"New South Wales","NSW",3797,51,1526863,3797,2802,13,8,5,0
2020-08-03,"Northern Territory","NT",33,0,25351,33,30,3,0,0,0
2020-08-03,"Queensland","QLD",1085,6,569392,1085,1067,7,0,0,0
2020-08-03,"South Australia","SA",455,4,250229,455,443,0,0,0,0
2020-08-03,"Tasmania","TAS",229,13,70359,229,216,0,0,0,0
2020-08-03,"Victoria","VIC",11937,136,1676953,11937,5111,416,35,26,0
2020-08-03,"Western Australia","WA",641,9,257582,641,624,0,0,0,0
2020-08-04,"Australian Capital Territory","ACT",113,3,53678,113,110,0,0,0,0
2020-08-04,"New South Wales","NSW",3809,51,1539739,3809,2802,17,6,5,0
2020-08-04,"Northern Territory","NT",33,0,25550,33,30,3,0,0,0
2020-08-04,"Queensland","QLD",1085,6,581286,1085,1067,7,0,0,0
2020-08-04,"South Australia","SA",457,4,252855,457,443,0,0,0,0
2020-08-04,"Tasmania","TAS",229,13,70931,229,216,0,0,0,0
2020-08-04,"Victoria","VIC",12335,147,1697953,12335,5283,456,38,0,0
2020-08-04,"Western Australia","WA",641,9,259625,641,626,0,0,0,0
2020-08-05,"Australian Capital Territory","ACT",113,3,54336,113,110,0,0,0,0
2020-08-05,"New South Wales","NSW",3820,51,1561826,3820,2802,20,9,6,0
2020-08-05,"Northern Territory","NT",33,0,26014,33,30,3,0,0,0
2020-08-05,"Queensland","QLD",1088,6,595001,1088,1069,5,0,0,0
2020-08-05,"South Australia","SA",456,4,258408,456,444,0,0,0,0
2020-08-05,"Tasmania","TAS",229,13,71467,229,216,0,0,0,0
2020-08-05,"Victoria","VIC",13035,162,1721953,13035,5424,538,42,30,0
2020-08-05,"Western Australia","WA",642,9,263076,642,626,0,0,0,0
2020-08-06,"Australian Capital Territory","ACT",113,3,56007,113,110,0,0,0,0
2020-08-06,"New South Wales","NSW",3832,51,1589861,3832,2802,16,10,4,0
2020-08-06,"Northern Territory","NT",33,0,26563,33,30,3,0,0,0
2020-08-06,"Queensland","QLD",1088,6,609607,1088,1069,6,0,0,0
2020-08-06,"South Australia","SA",457,4,264410,457,445,0,0,0,0
2020-08-06,"Tasmania","TAS",229,13,72474,229,216,0,0,0,0
2020-08-06,"Victoria","VIC",13469,170,1746953,13469,5628,575,42,30,0
2020-08-06,"Western Australia","WA",642,9,266214,642,626,0,0,0,0
2020-08-07,"Australian Capital Territory","ACT",113,3,56219,113,110,0,0,0,0
2020-08-07,"New South Wales","NSW",3842,51,1617799,3842,2802,15,10,5,0
2020-08-07,"Northern Territory","NT",33,0,27125,33,30,3,0,0,0
2020-08-07,"Queensland","QLD",1088,6,638011,1088,1069,6,0,0,0
2020-08-07,"South Australia","SA",459,4,270926,459,445,1,0,0,0
2020-08-07,"Tasmania","TAS",229,13,73251,229,216,0,0,0,0
2020-08-07,"Victoria","VIC",13867,181,1771953,13867,5829,607,41,28,0
2020-08-07,"Western Australia","WA",642,9,268742,642,627,0,0,0,0
2020-08-08,"Australian Capital Territory","ACT",113,3,56723,113,110,0,0,0,0
2020-08-08,"New South Wales","NSW",3851,51,1642220,3851,2802,15,9,6,0
2020-08-08,"Northern Territory","NT",33,0,27618,33,30,3,0,0,0
2020-08-08,"Queensland","QLD",1088,6,656876,1088,1069,4,0,0,0
2020-08-08,"South Australia","SA",459,4,278180,459,446,1,0,0,0
2020-08-08,"Tasmania","TAS",229,13,73895,229,216,0,0,0,0
2020-08-08,"Victoria","VIC",14283,193,1759969,14283,6066,636,44,29,0
2020-08-08,"Western Australia","WA",642,9,268742,642,628,0,0,0,0
2020-08-09,"Australian Capital Territory","ACT",113,3,57290,113,110,0,0,0,0
2020-08-09,"New South Wales","NSW",3861,51,1673901,3861,2802,17,8,6,0
2020-08-09,"Northern Territory","NT",33,0,27946,33,30,3,0,0,0
2020-08-09,"Queensland","QLD",1088,6,668751,1088,1069,4,0,0,0
2020-08-09,"South Australia","SA",459,4,285214,459,446,1,0,0,0
2020-08-09,"Tasmania","TAS",229,13,74185,229,216,0,0,0,0
2020-08-09,"Victoria","VIC",14659,210,1801385,14659,6378,634,43,26,0
2020-08-09,"Western Australia","WA",642,9,268742,642,629,0,0,0,0
2020-08-10,"Australian Capital Territory","ACT",113,3,59852,113,110,0,0,0,0
2020-08-10,"New South Wales","NSW",3875,51,1693821,3875,2802,17,8,6,0
2020-08-10,"Northern Territory","NT",33,0,28123,33,30,3,0,0,0
2020-08-10,"Queensland","QLD",1089,6,677300,1089,1072,4,0,0,0
2020-08-10,"South Australia","SA",459,4,289707,459,447,0,0,0,0
2020-08-10,"Tasmania","TAS",229,13,74585,229,216,0,0,0,0
2020-08-10,"Victoria","VIC",14957,229,1820598,14957,6642,640,47,31,0
2020-08-10,"Western Australia","WA",642,9,274560,642,630,0,0,0,0
2020-08-11,"Australian Capital Territory","ACT",113,3,60508,113,110,0,0,0,0
2020-08-11,"New South Wales","NSW",3897,51,1707078,3897,2802,17,8,6,0
2020-08-11,"Northern Territory","NT",33,0,28496,33,31,2,0,0,0
2020-08-11,"Queensland","QLD",1089,6,683824,1089,1075,4,0,0,0
2020-08-11,"South Australia","SA",459,4,294036,459,447,0,0,0,0
2020-08-11,"Tasmania","TAS",230,13,74963,230,216,0,0,0,0
2020-08-11,"Victoria","VIC",15251,248,1854688,15251,6889,650,51,27,0
2020-08-11,"Western Australia","WA",642,9,276579,642,630,0,0,0,0
2020-08-12,"Australian Capital Territory","ACT",113,3,61255,113,110,0,0,0,0
2020-08-12,"New South Wales","NSW",3915,51,1727182,3915,2802,17,8,7,0
2020-08-12,"Northern Territory","NT",33,0,29045,33,31,2,0,0,0
2020-08-12,"Queensland","QLD",1089,6,693707,1089,1076,4,0,0,0
2020-08-12,"South Australia","SA",459,4,299549,459,449,0,0,0,0
2020-08-12,"Tasmania","TAS",230,13,75875,230,216,1,0,0,0
2020-08-12,"Victoria","VIC",15646,269,1874615,15646,7271,662,43,25,0
2020-08-12,"Western Australia","WA",642,9,280116,642,632,0,0,0,0
2020-08-13,"Australian Capital Territory","ACT",113,3,62424,113,110,0,0,0,0
2020-08-13,"New South Wales","NSW",3927,52,1751803,3927,2802,15,7,6,0
2020-08-13,"Northern Territory","NT",33,0,29474,33,31,2,0,0,0
2020-08-13,"Queensland","QLD",1089,6,705622,1089,1076,4,0,0,0
2020-08-13,"South Australia","SA",459,4,305055,459,449,0,0,0,0
2020-08-13,"Tasmania","TAS",230,13,76837,230,216,1,0,0,0
2020-08-13,"Victoria","VIC",15863,277,1895566,15863,7493,664,37,25,0
2020-08-13,"Western Australia","WA",644,9,283004,644,632,0,0,0,0
2020-08-14,"Australian Capital Territory","ACT",113,3,63631,113,110,0,0,0,0
2020-08-14,"New South Wales","NSW",3936,52,1781499,3936,2802,14,6,5,0
2020-08-14,"Northern Territory","NT",33,0,29883,33,31,2,0,0,0
2020-08-14,"Queensland","QLD",1091,6,716420,1091,1076,3,0,0,0
2020-08-14,"South Australia","SA",460,4,311863,460,449,0,0,0,0
2020-08-14,"Tasmania","TAS",230,13,77576,230,216,1,0,0,0
2020-08-14,"Victoria","VIC",16234,291,1914474,16234,7842,659,41,26,0
2020-08-14,"Western Australia","WA",645,9,285068,645,632,0,0,0,0
2020-08-15,"Australian Capital Territory","ACT",113,3,64828,113,110,0,0,0,0
2020-08-15,"New South Wales","NSW",3945,52,1808887,3945,2802,16,7,5,0
2020-08-15,"Northern Territory","NT",33,0,30369,33,33,2,0,0,0
2020-08-15,"Queensland","QLD",1091,6,722095,1091,1079,3,0,0,0
2020-08-15,"South Australia","SA",460,4,316425,460,449,0,0,0,0
2020-08-15,"Tasmania","TAS",230,13,78376,230,216,1,0,0,0
2020-08-15,"Victoria","VIC",16517,295,1937736,16517,8121,661,41,28,0
2020-08-15,"Western Australia","WA",646,9,285068,646,632,0,0,0,0
2020-08-16,"Australian Capital Territory","ACT",113,3,65008,113,110,0,0,0,0
2020-08-16,"New South Wales","NSW",3950,53,1832980,3950,2802,14,7,5,0
2020-08-16,"Northern Territory","NT",33,0,30527,33,33,0,0,0,0
2020-08-16,"Queensland","QLD",1091,6,725394,1091,1079,3,0,0,0
2020-08-16,"South Australia","SA",461,4,320526,461,450,0,0,0,0
2020-08-16,"Tasmania","TAS",230,13,78753,230,216,1,0,0,0
2020-08-16,"Victoria","VIC",16764,311,1959302,16764,8570,662,40,29,0
2020-08-16,"Western Australia","WA",646,9,285068,646,633,0,0,0,0
2020-08-17,"Australian Capital Territory","ACT",113,3,65008,113,110,0,0,0,0
2020-08-17,"New South Wales","NSW",3957,53,1843786,3957,2802,13,7,5,0
2020-08-17,"Northern Territory","NT",33,0,30724,33,33,0,0,0,0
2020-08-17,"Queensland","QLD",1091,6,727913,1091,1079,3,0,0,0
2020-08-17,"South Australia","SA",462,4,323111,462,450,0,0,0,0
2020-08-17,"Tasmania","TAS",230,13,79127,230,216,1,0,0,0
2020-08-17,"Victoria","VIC",17027,336,1975030,17027,9023,657,44,32,0
2020-08-17,"Western Australia","WA",646,9,291398,646,633,0,0,0,0
2020-08-18,"Australian Capital Territory","ACT",113,3,65008,113,110,0,0,0,0
2020-08-18,"New South Wales","NSW",3959,53,1857522,3959,2802,13,7,5,0
2020-08-18,"Northern Territory","NT",33,0,31052,33,33,0,0,0,0
2020-08-18,"Queensland","QLD",1091,6,735640,1091,1079,3,0,0,0
2020-08-18,"South Australia","SA",462,4,326109,462,450,0,0,0,0
2020-08-18,"Tasmania","TAS",230,13,79469,230,216,1,0,0,0
2020-08-18,"Victoria","VIC",17238,353,1992521,17238,9413,665,45,32,0
2020-08-18,"Western Australia","WA",647,9,293292,647,633,0,0,0,0
2020-08-19,"Australian Capital Territory","ACT",113,3,67514,113,110,0,0,0,0
2020-08-19,"New South Wales","NSW",3966,53,1876936,3966,2802,15,8,5,0
2020-08-19,"Northern Territory","NT",33,0,31448,33,33,0,0,0,0
2020-08-19,"Queensland","QLD",1092,6,747180,1092,1079,3,0,0,0
2020-08-19,"South Australia","SA",462,4,331732,462,452,0,0,0,0
2020-08-19,"Tasmania","TAS",230,13,80253,230,216,1,0,0,0
2020-08-19,"Victoria","VIC",17446,366,2008630,17446,9729,675,45,29,0
2020-08-19,"Western Australia","WA",651,9,296802,651,633,0,0,0,0
2020-08-20,"Australian Capital Territory","ACT",113,3,68274,113,110,0,0,0,0
2020-08-20,"New South Wales","NSW",3971,53,1905703,3971,2802,16,8,5,0
2020-08-20,"Northern Territory","NT",33,0,31866,33,33,0,0,0,0
2020-08-20,"Queensland","QLD",1093,6,756977,1093,1081,5,0,0,0
2020-08-20,"South Australia","SA",462,4,337004,462,452,0,0,0,0
2020-08-20,"Tasmania","TAS",230,13,81061,230,216,1,0,0,0
2020-08-20,"Victoria","VIC",17683,379,2028909,17683,12334,622,43,28,0
2020-08-20,"Western Australia","WA",651,9,299037,651,633,0,0,0,0
2020-08-21,"Australian Capital Territory","ACT",113,3,69245,113,110,0,0,0,0
2020-08-21,"New South Wales","NSW",3972,53,1938283,3972,2802,16,7,6,0
2020-08-21,"Northern Territory","NT",33,0,32215,33,33,0,0,0,0
2020-08-21,"Queensland","QLD",1094,6,766099,1094,1082,4,0,0,0
2020-08-21,"South Australia","SA",462,4,341542,462,452,0,0,0,0
2020-08-21,"Tasmania","TAS",230,13,81645,230,216,1,0,0,0
2020-08-21,"Victoria","VIC",17852,388,2049235,17852,12940,626,40,25,0
2020-08-21,"Western Australia","WA",651,9,301716,651,633,0,0,0,0
2020-08-22,"Australian Capital Territory","ACT",113,3,69917,113,110,0,0,0,0
2020-08-22,"New South Wales","NSW",3981,53,1969093,3981,2802,15,7,5,0
2020-08-22,"Northern Territory","NT",33,0,32355,33,33,0,0,0,0
2020-08-22,"Queensland","QLD",1103,6,775546,1103,1082,5,0,0,0
2020-08-22,"South Australia","SA",462,4,345833,462,452,0,0,0,0
2020-08-22,"Tasmania","TAS",230,13,82636,230,216,1,0,0,0
2020-08-22,"Victoria","VIC",18029,401,2070581,18029,13239,610,36,22,0
2020-08-22,"Western Australia","WA",651,9,301716,651,633,0,0,0,0
2020-08-23,"Australian Capital Territory","ACT",113,3,70247,113,110,0,0,0,0
2020-08-23,"New South Wales","NSW",3985,53,1995573,3985,2802,13,7,5,0
2020-08-23,"Northern Territory","NT",33,0,32558,33,33,0,0,0,0
2020-08-23,"Queensland","QLD",1105,6,782421,1105,1082,5,0,0,0
2020-08-23,"South Australia","SA",463,4,349802,463,456,0,0,0,0
2020-08-23,"Tasmania","TAS",230,13,82942,230,216,1,0,0,0
2020-08-23,"Victoria","VIC",18231,418,2091328,18231,13708,585,32,21,0
2020-08-23,"Western Australia","WA",652,9,301716,652,634,0,0,0,0
2020-08-24,"Australian Capital Territory","ACT",113,3,70582,113,110,0,0,0,0
2020-08-24,"New South Wales","NSW",3988,53,2016293,3988,2802,14,7,5,0
2020-08-24,"Northern Territory","NT",33,0,33056,33,33,0,0,0,0
2020-08-24,"Queensland","QLD",1106,6,789255,1106,1082,15,0,0,0
2020-08-24,"South Australia","SA",463,4,351607,463,456,0,0,0,0
2020-08-24,"Tasmania","TAS",230,13,83305,230,216,1,0,0,0
2020-08-24,"Victoria","VIC",18330,433,2106139,18330,14077,629,31,17,0
2020-08-24,"Western Australia","WA",653,9,307797,653,635,0,0,0,0
2020-08-25,"Australian Capital Territory","ACT",113,3,71506,113,110,0,0,0,0
2020-08-25,"New South Wales","NSW",3991,53,2026668,3991,2802,10,7,4,0
2020-08-25,"Northern Territory","NT",33,0,33393,33,33,0,0,0,0
2020-08-25,"Queensland","QLD",1106,6,797314,1106,1082,16,0,0,0
2020-08-25,"South Australia","SA",463,4,354497,463,456,0,0,0,0
2020-08-25,"Tasmania","TAS",230,13,83661,230,216,1,0,0,0
2020-08-25,"Victoria","VIC",18464,441,2119199,18464,14288,617,35,19,0
2020-08-25,"Western Australia","WA",653,9,328471,653,635,0,0,0,0
2020-08-26,"Australian Capital Territory","ACT",113,3,72457,113,110,0,0,0,0
2020-08-26,"New South Wales","NSW",3997,53,2052542,3997,2802,10,7,4,0
2020-08-26,"Northern Territory","NT",33,0,33855,33,33,0,0,0,0
2020-08-26,"Queensland","QLD",1108,6,818170,1108,1083,14,0,0,0
2020-08-26,"South Australia","SA",463,4,359926,463,456,0,0,0,0
2020-08-26,"Tasmania","TAS",230,13,84598,230,216,1,0,0,0
2020-08-26,"Victoria","VIC",18608,465,2132679,18608,14572,578,39,16,0
2020-08-26,"Western Australia","WA",653,9,332185,653,636,0,0,0,0
2020-08-27,"Australian Capital Territory","ACT",113,3,73298,113,110,0,0,0,0
2020-08-27,"New South Wales","NSW",4006,53,2082715,4006,2802,11,6,4,0
2020-08-27,"Northern Territory","NT",33,0,34311,33,33,0,0,0,0
2020-08-27,"Queensland","QLD",1110,6,837950,1110,1083,14,0,0,0
2020-08-27,"South Australia","SA",463,4,365116,463,456,0,0,0,0
2020-08-27,"Tasmania","TAS",230,13,85384,230,216,1,0,0,0
2020-08-27,"Victoria","VIC",18714,487,2158149,18714,14837,532,29,11,0
2020-08-27,"Western Australia","WA",653,9,335757,653,637,0,0,0,0
2020-08-28,"Australian Capital Territory","ACT",113,3,74073,113,110,0,0,0,0
2020-08-28,"New South Wales","NSW",4019,53,2112997,4019,2802,12,6,4,0
2020-08-28,"Northern Territory","NT",33,0,34710,33,33,0,0,0,0
2020-08-28,"Queensland","QLD",1113,6,859603,1113,1084,17,0,0,0
2020-08-28,"South Australia","SA",463,4,369379,463,458,0,0,0,0
2020-08-28,"Tasmania","TAS",230,13,86059,230,216,1,0,0,0
2020-08-28,"Victoria","VIC",18822,498,2178012,18822,15101,513,29,17,0
2020-08-28,"Western Australia","WA",655,9,337403,655,637,0,0,0,0
2020-08-29,"Australian Capital Territory","ACT",113,3,74784,113,110,0,0,0,0
2020-08-29,"New South Wales","NSW",4033,53,2137629,4033,2802,10,6,4,0
2020-08-29,"Northern Territory","NT",33,0,35119,33,33,0,0,0,0
2020-08-29,"Queensland","QLD",1117,6,878366,1117,1084,18,0,0,0
2020-08-29,"South Australia","SA",463,4,373451,463,458,0,0,0,0
2020-08-29,"Tasmania","TAS",230,13,86913,230,216,1,0,0,0
2020-08-29,"Victoria","VIC",18903,516,2196126,18903,15324,481,26,17,0
2020-08-29,"Western Australia","WA",655,9,337403,655,637,0,0,0,0
2020-08-30,"Australian Capital Territory","ACT",113,3,74969,113,110,0,0,0,0
2020-08-30,"New South Wales","NSW",4040,53,2157255,4040,2802,9,6,4,0
2020-08-30,"Northern Territory","NT",33,0,35377,33,33,0,0,0,0
2020-08-30,"Queensland","QLD",1121,6,888924,1121,1084,19,0,0,0
2020-08-30,"South Australia","SA",463,4,376562,463,458,0,0,0,0
2020-08-30,"Tasmania","TAS",230,13,87292,230,216,1,0,0,0
2020-08-30,"Victoria","VIC",19015,527,2210447,19015,15580,472,25,11,0
2020-08-30,"Western Australia","WA",655,9,337403,655,641,0,0,0,0
2020-08-31,"Australian Capital Territory","ACT",113,3,76109,113,110,0,0,0,0
2020-08-31,"New South Wales","NSW",4050,53,2171487,4050,2802,9,6,4,0
2020-08-31,"Northern Territory","NT",33,0,35598,33,33,0,0,0,0
2020-08-31,"Queensland","QLD",1122,6,895789,1122,1084,18,0,0,0
2020-08-31,"South Australia","SA",463,4,377651,463,458,0,0,0,0
2020-08-31,"Tasmania","TAS",230,13,87718,230,216,1,0,0,0
2020-08-31,"Victoria","VIC",19080,568,2224887,19080,15814,453,21,13,0
2020-08-31,"Western Australia","WA",655,9,345214,655,641,0,0,0,0
2020-09-01,"Australian Capital Territory","ACT",113,3,77563,113,110,0,0,0,0
2020-09-01,"New South Wales","NSW",4063,53,2186337,4063,2802,10,6,3,0
2020-09-01,"Northern Territory","NT",33,0,35987,33,33,0,0,0,0
2020-09-01,"Queensland","QLD",1124,6,903278,1124,1084,18,0,0,0
2020-09-01,"South Australia","SA",463,4,381219,463,458,0,0,0,0
2020-09-01,"Tasmania","TAS",230,13,88073,230,216,1,0,0,0
2020-09-01,"Victoria","VIC",19138,573,2235040,19138,15967,421,20,7,0
2020-09-01,"Western Australia","WA",655,9,348335,655,641,0,0,0,0
2020-09-02,"Australian Capital Territory","ACT",113,3,79215,113,110,0,0,0,0
2020-09-02,"New South Wales","NSW",4079,53,2206385,4079,2802,10,5,3,0
2020-09-02,"Northern Territory","NT",33,0,36364,33,33,0,0,0,0
2020-09-02,"Queensland","QLD",1126,6,921429,1126,1084,16,0,0,0
2020-09-02,"South Australia","SA",463,4,386083,463,459,0,0,0,0
2020-09-02,"Tasmania","TAS",230,13,88884,230,217,1,0,0,0
2020-09-02,"Victoria","VIC",19224,579,2248952,19224,16152,406,18,13,0
2020-09-02,"Western Australia","WA",655,9,352483,655,641,0,0,0,0
2020-09-03,"Australian Capital Territory","ACT",113,3,80670,113,110,0,0,0,0
2020-09-03,"New South Wales","NSW",4091,53,2235992,4091,2802,12,6,3,0
2020-09-03,"Northern Territory","NT",33,0,36951,33,33,0,0,0,0
2020-09-03,"Queensland","QLD",1128,6,935702,1128,1086,18,0,0,0
2020-09-03,"South Australia","SA",463,4,390089,463,459,0,0,0,0
2020-09-03,"Tasmania","TAS",230,13,89789,230,217,0,0,0,0
2020-09-03,"Victoria","VIC",19336,594,2331261,19336,16370,361,20,15,0
2020-09-03,"Western Australia","WA",655,9,355535,655,643,0,0,0,0
2020-09-04,"Australian Capital Territory","ACT",113,3,82038,113,110,0,0,0,0
2020-09-04,"New South Wales","NSW",4099,53,2259160,4099,2802,13,7,4,0
2020-09-04,"Northern Territory","NT",33,0,37457,33,33,0,0,0,0
2020-09-04,"Queensland","QLD",1128,6,949480,1128,1088,15,0,0,0
2020-09-04,"South Australia","SA",463,4,394052,463,459,0,0,0,0
2020-09-04,"Tasmania","TAS",230,13,90140,230,217,0,0,0,0
2020-09-04,"Victoria","VIC",19415,653,2356292,19415,16625,329,20,13,0
2020-09-04,"Western Australia","WA",655,9,358331,655,644,0,0,0,0
2020-09-05,"Australian Capital Territory","ACT",113,3,83237,113,110,0,0,0,0
2020-09-05,"New South Wales","NSW",4104,53,2289500,4104,2802,14,6,4,0
2020-09-05,"Northern Territory","NT",33,0,37971,33,33,0,0,0,0
2020-09-05,"Queensland","QLD",1129,6,960993,1129,1089,14,0,0,0
2020-09-05,"South Australia","SA",464,4,397457,464,459,0,0,0,0
2020-09-05,"Tasmania","TAS",230,13,91187,230,217,0,0,0,0
2020-09-05,"Victoria","VIC",19479,664,2372112,19479,16784,298,21,15,0
2020-09-05,"Western Australia","WA",655,9,358331,655,644,0,0,0,0
2020-09-06,"Australian Capital Territory","ACT",113,3,83593,113,110,0,0,0,0
2020-09-06,"New South Wales","NSW",4114,53,2328026,4114,2802,14,7,4,0
2020-09-06,"Northern Territory","NT",33,0,38179,33,33,0,0,0,0
2020-09-06,"Queensland","QLD",1131,6,967055,1131,1089,13,0,0,0
2020-09-06,"South Australia","SA",464,4,400037,464,459,0,0,0,0
2020-09-06,"Tasmania","TAS",230,13,91677,230,217,0,0,0,0
2020-09-06,"Victoria","VIC",19538,669,2390450,19538,16921,283,19,16,0
2020-09-06,"Western Australia","WA",656,9,358331,656,644,0,0,0,0
2020-09-07,"Australian Capital Territory","ACT",113,3,83841,113,110,0,0,0,0
2020-09-07,"New South Wales","NSW",4118,53,2338155,4118,2802,13,7,4,0
2020-09-07,"Northern Territory","NT",33,0,38544,33,33,0,0,0,0
2020-09-07,"Queensland","QLD",1133,6,971209,1133,1089,15,0,0,0
2020-09-07,"South Australia","SA",464,4,401471,464,460,0,0,0,0
2020-09-07,"Tasmania","TAS",230,13,91962,230,217,0,0,0,0
2020-09-07,"Victoria","VIC",19574,678,2403388,19574,17056,266,25,17,0
2020-09-07,"Western Australia","WA",657,9,364864,657,644,0,0,0,0
2020-09-08,"Australian Capital Territory","ACT",113,3,84235,113,110,0,0,0,0
2020-09-08,"New South Wales","NSW",4126,53,2350649,4126,2802,13,7,3,0
2020-09-08,"Northern Territory","NT",33,0,38938,33,33,0,0,0,0
2020-09-08,"Queensland","QLD",1134,6,978869,1134,1090,12,0,0,0
2020-09-08,"South Australia","SA",465,4,404963,465,461,0,0,0,0
2020-09-08,"Tasmania","TAS",230,13,92521,230,217,0,0,0,0
2020-09-08,"Victoria","VIC",19615,686,2412092,19615,17175,238,22,13,0
2020-09-08,"Western Australia","WA",658,9,368130,658,644,0,0,0,0
2020-09-09,"Australian Capital Territory","ACT",113,3,85045,113,110,0,0,0,0
2020-09-09,"New South Wales","NSW",4135,53,2371501,4135,2802,14,6,3,0
2020-09-09,"Northern Territory","NT",33,0,39259,33,33,0,0,0,0
2020-09-09,"Queensland","QLD",1143,6,990944,1143,1091,10,0,0,0
2020-09-09,"South Australia","SA",465,4,409446,465,461,0,0,0,0
2020-09-09,"Tasmania","TAS",230,13,93156,230,217,0,0,0,0
2020-09-09,"Victoria","VIC",19688,697,2428778,19688,17311,196,20,12,0
2020-09-09,"Western Australia","WA",658,9,371204,658,646,1,0,0,0
2020-09-10,"Australian Capital Territory","ACT",113,3,85780,113,110,0,0,0,0
2020-09-10,"New South Wales","NSW",4142,53,2396261,4142,2802,15,6,4,0
2020-09-10,"Northern Territory","NT",33,0,39769,33,33,0,0,0,0
2020-09-10,"Queensland","QLD",1143,6,1001084,1143,1091,10,0,0,0
2020-09-10,"South Australia","SA",465,4,413372,465,461,0,0,0,0
2020-09-10,"Tasmania","TAS",230,13,93672,230,217,0,0,0,0
2020-09-10,"Victoria","VIC",19728,704,2443583,19728,17484,169,17,11,0
2020-09-10,"Western Australia","WA",659,9,375910,659,646,1,0,0,0
2020-09-11,"Australian Capital Territory","ACT",113,3,86352,113,110,0,0,0,0
2020-09-11,"New South Wales","NSW",4152,53,2446201,4152,2802,12,6,4,0
2020-09-11,"Northern Territory","NT",33,0,40153,33,33,0,0,0,0
2020-09-11,"Queensland","QLD",1145,6,1010300,1145,1094,10,0,0,0
2020-09-11,"South Australia","SA",466,4,416649,466,462,0,0,0,0
2020-09-11,"Tasmania","TAS",230,13,94291,230,217,0,0,0,0
2020-09-11,"Victoria","VIC",19767,713,2456924,19767,17661,140,12,8,0
2020-09-11,"Western Australia","WA",659,9,377283,659,646,1,0,0,0
2020-09-12,"Australian Capital Territory","ACT",113,3,86919,113,110,0,0,0,0
2020-09-12,"New South Wales","NSW",4157,53,2466412,4157,2802,12,6,4,0
2020-09-12,"Northern Territory","NT",33,0,40715,33,33,0,0,0,0
2020-09-12,"Queensland","QLD",1148,6,1017965,1148,1096,13,0,0,0
2020-09-12,"South Australia","SA",466,4,420565,466,462,0,0,0,0
2020-09-12,"Tasmania","TAS",230,13,94919,230,217,0,0,0,0
2020-09-12,"Victoria","VIC",19800,719,2471377,19800,17771,126,9,6,0
2020-09-12,"Western Australia","WA",659,9,377283,659,646,0,0,0,0
2020-09-13,"Australian Capital Territory","ACT",113,3,87216,113,110,0,0,0,0
2020-09-13,"New South Wales","NSW",4166,53,2480838,4166,2802,12,6,3,0
2020-09-13,"Northern Territory","NT",33,0,40952,33,33,0,0,0,0
2020-09-13,"Queensland","QLD",1148,6,1022898,1148,1107,9,0,0,0
2020-09-13,"South Australia","SA",466,4,423003,466,462,0,0,0,0
2020-09-13,"Tasmania","TAS",230,13,95127,230,217,0,0,0,0
2020-09-13,"Victoria","VIC",19835,725,2488773,19835,17893,116,11,4,0
2020-09-13,"Western Australia","WA",659,9,377283,659,646,0,0,0,0
2020-09-14,"Australian Capital Territory","ACT",113,3,87459,113,110,0,0,0,0
2020-09-14,"New South Wales","NSW",4170,53,2490154,4170,2802,10,6,3,0
2020-09-14,"Northern Territory","NT",33,0,41261,33,33,0,0,0,0
2020-09-14,"Queensland","QLD",1148,6,1025832,1148,1110,9,0,0,0
2020-09-14,"South Australia","SA",466,4,424452,466,462,0,0,0,0
2020-09-14,"Tasmania","TAS",230,13,95567,230,217,0,0,0,0
2020-09-14,"Victoria","VIC",19872,732,2497710,19872,18006,122,12,7,0
2020-09-14,"Western Australia","WA",659,9,384601,659,646,0,0,0,0
2020-09-15,"Australian Capital Territory","ACT",113,3,88003,113,110,0,0,0,0
2020-09-15,"New South Wales","NSW",4176,53,2498989,4176,2802,12,6,3,0
2020-09-15,"Northern Territory","NT",33,0,41561,33,33,0,0,0,0
2020-09-15,"Queensland","QLD",1149,6,1030765,1149,1111,9,0,0,0
2020-09-15,"South Australia","SA",466,4,427106,466,462,0,0,0,0
2020-09-15,"Tasmania","TAS",230,13,96102,230,217,0,0,0,0
2020-09-15,"Victoria","VIC",19911,732,2506513,19911,18079,118,11,7,0
2020-09-15,"Western Australia","WA",659,9,387613,659,646,0,0,0,0
2020-09-16,"Australian Capital Territory","ACT",113,3,88351,113,110,0,0,0,0
2020-09-16,"New South Wales","NSW",4185,53,2518555,4185,2802,11,5,3,0
2020-09-16,"Northern Territory","NT",33,0,42027,33,33,0,0,0,0
2020-09-16,"Queensland","QLD",1149,6,1037189,1149,1111,8,0,0,0
2020-09-16,"South Australia","SA",466,4,430383,466,462,0,0,0,0
2020-09-16,"Tasmania","TAS",230,13,96719,230,217,0,0,0,0
2020-09-16,"Victoria","VIC",19943,740,2520887,19943,18153,107,11,6,0
2020-09-16,"Western Australia","WA",660,9,390273,660,646,0,0,0,0
2020-09-17,"Australian Capital Territory","ACT",113,3,88759,113,110,0,0,0,0
2020-09-17,"New South Wales","NSW",4190,53,2538966,4190,2802,12,4,3,0
2020-09-17,"Northern Territory","NT",33,0,42823,33,33,0,0,0,0
2020-09-17,"Queensland","QLD",1150,6,1048832,1150,1111,8,0,0,0
2020-09-17,"South Australia","SA",466,4,433954,466,462,0,0,0,0
2020-09-17,"Tasmania","TAS",230,13,97365,230,217,0,0,0,0
2020-09-17,"Victoria","VIC",19970,748,2535134,19970,18217,97,12,6,0
2020-09-17,"Western Australia","WA",661,9,392908,661,648,0,0,0,0
2020-09-18,"Australian Capital Territory","ACT",113,3,89223,113,110,0,0,0,0
2020-09-18,"New South Wales","NSW",4196,53,2555809,4196,2802,11,4,2,0
2020-09-18,"Northern Territory","NT",33,0,43048,33,33,0,0,0,0
2020-09-18,"Queensland","QLD",1150,6,1054583,1150,1112,7,0,0,0
2020-09-18,"South Australia","SA",466,4,437295,466,462,0,0,0,0
2020-09-18,"Tasmania","TAS",230,13,97759,230,217,0,0,0,0
2020-09-18,"Victoria","VIC",20012,753,2551044,20012,18278,90,11,7,0
2020-09-18,"Western Australia","WA",661,9,395402,661,649,0,0,0,0
2020-09-19,"Australian Capital Territory","ACT",113,3,89668,113,110,0,0,0,0
2020-09-19,"New South Wales","NSW",4198,53,2571048,4198,2802,12,4,2,0
2020-09-19,"Northern Territory","NT",33,0,43514,33,33,0,0,0,0
2020-09-19,"Queensland","QLD",1150,6,1061380,1150,1118,5,0,0,0
2020-09-19,"South Australia","SA",466,4,440672,466,462,0,0,0,0
2020-09-19,"Tasmania","TAS",230,13,98533,230,217,0,0,0,0
2020-09-19,"Victoria","VIC",20034,759,2562996,20034,18379,89,8,5,0
2020-09-19,"Western Australia","WA",661,9,395402,661,649,0,0,0,0
2020-09-20,"Australian Capital Territory","ACT",113,3,89963,113,110,0,0,0,0
2020-09-20,"New South Wales","NSW",4200,54,2584683,4200,2802,11,2,1,0
2020-09-20,"Northern Territory","NT",33,0,43758,33,33,0,0,0,0
2020-09-20,"Queensland","QLD",1152,6,1065078,1152,1123,4,0,0,0
2020-09-20,"South Australia","SA",466,4,443097,466,462,0,0,0,0
2020-09-20,"Tasmania","TAS",230,13,98814,230,217,0,0,0,0
2020-09-20,"Victoria","VIC",20042,764,2575457,20042,18473,94,8,5,0
2020-09-20,"Western Australia","WA",662,9,395402,662,650,0,0,0,0
2020-09-21,"Australian Capital Territory","ACT",113,3,90188,113,110,0,0,0,0
2020-09-21,"New South Wales","NSW",4204,54,2592448,4204,2802,11,2,1,0
2020-09-21,"Northern Territory","NT",33,0,44178,33,33,0,0,0,0
2020-09-21,"Queensland","QLD",1153,6,1067786,1153,1124,4,0,0,0
2020-09-21,"South Australia","SA",466,4,445080,466,462,0,0,0,0
2020-09-21,"Tasmania","TAS",230,13,99189,230,217,0,0,0,0
2020-09-21,"Victoria","VIC",20051,766,2582621,20051,18567,92,6,3,0
2020-09-21,"Western Australia","WA",662,9,398198,662,650,0,0,0,0
2020-09-22,"Australian Capital Territory","ACT",113,3,90782,113,110,0,0,0,0
2020-09-22,"New South Wales","NSW",4206,54,2600064,4206,2802,12,3,1,0
2020-09-22,"Northern Territory","NT",33,0,44460,33,33,0,0,0,0
2020-09-22,"Queensland","QLD",1153,6,1072684,1153,1124,4,0,0,0
2020-09-22,"South Australia","SA",466,4,447220,466,462,0,0,0,0
2020-09-22,"Tasmania","TAS",230,13,99662,230,217,0,0,0,0
2020-09-22,"Victoria","VIC",20076,769,2593744,20076,18628,83,8,5,0
2020-09-22,"Western Australia","WA",665,9,402667,665,650,1,0,0,0
2020-09-23,"Australian Capital Territory","ACT",113,3,91458,113,110,0,0,0,0
2020-09-23,"New South Wales","NSW",4212,54,2616823,4212,2802,11,3,1,0
2020-09-23,"Northern Territory","NT",33,0,45022,33,33,0,0,0,0
2020-09-23,"Queensland","QLD",1153,6,1077563,1153,1124,2,0,0,0
2020-09-23,"South Australia","SA",468,4,447774,468,462,0,0,0,0
2020-09-23,"Tasmania","TAS",230,13,100322,230,217,0,0,0,0
2020-09-23,"Victoria","VIC",20100,774,2609485,20100,18713,75,8,6,0
2020-09-23,"Western Australia","WA",665,9,405246,665,650,1,0,0,0
2020-09-24,"Australian Capital Territory","ACT",113,3,92035,113,110,0,0,0,0
2020-09-24,"New South Wales","NSW",4213,54,2634215,4213,2802,11,3,1,0
2020-09-24,"Northern Territory","NT",33,0,45561,33,33,0,0,0,0
2020-09-24,"Queensland","QLD",1153,6,1084841,1153,1125,2,0,0,0
2020-09-24,"South Australia","SA",468,4,453530,468,462,0,0,0,0
2020-09-24,"Tasmania","TAS",230,13,101016,230,217,0,0,0,0
2020-09-24,"Victoria","VIC",20105,776,2622822,20105,18738,67,8,6,0
2020-09-24,"Western Australia","WA",668,9,407307,668,650,1,0,0,0
2020-09-25,"Australian Capital Territory","ACT",113,3,92467,113,110,0,0,0,0
2020-09-25,"New South Wales","NSW",4217,54,2647901,4217,2802,10,3,1,0
2020-09-25,"Northern Territory","NT",33,0,45937,33,33,0,0,0,0
2020-09-25,"Queensland","QLD",1153,6,1089865,1153,1141,2,0,0,0
2020-09-25,"South Australia","SA",468,4,456575,468,462,0,0,0,0
2020-09-25,"Tasmania","TAS",230,13,101617,230,217,0,0,0,0
2020-09-25,"Victoria","VIC",20118,784,2635282,20118,18794,58,8,6,0
2020-09-25,"Western Australia","WA",668,9,410171,668,650,1,0,0,0
2020-09-26,"Australian Capital Territory","ACT",113,3,92871,113,110,0,0,0,0
2020-09-26,"New South Wales","NSW",4218,54,2660159,4218,2802,9,3,0,0
2020-09-26,"Northern Territory","NT",33,0,46313,33,33,0,0,0,0
2020-09-26,"Queensland","QLD",1156,6,1094924,1156,1141,5,0,0,0
2020-09-26,"South Australia","SA",468,4,459829,468,462,0,0,0,0
2020-09-26,"Tasmania","TAS",230,13,101944,230,217,0,0,0,0
2020-09-26,"Victoria","VIC",20129,785,2651309,20129,18842,53,9,5,0
2020-09-26,"Western Australia","WA",669,9,410171,669,650,1,0,0,0
2020-09-27,"Australian Capital Territory","ACT",113,3,93154,113,110,0,0,0,0
2020-09-27,"New South Wales","NSW",4218,54,2672392,4218,2802,9,3,0,0
2020-09-27,"Northern Territory","NT",33,0,46478,33,33,0,0,0,0
2020-09-27,"Queensland","QLD",1157,6,1097964,1157,1141,5,0,0,0
2020-09-27,"South Australia","SA",468,4,461796,468,462,0,0,0,0
2020-09-27,"Tasmania","TAS",230,13,102279,230,217,0,0,0,0
2020-09-27,"Victoria","VIC",20145,787,2661989,20145,18901,51,9,5,0
2020-09-27,"Western Australia","WA",676,9,410171,676,651,1,0,0,0
2020-09-28,"Australian Capital Territory","ACT",113,3,93420,113,110,0,0,0,0
2020-09-28,"New South Wales","NSW",4218,54,2678745,4218,2802,8,3,0,0
2020-09-28,"Northern Territory","NT",33,0,46763,33,33,0,0,0,0
2020-09-28,"Queensland","QLD",1157,6,1099835,1157,1141,5,0,0,0
2020-09-28,"South Australia","SA",468,4,463055,468,462,0,0,0,0
2020-09-28,"Tasmania","TAS",230,13,102537,230,217,0,0,0,0
2020-09-28,"Victoria","VIC",20149,790,2668796,20149,18942,49,8,4,0
2020-09-28,"Western Australia","WA",676,9,410171,676,653,0,0,0,0
2020-09-29,"Australian Capital Territory","ACT",113,3,93811,113,110,0,0,0,0
2020-09-29,"New South Wales","NSW",4220,54,2685126,4220,2802,9,3,0,0
2020-09-29,"Northern Territory","NT",33,0,47213,33,33,0,0,0,0
2020-09-29,"Queensland","QLD",1157,6,1104203,1157,1141,5,0,0,0
2020-09-29,"South Australia","SA",468,4,465690,468,462,0,0,0,0
2020-09-29,"Tasmania","TAS",230,13,102821,230,217,0,0,0,0
2020-09-29,"Victoria","VIC",20158,797,2677022,20158,18978,46,5,4,0
2020-09-29,"Western Australia","WA",684,9,413446,684,653,0,0,0,0
2020-09-30,"Australian Capital Territory","ACT",113,3,94291,113,110,0,0,0,0
2020-09-30,"New South Wales","NSW",4224,54,2698701,4224,2802,8,3,0,0
2020-09-30,"Northern Territory","NT",33,0,47527,33,33,0,0,0,0
2020-09-30,"Queensland","QLD",1157,6,1110992,1157,1142,3,0,0,0
2020-09-30,"South Australia","SA",468,4,468740,468,464,0,0,0,0
2020-09-30,"Tasmania","TAS",230,13,103420,230,217,0,0,0,0
2020-09-30,"Victoria","VIC",20169,801,2694959,20169,19006,44,6,3,0
2020-09-30,"Western Australia","WA",684,9,418773,684,653,0,0,0,0
2020-10-01,"Australian Capital Territory","ACT",113,3,94748,113,110,0,0,0,0
2020-10-01,"New South Wales","NSW",4227,54,2711773,4227,2802,9,3,0,0
2020-10-01,"Northern Territory","NT",33,0,48065,33,33,0,0,0,0
2020-10-01,"Queensland","QLD",1157,6,1116750,1157,1143,3,0,0,0
2020-10-01,"South Australia","SA",468,4,471730,468,464,0,0,0,0
2020-10-01,"Tasmania","TAS",230,13,104055,230,217,0,0,0,0
2020-10-01,"Victoria","VIC",20183,803,2709668,20183,19034,38,6,3,0
2020-10-01,"Western Australia","WA",685,9,422862,685,654,0,0,0,0
2020-10-02,"Australian Capital Territory","ACT",113,3,95231,113,110,0,0,0,0
2020-10-02,"New South Wales","NSW",4231,54,2723116,4231,2802,8,2,0,0
2020-10-02,"Northern Territory","NT",33,0,48445,33,33,0,0,0,0
2020-10-02,"Queensland","QLD",1160,6,1122006,1160,1147,5,0,0,0
2020-10-02,"South Australia","SA",470,4,474990,470,464,0,0,0,0
2020-10-02,"Tasmania","TAS",230,13,104649,230,217,0,0,0,0
2020-10-02,"Victoria","VIC",20191,805,2722218,20191,19068,38,4,3,0
2020-10-02,"Western Australia","WA",685,9,425925,685,656,0,0,0,0
2020-10-03,"Australian Capital Territory","ACT",113,3,95569,113,110,0,0,0,0
2020-10-03,"New South Wales","NSW",4232,54,2733450,4232,2802,10,2,0,0
2020-10-03,"Northern Territory","NT",33,0,48850,33,33,0,0,0,0
2020-10-03,"Queensland","QLD",1160,6,1126673,1160,1147,5,0,0,0
2020-10-03,"South Australia","SA",470,4,477585,470,465,0,0,0,0
2020-10-03,"Tasmania","TAS",230,13,105182,230,217,0,0,0,0
2020-10-03,"Victoria","VIC",20197,808,2733499,20197,19091,34,4,3,0
2020-10-03,"Western Australia","WA",686,9,425925,686,657,0,0,0,0
2020-10-04,"Australian Capital Territory","ACT",113,3,95822,113,110,0,0,0,0
2020-10-04,"New South Wales","NSW",4234,54,2741755,4234,2802,10,3,0,0
2020-10-04,"Northern Territory","NT",33,0,49000,33,33,0,0,0,0
2020-10-04,"Queensland","QLD",1160,6,1129434,1160,1148,5,0,0,0
2020-10-04,"South Australia","SA",471,4,479977,471,466,0,0,0,0
2020-10-04,"Tasmania","TAS",230,13,105515,230,217,0,0,0,0
2020-10-04,"Victoria","VIC",20209,809,2745493,20209,19102,31,3,1,0
2020-10-04,"Western Australia","WA",686,9,425925,686,660,0,0,0,0
2020-10-05,"Australian Capital Territory","ACT",113,3,96008,113,110,0,0,0,0
2020-10-05,"New South Wales","NSW",4235,54,2746544,4235,2802,11,3,0,0
2020-10-05,"Northern Territory","NT",33,0,49224,33,33,0,0,0,0
2020-10-05,"Queensland","QLD",1160,6,1131427,1160,1148,5,0,0,0
2020-10-05,"South Australia","SA",471,4,481145,471,466,0,0,0,0
2020-10-05,"Tasmania","TAS",230,13,105762,230,217,0,0,0,0
2020-10-05,"Victoria","VIC",20220,809,2754516,20220,19126,30,3,2,0
2020-10-05,"Western Australia","WA",687,9,430897,687,662,0,0,0,0
2020-10-06,"Australian Capital Territory","ACT",113,3,96263,113,110,0,0,0,0
2020-10-06,"New South Wales","NSW",4246,54,2751929,4246,2802,10,3,0,0
2020-10-06,"Northern Territory","NT",33,0,49696,33,33,0,0,0,0
2020-10-06,"Queensland","QLD",1160,6,1133933,1160,1148,6,1,0,0
2020-10-06,"South Australia","SA",472,4,483142,472,465,0,0,0,0
2020-10-06,"Tasmania","TAS",230,13,106374,230,217,0,0,0,0
2020-10-06,"Victoria","VIC",20233,810,2763802,20233,19149,21,1,2,0
2020-10-06,"Western Australia","WA",687,9,434333,687,664,0,0,0,0
2020-10-07,"Australian Capital Territory","ACT",113,3,96714,113,110,0,0,0,0
2020-10-07,"New South Wales","NSW",4249,54,2757899,4249,2802,10,3,0,0
2020-10-07,"Northern Territory","NT",33,0,50012,33,33,0,0,0,0
2020-10-07,"Queensland","QLD",1160,6,1138080,1160,1148,6,1,0,0
2020-10-07,"South Australia","SA",472,4,485518,472,465,0,0,0,0
2020-10-07,"Tasmania","TAS",230,13,106974,230,217,0,0,0,0
2020-10-07,"Victoria","VIC",20237,812,2780231,20237,19162,16,2,0,0
2020-10-07,"Western Australia","WA",688,9,437264,688,670,0,0,0,0
2020-10-08,"Australian Capital Territory","ACT",113,3,97294,113,110,0,0,0,0
2020-10-08,"New South Wales","NSW",4261,54,2770397,4261,2802,10,1,0,0
2020-10-08,"Northern Territory","NT",33,0,50453,33,33,0,0,0,0
2020-10-08,"Queensland","QLD",1160,6,1144809,1160,1149,4,1,0,0
2020-10-08,"South Australia","SA",472,4,488941,472,465,0,0,0,0
2020-10-08,"Tasmania","TAS",230,13,107662,230,217,0,0,0,0
2020-10-08,"Victoria","VIC",20247,812,2795529,20247,19174,17,1,0,0
2020-10-08,"Western Australia","WA",690,9,439993,690,670,0,0,0,0
2020-10-09,"Australian Capital Territory","ACT",113,3,97734,113,110,0,0,0,0
2020-10-09,"New South Wales","NSW",4271,54,2783265,4271,2802,7,2,0,0
2020-10-09,"Northern Territory","NT",33,0,50770,33,33,0,0,0,0
2020-10-09,"Queensland","QLD",1160,6,1150364,1160,1152,4,1,0,0
2020-10-09,"South Australia","SA",473,4,492572,473,465,0,0,0,0
2020-10-09,"Tasmania","TAS",230,13,108074,230,217,0,0,0,0
2020-10-09,"Victoria","VIC",20257,812,2811114,20257,19192,17,1,0,0
2020-10-09,"Western Australia","WA",692,9,442299,692,670,0,0,0,0
2020-10-10,"Australian Capital Territory","ACT",113,3,98138,113,110,0,0,0,0
2020-10-10,"New South Wales","NSW",4273,54,2798704,4273,2802,7,2,0,0
2020-10-10,"Northern Territory","NT",33,0,51145,33,33,0,0,0,0
2020-10-10,"Queensland","QLD",1161,6,1155148,1161,1152,3,1,0,0
2020-10-10,"South Australia","SA",473,4,495172,473,465,0,0,0,0
2020-10-10,"Tasmania","TAS",230,13,108423,230,217,0,0,0,0
2020-10-10,"Victoria","VIC",20269,812,2827761,20269,19207,21,1,0,0
2020-10-10,"Western Australia","WA",692,9,442299,692,670,0,0,0,0
2020-10-11,"Australian Capital Territory","ACT",113,3,98458,113,110,0,0,0,0
2020-10-11,"New South Wales","NSW",4277,54,2811527,4277,2802,7,1,0,0
2020-10-11,"Northern Territory","NT",33,0,51346,33,33,0,0,0,0
2020-10-11,"Queensland","QLD",1161,6,1157573,1161,1152,3,0,0,0
2020-10-11,"South Australia","SA",475,4,497477,475,466,0,0,0,0
2020-10-11,"Tasmania","TAS",230,13,108745,230,217,0,0,0,0
2020-10-11,"Victoria","VIC",20281,813,2840686,20281,19218,21,1,0,0
2020-10-11,"Western Australia","WA",694,9,442299,694,670,0,0,0,0
2020-10-12,"Australian Capital Territory","ACT",113,3,98758,113,110,0,0,0,0
2020-10-12,"New South Wales","NSW",4283,54,2818918,4283,2802,7,1,0,0
2020-10-12,"Northern Territory","NT",33,0,51565,33,33,0,0,0,0
2020-10-12,"Queensland","QLD",1161,6,1159560,1161,1154,3,0,0,0
2020-10-12,"South Australia","SA",475,4,499516,475,467,0,0,0,0
2020-10-12,"Tasmania","TAS",230,13,108998,230,217,0,0,0,0
2020-10-12,"Victoria","VIC",20295,813,2850794,20295,19229,21,0,0,0
2020-10-12,"Western Australia","WA",696,9,447449,696,671,1,0,0,0
2020-10-13,"Australian Capital Territory","ACT",113,3,99444,113,110,0,0,0,0
2020-10-13,"New South Wales","NSW",4295,54,2827527,4295,2802,7,1,0,0
2020-10-13,"Northern Territory","NT",33,0,52157,33,33,0,0,0,0
2020-10-13,"Queensland","QLD",1161,6,1163795,1161,1154,1,0,0,0
2020-10-13,"South Australia","SA",476,4,502101,476,468,0,0,0,0
2020-10-13,"Tasmania","TAS",230,13,109442,230,217,0,0,0,0
2020-10-13,"Victoria","VIC",20305,814,2858995,20305,19243,23,0,0,0
2020-10-13,"Western Australia","WA",703,9,449527,703,676,1,0,0,0
2020-10-14,"Australian Capital Territory","ACT",113,3,99986,113,110,0,0,0,0
2020-10-14,"New South Wales","NSW",4310,54,2843545,4310,2802,4,1,0,0
2020-10-14,"Northern Territory","NT",33,0,52470,33,33,0,0,0,0
2020-10-14,"Queensland","QLD",1161,6,1169423,1161,1154,1,0,0,0
2020-10-14,"South Australia","SA",479,4,504958,479,469,0,0,0,0
2020-10-14,"Tasmania","TAS",230,13,110121,230,217,0,0,0,0
2020-10-14,"Victoria","VIC",20311,819,2875056,20311,19248,23,0,0,0
2020-10-14,"Western Australia","WA",704,9,454044,704,676,0,0,0,0
2020-10-15,"Australian Capital Territory","ACT",113,3,100515,113,110,0,0,0,0
2020-10-15,"New South Wales","NSW",4321,54,2859347,4321,2802,4,1,0,0
2020-10-15,"Northern Territory","NT",33,0,53011,33,33,0,0,0,0
2020-10-15,"Queensland","QLD",1162,6,1174703,1162,1154,1,0,0,0
2020-10-15,"South Australia","SA",479,4,508065,479,471,0,0,0,0
2020-10-15,"Tasmania","TAS",230,13,110605,230,217,0,0,0,0
2020-10-15,"Victoria","VIC",20315,819,2890495,20315,19259,21,0,0,0
2020-10-15,"Western Australia","WA",709,9,456375,709,676,0,0,0,0
2020-10-16,"Australian Capital Territory","ACT",113,3,100743,113,110,0,0,0,0
2020-10-16,"New South Wales","NSW",4326,54,2875738,4326,2802,5,1,0,0
2020-10-16,"Northern Territory","NT",33,0,53482,33,33,0,0,0,0
2020-10-16,"Queensland","QLD",1164,6,1179441,1164,1154,1,0,0,0
2020-10-16,"South Australia","SA",479,4,511290,479,471,0,0,0,0
2020-10-16,"Tasmania","TAS",230,13,111097,230,217,0,0,0,0
2020-10-16,"Victoria","VIC",20317,819,2906876,20317,19279,14,0,0,0
2020-10-16,"Western Australia","WA",709,9,458327,709,683,0,0,0,0
2020-10-17,"Australian Capital Territory","ACT",113,3,101415,113,110,0,0,0,0
2020-10-17,"New South Wales","NSW",4333,54,2890116,4333,2802,3,1,0,0
2020-10-17,"Northern Territory","NT",33,0,53804,33,33,0,0,0,0
2020-10-17,"Queensland","QLD",1164,6,1184163,1164,1154,2,0,0,0
2020-10-17,"South Australia","SA",482,4,513962,482,472,0,0,0,0
2020-10-17,"Tasmania","TAS",230,13,111771,230,217,0,0,0,0
2020-10-17,"Victoria","VIC",20317,819,2925810,20317,19287,13,0,0,0
2020-10-17,"Western Australia","WA",711,9,458327,711,683,0,0,0,0
2020-10-18,"Australian Capital Territory","ACT",113,3,101468,113,110,0,0,0,0
2020-10-18,"New South Wales","NSW",4338,54,2903101,4338,2802,2,1,0,0
2020-10-18,"Northern Territory","NT",33,0,53959,33,33,0,0,0,0
2020-10-18,"Queensland","QLD",1164,6,1186578,1164,1154,2,0,0,0
2020-10-18,"South Australia","SA",484,4,516219,484,472,0,0,0,0
2020-10-18,"Tasmania","TAS",230,13,112028,230,217,0,0,0,0
2020-10-18,"Victoria","VIC",20315,819,2944356,20315,19295,12,0,0,0
2020-10-18,"Western Australia","WA",714,9,458327,714,685,0,0,0,0
2020-10-19,"Australian Capital Territory","ACT",113,3,101648,113,110,0,0,0,0
2020-10-19,"New South Wales","NSW",4342,54,2910053,4342,2802,3,1,0,0
2020-10-19,"Northern Territory","NT",33,0,54086,33,33,0,0,0,0
2020-10-19,"Queensland","QLD",1164,6,1188355,1164,1154,2,0,0,0
2020-10-19,"South Australia","SA",484,4,517904,484,472,0,0,0,0
2020-10-19,"Tasmania","TAS",230,13,112207,230,217,0,0,0,0
2020-10-19,"Victoria","VIC",20319,820,2955149,20319,19299,12,0,0,0
2020-10-19,"Western Australia","WA",714,9,463972,714,685,0,0,0,0
2020-10-20,"Australian Capital Territory","ACT",113,3,102374,113,110,0,0,0,0
2020-10-20,"New South Wales","NSW",4347,54,2917454,4347,2802,4,1,0,0
2020-10-20,"Northern Territory","NT",33,0,54412,33,33,0,0,0,0
2020-10-20,"Queensland","QLD",1164,6,1192435,1164,1154,2,0,0,0
2020-10-20,"South Australia","SA",484,4,519971,484,472,0,0,0,0
2020-10-20,"Tasmania","TAS",230,13,112446,230,217,0,0,0,0
2020-10-20,"Victoria","VIC",20321,820,2967085,20321,19313,11,0,0,0
2020-10-20,"Western Australia","WA",738,9,466070,738,685,0,0,0,0
2020-10-21,"Australian Capital Territory","ACT",113,3,102802,113,110,0,0,0,0
2020-10-21,"New South Wales","NSW",4356,54,2932386,4356,2802,4,1,0,0
2020-10-21,"Northern Territory","NT",33,0,54886,33,33,0,0,0,0
2020-10-21,"Queensland","QLD",1165,6,1198424,1165,1154,2,0,0,0
2020-10-21,"South Australia","SA",485,4,522919,485,473,0,0,0,0
2020-10-21,"Tasmania","TAS",230,13,113050,230,217,0,0,0,0
2020-10-21,"Victoria","VIC",20323,820,2984494,20323,19329,10,0,0,0
2020-10-21,"Western Australia","WA",739,9,469045,739,690,0,0,0,0
2020-10-22,"Australian Capital Territory","ACT",114,3,103319,114,110,0,0,0,0
2020-10-22,"New South Wales","NSW",4363,54,2947715,4363,2802,5,1,0,0
2020-10-22,"Northern Territory","NT",33,0,55337,33,33,0,0,0,0
2020-10-22,"Queensland","QLD",1165,6,1203184,1165,1155,2,0,0,0
2020-10-22,"South Australia","SA",485,4,526192,485,473,0,0,0,0
2020-10-22,"Tasmania","TAS",230,13,113652,230,217,0,0,0,0
2020-10-22,"Victoria","VIC",20329,820,3002936,20329,19340,9,0,0,0
2020-10-22,"Western Australia","WA",747,9,471489,747,690,0,0,0,0
2020-10-23,"Australian Capital Territory","ACT",114,3,103791,114,110,0,0,0,0
2020-10-23,"New South Wales","NSW",4370,54,2961401,4370,2802,7,0,0,0
2020-10-23,"Northern Territory","NT",33,0,55826,33,33,0,0,0,0
2020-10-23,"Queensland","QLD",1167,6,1207967,1167,1155,4,0,0,0
2020-10-23,"South Australia","SA",487,4,528925,487,473,0,0,0,0
2020-10-23,"Tasmania","TAS",230,13,113932,230,217,0,0,0,0
2020-10-23,"Victoria","VIC",20330,820,3022364,20330,19346,8,0,0,0
2020-10-23,"Western Australia","WA",753,9,473120,753,692,1,0,0,0
2020-10-24,"Australian Capital Territory","ACT",114,3,104059,114,110,0,0,0,0
2020-10-24,"New South Wales","NSW",4375,54,2974291,4375,2802,6,0,0,0
2020-10-24,"Northern Territory","NT",33,0,56150,33,33,0,0,0,0
2020-10-24,"Queensland","QLD",1167,6,1211609,1167,1155,4,0,0,0
2020-10-24,"South Australia","SA",487,4,532005,487,475,0,0,0,0
2020-10-24,"Tasmania","TAS",230,13,114394,230,217,0,0,0,0
2020-10-24,"Victoria","VIC",20336,820,3039583,20336,19354,8,0,0,0
2020-10-24,"Western Australia","WA",757,9,473120,757,692,1,0,0,0
2020-10-25,"Australian Capital Territory","ACT",114,3,104285,114,110,0,0,0,0
2020-10-25,"New South Wales","NSW",4382,54,2986756,4382,2802,6,0,0,0
2020-10-25,"Northern Territory","NT",33,0,56316,33,33,0,0,0,0
2020-10-25,"Queensland","QLD",1167,6,1214121,1167,1155,4,0,0,0
2020-10-25,"South Australia","SA",491,4,534150,491,475,0,0,0,0
2020-10-25,"Tasmania","TAS",230,13,114617,230,217,0,0,0,0
2020-10-25,"Victoria","VIC",20343,820,3052477,20343,19359,7,0,0,0
2020-10-25,"Western Australia","WA",760,9,473120,760,694,0,0,0,0
2020-10-26,"Australian Capital Territory","ACT",114,3,104681,114,110,0,0,0,0
2020-10-26,"New South Wales","NSW",4386,54,2994203,4386,2802,8,0,0,0
2020-10-26,"Northern Territory","NT",33,0,56651,33,33,0,0,0,0
2020-10-26,"Queensland","QLD",1167,6,1215772,1167,1157,2,0,0,0
2020-10-26,"South Australia","SA",494,4,536113,494,478,0,0,0,0
2020-10-26,"Tasmania","TAS",230,13,114731,230,217,0,0,0,0
2020-10-26,"Victoria","VIC",20341,820,3066501,20341,19366,6,0,0,0
2020-10-26,"Western Australia","WA",762,9,478376,762,700,0,0,0,0
2020-10-27,"Australian Capital Territory","ACT",114,3,105163,114,110,0,0,0,0
2020-10-27,"New South Wales","NSW",4398,54,3000641,4398,2802,8,1,0,0
2020-10-27,"Northern Territory","NT",33,0,57069,33,33,0,0,0,0
2020-10-27,"Queensland","QLD",1167,6,1219570,1167,1157,2,0,0,0
2020-10-27,"South Australia","SA",494,4,538497,494,479,0,0,0,0
2020-10-27,"Tasmania","TAS",230,13,115108,230,217,0,0,0,0
2020-10-27,"Victoria","VIC",20341,820,3081980,20341,19370,5,0,0,0
2020-10-27,"Western Australia","WA",764,9,480530,764,700,0,0,0,0
2020-10-28,"Australian Capital Territory","ACT",114,3,105737,114,110,0,0,0,0
2020-10-28,"New South Wales","NSW",4406,54,3015023,4406,2802,7,1,0,0
2020-10-28,"Northern Territory","NT",34,0,57427,34,33,0,0,0,0
2020-10-28,"Queensland","QLD",1169,6,1224099,1169,1157,3,0,0,0
2020-10-28,"South Australia","SA",495,4,542038,495,479,0,0,0,0
2020-10-28,"Tasmania","TAS",230,13,115990,230,217,0,0,0,0
2020-10-28,"Victoria","VIC",20342,822,3106653,20342,19376,3,0,0,0
2020-10-28,"Western Australia","WA",765,9,483274,765,706,0,0,0,0
2020-10-29,"Australian Capital Territory","ACT",114,3,106177,114,110,0,0,0,0
2020-10-29,"New South Wales","NSW",4411,54,3029253,4411,2802,7,1,0,0
2020-10-29,"Northern Territory","NT",38,0,57962,38,33,4,0,0,0
2020-10-29,"Queensland","QLD",1171,6,1229045,1171,1159,3,0,0,0
2020-10-29,"South Australia","SA",496,4,545230,496,482,0,0,0,0
2020-10-29,"Tasmania","TAS",230,13,116415,230,217,0,0,0,0
2020-10-29,"Victoria","VIC",20344,822,3130788,20344,19382,5,0,0,0
2020-10-29,"Western Australia","WA",766,9,486041,766,708,0,0,0,0
2020-10-30,"Australian Capital Territory","ACT",114,3,106715,114,111,0,0,0,0
2020-10-30,"New South Wales","NSW",4417,54,3042039,4417,2802,7,1,0,0
2020-10-30,"Northern Territory","NT",38,0,58329,38,33,5,0,0,0
2020-10-30,"Queensland","QLD",1172,6,1233236,1172,1159,3,0,0,0
2020-10-30,"South Australia","SA",497,4,548675,497,483,0,0,0,0
2020-10-30,"Tasmania","TAS",230,13,117087,230,217,0,0,0,0
2020-10-30,"Victoria","VIC",20347,822,3154371,20347,19381,5,0,0,0
2020-10-30,"Western Australia","WA",767,9,487990,767,712,0,0,0,0
2020-10-31,"Australian Capital Territory","ACT",114,3,106976,114,111,0,0,0,0
2020-10-31,"New South Wales","NSW",4421,54,3055173,4421,2802,6,1,0,0
2020-10-31,"Northern Territory","NT",38,0,58766,38,33,5,0,0,0
2020-10-31,"Queensland","QLD",1171,6,1236847,1171,1160,4,0,0,0
2020-10-31,"South Australia","SA",501,4,551799,501,483,0,0,0,0
2020-10-31,"Tasmania","TAS",230,13,117507,230,217,0,0,0,0
2020-10-31,"Victoria","VIC",20347,822,3174221,20347,19457,2,0,0,0
2020-10-31,"Western Australia","WA",768,9,487990,768,715,0,0,0,0
2020-11-01,"Australian Capital Territory","ACT",114,3,107202,114,111,0,0,0,0
2020-11-01,"New South Wales","NSW",4425,54,3069924,4425,2802,6,1,1,0
2020-11-01,"Northern Territory","NT",38,0,58967,38,33,5,0,0,0
2020-11-01,"Queensland","QLD",1172,6,1239418,1172,1160,4,0,0,0
2020-11-01,"South Australia","SA",501,4,553753,501,483,0,0,0,0
2020-11-01,"Tasmania","TAS",230,13,117713,230,217,0,0,0,0
2020-11-01,"Victoria","VIC",20346,822,3190219,20346,19466,2,0,0,0
2020-11-01,"Western Australia","WA",769,9,487990,769,718,0,0,0,0
2020-11-02,"Australian Capital Territory","ACT",114,3,107484,114,111,0,0,0,0
2020-11-02,"New South Wales","NSW",4432,54,3077355,4432,2802,6,1,1,0
2020-11-02,"Northern Territory","NT",38,0,59140,38,33,5,0,0,0
2020-11-02,"Queensland","QLD",1172,6,1241130,1172,1163,3,0,0,0
2020-11-02,"South Australia","SA",501,4,555592,501,485,0,0,0,0
2020-11-02,"Tasmania","TAS",230,13,117912,230,217,0,0,0,0
2020-11-02,"Victoria","VIC",20345,822,3203175,20345,19477,2,0,0,0
2020-11-02,"Western Australia","WA",770,9,493613,770,722,0,0,0,0
2020-11-03,"Australian Capital Territory","ACT",114,3,108157,114,111,0,0,0,0
2020-11-03,"New South Wales","NSW",4435,54,3085905,4435,2802,5,1,1,0
2020-11-03,"Northern Territory","NT",38,0,59528,38,33,5,0,0,0
2020-11-03,"Queensland","QLD",1175,6,1245093,1175,1163,3,0,0,0
2020-11-03,"South Australia","SA",503,4,558519,503,486,0,0,0,0
2020-11-03,"Tasmania","TAS",230,13,118021,230,217,0,0,0,0
2020-11-03,"Victoria","VIC",20345,822,3216016,20345,19488,2,0,0,0
2020-11-03,"Western Australia","WA",770,9,495932,770,738,0,0,0,0
2020-11-04,"Australian Capital Territory","ACT",114,3,108682,114,111,0,0,0,0
2020-11-04,"New South Wales","NSW",4443,54,3102941,4443,2802,5,1,1,0
2020-11-04,"Northern Territory","NT",38,0,59981,38,33,5,0,0,0
2020-11-04,"Queensland","QLD",1177,6,1250335,1177,1165,8,0,0,0
2020-11-04,"South Australia","SA",504,4,561909,504,488,0,0,0,0
2020-11-04,"Tasmania","TAS",230,13,118398,230,217,0,0,0,0
2020-11-04,"Victoria","VIC",20345,822,3233373,20345,19496,2,0,0,0
2020-11-04,"Western Australia","WA",771,9,497944,771,748,0,0,0,0
2020-11-05,"Australian Capital Territory","ACT",114,3,109057,114,111,0,0,0,0
2020-11-05,"New South Wales","NSW",4445,54,3121407,4445,2802,6,1,1,0
2020-11-05,"Northern Territory","NT",39,0,60474,39,33,5,0,0,0
2020-11-05,"Queensland","QLD",1177,6,1255382,1177,1163,8,0,0,0
2020-11-05,"South Australia","SA",509,4,565353,509,489,0,0,0,0
2020-11-05,"Tasmania","TAS",230,13,118864,230,217,0,0,0,0
2020-11-05,"Victoria","VIC",20345,822,3246852,20345,19506,2,0,0,0
2020-11-05,"Western Australia","WA",775,9,499753,775,750,0,0,0,0
2020-11-06,"Australian Capital Territory","ACT",114,3,109532,114,111,0,0,0,0
2020-11-06,"New South Wales","NSW",4454,54,3138899,4454,2802,4,1,1,0
2020-11-06,"Northern Territory","NT",39,0,60769,39,33,6,0,0,0
2020-11-06,"Queensland","QLD",1177,6,1259722,1177,1163,8,0,0,0
2020-11-06,"South Australia","SA",510,4,568120,510,489,0,0,0,0
2020-11-06,"Tasmania","TAS",230,13,119620,230,217,0,0,0,0
2020-11-06,"Victoria","VIC",20345,822,3265523,20345,19511,2,0,0,0
2020-11-06,"Western Australia","WA",776,9,501428,776,751,0,0,0,0
2020-11-07,"Australian Capital Territory","ACT",114,3,109877,114,111,0,0,0,0
2020-11-07,"New South Wales","NSW",4459,54,3153596,4459,2802,3,1,1,0
2020-11-07,"Northern Territory","NT",39,0,61077,39,33,6,0,0,0
2020-11-07,"Queensland","QLD",1177,6,1263289,1177,1163,8,0,0,0
2020-11-07,"South Australia","SA",512,4,570672,512,490,0,0,0,0
2020-11-07,"Tasmania","TAS",230,13,119979,230,217,0,0,0,0
2020-11-07,"Victoria","VIC",20345,822,3282437,20345,19518,2,0,0,0
2020-11-07,"Western Australia","WA",776,9,501428,776,755,0,0,0,0
2020-11-08,"Australian Capital Territory","ACT",114,3,110041,114,111,0,0,0,0
2020-11-08,"New South Wales","NSW",4462,54,3167317,4462,2802,3,1,1,0
2020-11-08,"Northern Territory","NT",39,0,61249,39,33,6,0,0,0
2020-11-08,"Queensland","QLD",1177,6,1265567,1177,1163,8,0,0,0
2020-11-08,"South Australia","SA",515,4,572618,515,492,0,0,0,0
2020-11-08,"Tasmania","TAS",230,13,120292,230,217,0,0,0,0
2020-11-08,"Victoria","VIC",20345,822,3299302,20345,19522,2,0,0,0
2020-11-08,"Western Australia","WA",776,9,501428,776,757,0,0,0,0
2020-11-09,"Australian Capital Territory","ACT",114,3,110274,114,111,0,0,0,0
2020-11-09,"New South Wales","NSW",4469,54,3176816,4469,2802,3,1,1,0
2020-11-09,"Northern Territory","NT",40,0,61615,40,33,7,0,0,0
2020-11-09,"Queensland","QLD",1177,6,1267244,1177,1163,8,0,0,0
2020-11-09,"South Australia","SA",517,4,574115,517,495,0,0,0,0
2020-11-09,"Tasmania","TAS",230,13,120524,230,217,0,0,0,0
2020-11-09,"Victoria","VIC",20345,822,3309955,20345,19522,2,0,0,0
2020-11-09,"Western Australia","WA",776,9,506297,776,757,0,0,0,0
2020-11-10,"Australian Capital Territory","ACT",114,3,111078,114,111,0,0,0,0
2020-11-10,"New South Wales","NSW",4474,54,3186874,4474,2802,3,1,1,0
2020-11-10,"Northern Territory","NT",40,0,62266,40,33,7,0,0,0
2020-11-10,"Queensland","QLD",1178,6,1271217,1178,1163,8,0,0,0
2020-11-10,"South Australia","SA",518,4,576485,518,497,0,0,0,0
2020-11-10,"Tasmania","TAS",230,13,120958,230,217,0,0,0,0
2020-11-10,"Victoria","VIC",20345,822,3322910,20345,19522,2,0,0,0
2020-11-10,"Western Australia","WA",778,9,508425,778,757,0,0,0,0
2020-11-11,"Australian Capital Territory","ACT",114,3,111757,114,111,0,0,0,0
2020-11-11,"New South Wales","NSW",4478,54,3207460,4478,2802,4,0,0,0
2020-11-11,"Northern Territory","NT",40,0,62610,40,33,7,0,0,0
2020-11-11,"Queensland","QLD",1179,6,1276587,1179,1163,8,0,0,0
2020-11-11,"South Australia","SA",519,4,579055,519,498,1,0,0,0
2020-11-11,"Tasmania","TAS",230,13,121527,230,217,0,0,0,0
2020-11-11,"Victoria","VIC",20345,822,3342896,20345,19522,2,0,0,0
2020-11-11,"Western Australia","WA",780,9,510727,780,757,0,0,0,0
2020-11-12,"Australian Capital Territory","ACT",114,3,112268,114,111,0,0,0,0
2020-11-12,"New South Wales","NSW",4483,54,3230696,4483,2802,4,0,0,0
2020-11-12,"Northern Territory","NT",41,0,63073,41,33,8,0,0,0
2020-11-12,"Queensland","QLD",1182,6,1281637,1182,1163,7,0,0,0
2020-11-12,"South Australia","SA",520,4,582367,520,499,1,0,0,0
2020-11-12,"Tasmania","TAS",230,13,121969,230,217,0,0,0,0
2020-11-12,"Victoria","VIC",20345,822,3363715,20345,19523,2,0,0,0
2020-11-12,"Western Australia","WA",783,9,512756,783,760,0,0,0,0
2020-11-13,"Australian Capital Territory","ACT",114,3,112451,114,111,0,0,0,0
2020-11-13,"New South Wales","NSW",4482,54,3249637,4482,2802,4,0,0,0
2020-11-13,"Northern Territory","NT",46,0,63553,46,33,8,0,0,0
2020-11-13,"Queensland","QLD",1183,6,1285910,1183,1167,7,0,0,0
2020-11-13,"South Australia","SA",520,4,584618,520,500,1,0,0,0
2020-11-13,"Tasmania","TAS",230,13,122366,230,217,0,0,0,0
2020-11-13,"Victoria","VIC",20345,822,3375716,20345,19523,2,0,0,0
2020-11-13,"Western Australia","WA",783,9,514223,783,761,0,0,0,0
2020-11-14,"Australian Capital Territory","ACT",114,3,113024,114,111,0,0,0,0
2020-11-14,"New South Wales","NSW",4486,54,3266821,4486,2802,4,0,0,0
2020-11-14,"Northern Territory","NT",46,0,64098,46,33,8,0,0,0
2020-11-14,"Queensland","QLD",1185,6,1290412,1185,1171,6,0,0,0
2020-11-14,"South Australia","SA",522,4,586972,522,501,1,0,0,0
2020-11-14,"Tasmania","TAS",230,13,122816,230,217,0,0,0,0
2020-11-14,"Victoria","VIC",20345,822,3390330,20345,19523,2,0,0,0
2020-11-14,"Western Australia","WA",783,9,514223,783,761,0,0,0,0
2020-11-15,"Australian Capital Territory","ACT",114,3,113261,114,111,0,0,0,0
2020-11-15,"New South Wales","NSW",4495,54,3284047,4495,2802,5,0,0,0
2020-11-15,"Northern Territory","NT",46,0,64270,46,33,8,0,0,0
2020-11-15,"Queensland","QLD",1185,6,1292903,1185,1171,6,0,0,0
2020-11-15,"South Australia","SA",526,4,589008,526,503,1,0,0,0
2020-11-15,"Tasmania","TAS",230,13,122974,230,217,0,0,0,0
2020-11-15,"Victoria","VIC",20345,822,3398653,20345,19523,2,0,0,0
2020-11-15,"Western Australia","WA",787,9,514223,787,765,0,0,0,0
2020-11-16,"Australian Capital Territory","ACT",114,3,113590,114,111,0,0,0,0
2020-11-16,"New South Wales","NSW",4498,54,3291081,4498,2802,4,0,0,0
2020-11-16,"Northern Territory","NT",46,0,64396,46,38,8,0,0,0
2020-11-16,"Queensland","QLD",1185,6,1294536,1185,1171,8,0,0,0
2020-11-16,"South Australia","SA",544,4,590881,544,506,2,0,0,0
2020-11-16,"Tasmania","TAS",230,13,123188,230,217,0,0,0,0
2020-11-16,"Victoria","VIC",20345,822,3405348,20345,19523,2,0,0,0
2020-11-16,"Western Australia","WA",788,9,518749,788,766,0,0,0,0
2020-11-17,"Australian Capital Territory","ACT",114,3,114279,114,111,0,0,0,0
2020-11-17,"New South Wales","NSW",4502,54,3299669,4502,2802,4,0,0,0
2020-11-17,"Northern Territory","NT",46,0,64773,46,38,8,0,0,0
2020-11-17,"Queensland","QLD",1186,6,1298968,1186,1171,8,0,0,0
2020-11-17,"South Australia","SA",549,4,595427,549,511,1,0,0,0
2020-11-17,"Tasmania","TAS",230,13,123503,230,217,0,0,0,0
2020-11-17,"Victoria","VIC",20345,822,3422760,20345,19523,2,0,0,0
2020-11-17,"Western Australia","WA",788,9,521971,788,767,0,0,0,0
2020-11-18,"Australian Capital Territory","ACT",115,3,115070,115,111,0,0,0,0
2020-11-18,"New South Wales","NSW",4509,54,3316716,4509,2802,2,0,0,0
2020-11-18,"Northern Territory","NT",46,0,65282,46,38,8,0,0,0
2020-11-18,"Queensland","QLD",1187,6,1306380,1187,1171,9,0,0,0
2020-11-18,"South Australia","SA",551,4,605086,551,512,1,0,0,0
2020-11-18,"Tasmania","TAS",230,13,124221,230,217,0,0,0,0
2020-11-18,"Victoria","VIC",20345,822,3440114,20345,19523,2,0,0,0
2020-11-18,"Western Australia","WA",794,9,525177,794,767,0,0,0,0
2020-11-19,"Australian Capital Territory","ACT",115,3,115792,115,111,0,0,0,0
2020-11-19,"New South Wales","NSW",4514,54,3336876,4514,2802,2,0,0,0
2020-11-19,"Northern Territory","NT",46,0,66052,46,39,7,0,0,0
2020-11-19,"Queensland","QLD",1190,6,1313454,1190,1171,12,0,0,0
2020-11-19,"South Australia","SA",550,4,616999,550,512,3,0,0,0
2020-11-19,"Tasmania","TAS",230,13,124929,230,217,0,0,0,0
2020-11-19,"Victoria","VIC",20345,822,3457275,20345,19523,2,0,0,0
2020-11-19,"Western Australia","WA",794,9,527624,794,767,0,0,0,0
2020-11-20,"Australian Capital Territory","ACT",115,3,116324,115,111,0,0,0,0
2020-11-20,"New South Wales","NSW",4517,54,3355267,4517,2802,2,0,0,0
2020-11-20,"Northern Territory","NT",46,0,66819,46,39,7,0,0,0
2020-11-20,"Queensland","QLD",1190,6,1318805,1190,1171,11,0,0,0
2020-11-20,"South Australia","SA",553,4,631458,553,512,2,0,0,0
2020-11-20,"Tasmania","TAS",230,13,125191,230,217,0,0,0,0
2020-11-20,"Victoria","VIC",20345,822,3475749,20345,19524,1,0,0,0
2020-11-20,"Western Australia","WA",796,9,529780,796,767,0,0,0,0
2020-11-21,"Australian Capital Territory","ACT",115,3,116685,115,111,0,0,0,0
2020-11-21,"New South Wales","NSW",4527,54,3371596,4527,2802,3,0,0,0
2020-11-21,"Northern Territory","NT",46,0,67566,46,39,7,0,0,0
2020-11-21,"Queensland","QLD",1192,6,1322370,1192,1171,13,0,0,0
2020-11-21,"South Australia","SA",554,4,650663,554,513,1,0,0,0
2020-11-21,"Tasmania","TAS",230,13,126054,230,217,0,0,0,0
2020-11-21,"Victoria","VIC",20345,822,3487082,20345,19525,1,0,0,0
2020-11-21,"Western Australia","WA",797,9,529780,797,772,0,0,0,0
2020-11-22,"Australian Capital Territory","ACT",115,3,116927,115,111,0,0,0,0
2020-11-22,"New South Wales","NSW",4538,54,3383608,4538,2802,2,0,0,0
2020-11-22,"Northern Territory","NT",46,0,67963,46,40,6,0,0,0
2020-11-22,"Queensland","QLD",1193,6,1324189,1193,1171,12,0,0,0
2020-11-22,"South Australia","SA",555,4,667592,555,514,1,0,0,0
2020-11-22,"Tasmania","TAS",230,13,126336,230,217,0,0,0,0
2020-11-22,"Victoria","VIC",20345,822,3497612,20345,19525,1,0,0,0
2020-11-22,"Western Australia","WA",799,9,529780,799,772,0,0,0,0
2020-11-23,"Australian Capital Territory","ACT",115,3,117306,115,111,0,0,0,0
2020-11-23,"New South Wales","NSW",4542,54,3391444,4542,2802,2,0,0,0
2020-11-23,"Northern Territory","NT",47,0,68256,47,41,6,0,0,0
2020-11-23,"Queensland","QLD",1196,6,1326061,1196,1172,11,0,0,0
2020-11-23,"South Australia","SA",556,4,676281,556,514,1,0,0,0
2020-11-23,"Tasmania","TAS",230,13,126453,230,217,0,0,0,0
2020-11-23,"Victoria","VIC",20345,822,3504873,20345,19525,1,0,0,0
2020-11-23,"Western Australia","WA",804,9,536048,804,774,0,0,0,0
2020-11-24,"Australian Capital Territory","ACT",115,3,117796,115,111,0,0,0,0
2020-11-24,"New South Wales","NSW",4548,54,3398420,4548,2802,3,0,0,0
2020-11-24,"Northern Territory","NT",47,0,68850,47,41,6,0,0,0
2020-11-24,"Queensland","QLD",1197,6,1331405,1197,1172,15,0,0,0
2020-11-24,"South Australia","SA",558,4,683103,558,514,1,0,0,0
2020-11-24,"Tasmania","TAS",230,13,126951,230,217,0,0,0,0
2020-11-24,"Victoria","VIC",20345,822,3514833,20345,19526,1,0,0,0
2020-11-24,"Western Australia","WA",808,9,539122,808,774,0,0,0,0
2020-11-25,"Australian Capital Territory","ACT",115,3,118401,115,111,0,0,0,0
2020-11-25,"New South Wales","NSW",4552,54,3414711,4552,2802,3,0,0,0
2020-11-25,"Northern Territory","NT",49,0,69388,49,41,6,0,0,0
2020-11-25,"Queensland","QLD",1197,6,1336467,1197,1177,14,0,0,0
2020-11-25,"South Australia","SA",558,4,692506,558,515,1,0,0,0
2020-11-25,"Tasmania","TAS",230,13,127526,230,217,0,0,0,0
2020-11-25,"Victoria","VIC",20345,822,3531242,20345,19526,0,0,0,0
2020-11-25,"Western Australia","WA",810,9,541826,810,774,0,0,0,0
2020-11-26,"Australian Capital Territory","ACT",115,3,118820,115,112,0,0,0,0
2020-11-26,"New South Wales","NSW",4552,54,3429596,4552,2802,3,0,0,0
2020-11-26,"Northern Territory","NT",49,0,69754,49,41,6,0,0,0
2020-11-26,"Queensland","QLD",1197,6,1341683,1197,1177,14,0,0,0
2020-11-26,"South Australia","SA",559,4,702210,559,519,1,0,0,0
2020-11-26,"Tasmania","TAS",230,13,128011,230,217,0,0,0,0
2020-11-26,"Victoria","VIC",20345,822,3544104,20345,19526,0,0,0,0
2020-11-26,"Western Australia","WA",817,9,543961,817,776,0,0,0,0
2020-11-27,"Australian Capital Territory","ACT",116,3,119271,116,112,0,0,0,0
2020-11-27,"New South Wales","NSW",4556,54,3444354,4556,2802,2,0,0,0
2020-11-27,"Northern Territory","NT",52,0,70167,52,41,6,0,0,0
2020-11-27,"Queensland","QLD",1198,6,1345299,1198,1178,13,0,0,0
2020-11-27,"South Australia","SA",560,4,714532,560,532,1,0,0,0
2020-11-27,"Tasmania","TAS",230,13,128362,230,217,0,0,0,0
2020-11-27,"Victoria","VIC",20345,822,3553932,20345,19526,0,0,0,0
2020-11-27,"Western Australia","WA",817,9,546698,817,778,0,0,0,0
2020-11-28,"Australian Capital Territory","ACT",117,3,119687,117,112,0,0,0,0
2020-11-28,"New South Wales","NSW",4564,54,3456460,4564,2802,2,0,0,0
2020-11-28,"Northern Territory","NT",52,0,70505,52,41,6,0,0,0
2020-11-28,"Queensland","QLD",1199,6,1348906,1199,1180,13,0,0,0
2020-11-28,"South Australia","SA",561,4,718372,561,538,1,0,0,0
2020-11-28,"Tasmania","TAS",230,13,128695,230,217,0,0,0,0
2020-11-28,"Victoria","VIC",20345,822,3563335,20345,19526,0,0,0,0
2020-11-28,"Western Australia","WA",817,9,546698,817,784,0,0,0,0
2020-11-29,"Australian Capital Territory","ACT",117,3,119919,117,112,0,0,0,0
2020-11-29,"New South Wales","NSW",4568,54,3466716,4568,2802,2,0,0,0
2020-11-29,"Northern Territory","NT",52,0,70835,52,41,6,0,0,0
2020-11-29,"Queensland","QLD",1201,6,1351572,1201,1181,13,0,0,0
2020-11-29,"South Australia","SA",561,4,721797,561,540,0,0,0,0
2020-11-29,"Tasmania","TAS",230,13,128915,230,217,0,0,0,0
2020-11-29,"Victoria","VIC",20345,822,3569240,20345,19526,0,0,0,0
2020-11-29,"Western Australia","WA",818,9,546698,818,785,0,0,0,0
2020-11-30,"Australian Capital Territory","ACT",117,3,120194,117,112,0,0,0,0
2020-11-30,"New South Wales","NSW",4577,54,3472822,4577,2802,3,0,0,0
2020-11-30,"Northern Territory","NT",52,0,71012,52,41,6,0,0,0
2020-11-30,"Queensland","QLD",1202,6,1353321,1202,1184,13,0,0,0
2020-11-30,"South Australia","SA",562,4,726031,562,544,0,0,0,0
2020-11-30,"Tasmania","TAS",230,13,129060,230,217,0,0,0,0
2020-11-30,"Victoria","VIC",20345,823,3574270,20345,19525,0,0,0,0
2020-11-30,"Western Australia","WA",818,9,553509,818,788,0,0,0,0
2020-12-01,"Australian Capital Territory","ACT",117,3,120701,117,112,0,0,0,0
2020-12-01,"New South Wales","NSW",4582,54,3479457,4582,2802,3,0,0,0
2020-12-01,"Northern Territory","NT",53,0,71369,53,46,7,0,0,0
2020-12-01,"Queensland","QLD",1202,6,1356999,1202,1184,11,0,0,0
2020-12-01,"South Australia","SA",562,4,732562,562,547,0,0,0,0
2020-12-01,"Tasmania","TAS",230,13,129344,230,217,0,0,0,0
2020-12-01,"Victoria","VIC",20345,823,3581144,20345,19525,0,0,0,0
2020-12-01,"Western Australia","WA",821,9,555761,821,789,0,0,0,0
2020-12-02,"Australian Capital Territory","ACT",117,3,121113,117,112,0,0,0,0
2020-12-02,"New South Wales","NSW",4588,54,3492694,4588,2802,3,0,0,0
2020-12-02,"Northern Territory","NT",53,0,71955,53,46,7,0,0,0
2020-12-02,"Queensland","QLD",1205,6,1361580,1205,1186,11,0,0,0
2020-12-02,"South Australia","SA",562,4,739299,562,548,0,0,0,0
2020-12-02,"Tasmania","TAS",230,13,129920,230,217,0,0,0,0
2020-12-02,"Victoria","VIC",20345,823,3593321,20345,19525,0,0,0,0
2020-12-02,"Western Australia","WA",823,9,558561,823,795,0,0,0,0
2020-12-03,"Australian Capital Territory","ACT",117,3,121534,117,112,0,0,0,0
2020-12-03,"New South Wales","NSW",4598,54,3506000,4598,2802,4,0,0,0
2020-12-03,"Northern Territory","NT",59,0,72319,59,46,13,0,0,0
2020-12-03,"Queensland","QLD",1206,6,1365358,1206,1187,9,0,0,0
2020-12-03,"South Australia","SA",562,4,743840,562,549,0,0,0,0
2020-12-03,"Tasmania","TAS",230,13,130325,230,217,0,0,0,0
2020-12-03,"Victoria","VIC",20345,823,3603415,20345,19525,0,0,0,0
2020-12-03,"Western Australia","WA",823,9,561419,823,798,0,0,0,0
2020-12-04,"Australian Capital Territory","ACT",117,3,122056,117,112,0,0,0,0
2020-12-04,"New South Wales","NSW",4603,54,3517128,4603,2802,4,0,0,0
2020-12-04,"Northern Territory","NT",59,0,72780,59,46,13,0,0,0
2020-12-04,"Queensland","QLD",1208,6,1368667,1208,1190,10,0,0,0
2020-12-04,"South Australia","SA",562,4,747388,562,551,0,0,0,0
2020-12-04,"Tasmania","TAS",230,13,130693,230,217,0,0,0,0
2020-12-04,"Victoria","VIC",20345,823,3612199,20345,19525,0,0,0,0
2020-12-04,"Western Australia","WA",825,9,563757,825,802,0,0,0,0
2020-12-05,"Australian Capital Territory","ACT",117,3,122390,117,113,0,0,0,0
2020-12-05,"New South Wales","NSW",4605,54,3529081,4605,2802,5,0,0,0
2020-12-05,"Northern Territory","NT",59,0,73024,59,46,13,0,0,0
2020-12-05,"Queensland","QLD",1210,6,1371644,1210,1191,10,0,0,0
2020-12-05,"South Australia","SA",562,4,750639,562,553,0,0,0,0
2020-12-05,"Tasmania","TAS",230,13,131230,230,217,0,0,0,0
2020-12-05,"Victoria","VIC",20345,823,3619869,20345,19525,0,0,0,0
2020-12-05,"Western Australia","WA",828,9,563757,828,805,0,0,0,0
2020-12-06,"Australian Capital Territory","ACT",117,3,122571,117,113,0,0,0,0
2020-12-06,"New South Wales","NSW",4610,54,3538908,4610,2802,5,0,0,0
2020-12-06,"Northern Territory","NT",59,0,73321,59,46,13,0,0,0
2020-12-06,"Queensland","QLD",1212,6,1373765,1212,1191,11,0,0,0
2020-12-06,"South Australia","SA",562,4,752756,562,553,0,0,0,0
2020-12-06,"Tasmania","TAS",230,13,131396,230,217,0,0,0,0
2020-12-06,"Victoria","VIC",20345,823,3628246,20345,19525,0,0,0,0
2020-12-06,"Western Australia","WA",830,9,563757,830,808,0,0,0,0
2020-12-07,"Australian Capital Territory","ACT",117,3,122769,117,113,0,0,0,0
2020-12-07,"New South Wales","NSW",4614,54,3545134,4614,2802,4,0,0,0
2020-12-07,"Northern Territory","NT",59,0,73631,59,46,13,0,0,0
2020-12-07,"Queensland","QLD",1215,6,1375090,1215,1191,16,0,0,0
2020-12-07,"South Australia","SA",562,4,754161,562,556,0,0,0,0
2020-12-07,"Tasmania","TAS",230,13,131565,230,217,0,0,0,0
2020-12-07,"Victoria","VIC",20345,823,3633158,20345,19525,0,0,0,0
2020-12-07,"Western Australia","WA",830,9,571245,830,808,0,0,0,0
2020-12-08,"Australian Capital Territory","ACT",117,3,123353,117,113,0,0,0,0
2020-12-08,"New South Wales","NSW",4620,54,3551174,4620,2802,3,0,0,0
2020-12-08,"Northern Territory","NT",61,0,73911,61,47,13,0,0,0
2020-12-08,"Queensland","QLD",1221,6,1378254,1221,1191,21,0,0,0
2020-12-08,"South Australia","SA",562,4,756603,562,558,0,0,0,0
2020-12-08,"Tasmania","TAS",230,13,132049,230,217,0,0,0,0
2020-12-08,"Victoria","VIC",20345,823,3640201,20345,19525,0,0,0,0
2020-12-08,"Western Australia","WA",831,9,573766,831,810,0,0,0,0
2020-12-09,"Australian Capital Territory","ACT",117,3,123932,117,114,0,0,0,0
2020-12-09,"New South Wales","NSW",4622,54,3565144,4622,2802,3,0,0,0
2020-12-09,"Northern Territory","NT",61,0,74279,61,52,9,0,0,0
2020-12-09,"Queensland","QLD",1221,6,1382152,1221,1191,20,0,0,0
2020-12-09,"South Australia","SA",562,4,759345,562,558,0,0,0,0
2020-12-09,"Tasmania","TAS",233,13,132539,233,217,0,0,0,0
2020-12-09,"Victoria","VIC",20345,823,3651779,20345,19525,0,0,0,0
2020-12-09,"Western Australia","WA",832,9,576673,832,810,0,0,0,0
2020-12-10,"Australian Capital Territory","ACT",117,3,124498,117,114,0,0,0,0
2020-12-10,"New South Wales","NSW",4624,54,3579652,4624,2802,3,0,0,0
2020-12-10,"Northern Territory","NT",62,0,74604,62,52,10,0,0,0
2020-12-10,"Queensland","QLD",1225,6,1385677,1225,1196,22,0,0,0
2020-12-10,"South Australia","SA",562,4,762582,562,558,0,0,0,0
2020-12-10,"Tasmania","TAS",234,13,133315,234,217,3,0,0,0
2020-12-10,"Victoria","VIC",20345,823,3663404,20345,19525,0,0,0,0
2020-12-10,"Western Australia","WA",832,9,579372,832,811,0,0,0,0
2020-12-11,"Australian Capital Territory","ACT",117,3,125004,117,114,0,0,0,0
2020-12-11,"New South Wales","NSW",4633,54,3591274,4633,2802,3,0,0,0
2020-12-11,"Northern Territory","NT",62,0,75104,62,52,10,0,0,0
2020-12-11,"Queensland","QLD",1225,6,1388985,1225,1197,22,0,0,0
2020-12-11,"South Australia","SA",562,4,765133,562,558,0,0,0,0
2020-12-11,"Tasmania","TAS",234,13,133680,234,217,3,0,0,0
2020-12-11,"Victoria","VIC",20345,823,3673164,20345,19525,0,0,0,0
2020-12-11,"Western Australia","WA",834,9,581566,834,813,0,0,0,0
2020-12-12,"Australian Capital Territory","ACT",117,3,125246,117,114,0,0,0,0
2020-12-12,"New South Wales","NSW",4639,54,3601488,4639,2802,4,0,0,0
2020-12-12,"Northern Territory","NT",62,0,75401,62,52,10,0,0,0
2020-12-12,"Queensland","QLD",1226,6,1392201,1226,1199,23,0,0,0
2020-12-12,"South Australia","SA",562,4,767293,562,558,0,0,0,0
2020-12-12,"Tasmania","TAS",234,13,134205,234,217,3,0,0,0
2020-12-12,"Victoria","VIC",20350,823,3681901,20350,19525,0,0,0,0
2020-12-12,"Western Australia","WA",835,9,581566,835,815,0,0,0,0
2020-12-13,"Australian Capital Territory","ACT",117,3,125469,117,114,0,0,0,0
2020-12-13,"New South Wales","NSW",4642,54,3610621,4642,2802,2,0,0,0
2020-12-13,"Northern Territory","NT",62,0,75733,62,52,11,0,0,0
2020-12-13,"Queensland","QLD",1226,6,1395047,1226,1202,21,0,0,0
2020-12-13,"South Australia","SA",562,4,768928,562,558,0,0,0,0
2020-12-13,"Tasmania","TAS",234,13,134496,234,217,0,0,0,0
2020-12-13,"Victoria","VIC",20351,823,3688134,20351,19525,0,0,0,0
2020-12-13,"Western Australia","WA",836,9,581566,836,816,0,0,0,0
2020-12-14,"Australian Capital Territory","ACT",117,3,125712,117,114,0,0,0,0
2020-12-14,"New South Wales","NSW",4645,54,3616794,4645,2802,3,1,0,0
2020-12-14,"Northern Territory","NT",64,0,75967,64,58,6,0,0,0
2020-12-14,"Queensland","QLD",1227,6,1396510,1227,1203,19,0,0,0
2020-12-14,"South Australia","SA",563,4,770161,563,558,0,0,0,0
2020-12-14,"Tasmania","TAS",234,13,134781,234,217,0,0,0,0
2020-12-14,"Victoria","VIC",20352,823,3693158,20352,19525,0,0,0,0
2020-12-14,"Western Australia","WA",837,9,587540,837,818,0,0,0,0
2020-12-15,"Australian Capital Territory","ACT",117,3,126359,117,114,0,0,0,0
2020-12-15,"New South Wales","NSW",4650,54,3622127,4650,2802,4,1,0,0
2020-12-15,"Northern Territory","NT",66,0,76337,66,58,8,0,0,0
2020-12-15,"Queensland","QLD",1228,6,1398254,1228,1204,19,0,0,0
2020-12-15,"South Australia","SA",563,4,771748,563,559,0,0,0,0
2020-12-15,"Tasmania","TAS",234,13,135294,234,217,0,0,0,0
2020-12-15,"Victoria","VIC",20351,823,3701454,20351,19524,0,0,0,0
2020-12-15,"Western Australia","WA",838,9,589756,838,821,0,0,0,0
2020-12-16,"Australian Capital Territory","ACT",117,3,126877,117,114,0,0,0,0
2020-12-16,"New South Wales","NSW",4657,54,3634049,4657,2802,4,1,0,0
2020-12-16,"Northern Territory","NT",66,0,76863,66,58,7,0,0,0
2020-12-16,"Queensland","QLD",1229,6,1401800,1229,1204,17,0,0,0
2020-12-16,"South Australia","SA",563,4,774529,563,559,0,0,0,0
2020-12-16,"Tasmania","TAS",234,13,135808,234,217,0,0,0,0
2020-12-16,"Victoria","VIC",20351,823,3711165,20351,19524,0,0,0,0
2020-12-16,"Western Australia","WA",842,9,592209,842,821,0,0,0,0
2020-12-17,"Australian Capital Territory","ACT",117,3,127208,117,114,0,0,0,0
2020-12-17,"New South Wales","NSW",4666,54,3644632,4666,2802,5,1,0,0
2020-12-17,"Northern Territory","NT",68,0,77119,68,59,9,0,0,0
2020-12-17,"Queensland","QLD",1230,6,1404793,1230,1209,15,0,0,0
2020-12-17,"South Australia","SA",563,4,776517,563,559,0,0,0,0
2020-12-17,"Tasmania","TAS",234,13,136320,234,217,0,0,0,0
2020-12-17,"Victoria","VIC",20351,823,3720642,20351,19524,0,0,0,0
2020-12-17,"Western Australia","WA",843,9,594667,843,821,0,0,0,0
2020-12-18,"Australian Capital Territory","ACT",117,3,127649,117,114,0,0,0,0
2020-12-18,"New South Wales","NSW",4682,54,3652163,4682,2802,3,0,0,0
2020-12-18,"Northern Territory","NT",68,0,77560,68,59,10,0,0,0
2020-12-18,"Queensland","QLD",1233,6,1408065,1233,1214,11,0,0,0
2020-12-18,"South Australia","SA",563,4,778385,563,559,0,0,0,0
2020-12-18,"Tasmania","TAS",234,13,136504,234,217,0,0,0,0
2020-12-18,"Victoria","VIC",20352,823,3728212,20352,19524,0,0,0,0
2020-12-18,"Western Australia","WA",844,9,596371,844,821,0,0,0,0
2020-12-19,"Australian Capital Territory","ACT",117,3,128416,117,114,0,0,0,0
2020-12-19,"New South Wales","NSW",4712,54,3664537,4712,2802,3,0,0,0
2020-12-19,"Northern Territory","NT",71,0,77767,71,59,12,0,0,0
2020-12-19,"Queensland","QLD",1232,6,1411993,1232,1214,10,0,0,0
2020-12-19,"South Australia","SA",563,4,780732,563,559,0,0,0,0
2020-12-19,"Tasmania","TAS",234,13,136972,234,217,0,0,0,0
2020-12-19,"Victoria","VIC",20354,823,3737992,20354,19524,0,0,0,0
2020-12-19,"Western Australia","WA",845,9,598850,845,822,0,0,0,0
2020-12-20,"Australian Capital Territory","ACT",118,3,129169,118,114,0,0,0,0
2020-12-20,"New South Wales","NSW",4748,54,3692747,4748,2802,3,0,0,0
2020-12-20,"Northern Territory","NT",71,0,77941,71,59,12,0,0,0
2020-12-20,"Queensland","QLD",1234,6,1417134,1234,1214,11,0,0,0
2020-12-20,"South Australia","SA",566,4,782636,566,559,0,0,0,0
2020-12-20,"Tasmania","TAS",234,13,137394,234,221,0,0,0,0
2020-12-20,"Victoria","VIC",20356,823,3747763,20356,19524,0,0,0,0
2020-12-20,"Western Australia","WA",845,9,598850,845,825,0,0,0,0
2020-12-21,"Australian Capital Territory","ACT",118,3,129886,118,114,0,0,0,0
2020-12-21,"New South Wales","NSW",4771,54,3731325,4771,2802,4,0,0,0
2020-12-21,"Northern Territory","NT",71,0,78179,71,62,9,0,0,0
2020-12-21,"Queensland","QLD",1235,6,1421147,1235,1214,10,0,0,0
2020-12-21,"South Australia","SA",566,4,784984,566,559,0,0,0,0
2020-12-21,"Tasmania","TAS",234,13,138227,234,221,0,0,0,0
2020-12-21,"Victoria","VIC",20357,823,3761458,20357,19524,0,0,0,0
2020-12-21,"Western Australia","WA",846,9,606280,846,826,0,0,0,0
2020-12-22,"Australian Capital Territory","ACT",118,3,130927,118,114,0,0,0,0
2020-12-22,"New South Wales","NSW",4789,54,3775791,4789,2802,3,0,0,0
2020-12-22,"Northern Territory","NT",71,0,78621,71,62,9,0,0,0
2020-12-22,"Queensland","QLD",1235,6,1429412,1235,1215,10,0,0,0
2020-12-22,"South Australia","SA",566,4,789038,566,559,0,0,0,0
2020-12-22,"Tasmania","TAS",234,13,139134,234,221,0,0,0,0
2020-12-22,"Victoria","VIC",20360,823,3776979,20360,19529,0,0,0,0
2020-12-22,"Western Australia","WA",846,9,607678,846,827,0,0,0,0
2020-12-23,"Australian Capital Territory","ACT",118,3,132535,118,114,0,0,0,0
2020-12-23,"New South Wales","NSW",4805,54,3817656,4805,2802,2,0,0,0
2020-12-23,"Northern Territory","NT",71,0,79341,71,62,9,0,0,0
2020-12-23,"Queensland","QLD",1236,6,1442575,1236,1215,9,0,0,0
2020-12-23,"South Australia","SA",566,4,795350,566,559,0,0,0,0
2020-12-23,"Tasmania","TAS",234,13,139975,234,221,0,0,0,0
2020-12-23,"Victoria","VIC",20361,823,3799935,20361,19531,0,0,0,0
2020-12-23,"Western Australia","WA",846,9,609886,846,828,0,0,0,0
2020-12-24,"Australian Capital Territory","ACT",118,3,133371,118,114,0,0,0,0
2020-12-24,"New South Wales","NSW",4823,54,3877840,4823,2802,1,0,0,0
2020-12-24,"Northern Territory","NT",73,0,79985,73,62,11,0,0,0
2020-12-24,"Queensland","QLD",1238,6,1453021,1238,1216,9,0,0,0
2020-12-24,"South Australia","SA",568,4,800357,568,560,0,0,0,0
2020-12-24,"Tasmania","TAS",234,13,140640,234,221,0,0,0,0
2020-12-24,"Victoria","VIC",20361,823,3819164,20361,19531,0,0,0,0
2020-12-24,"Western Australia","WA",847,9,612889,847,830,0,0,0,0
2020-12-25,"Australian Capital Territory","ACT",118,3,134156,118,114,0,0,0,0
2020-12-25,"New South Wales","NSW",4832,54,3947649,4832,2802,1,0,0,0
2020-12-25,"Northern Territory","NT",73,0,79985,73,62,11,0,0,0
2020-12-25,"Queensland","QLD",1240,6,1458226,1240,1217,12,0,0,0
2020-12-25,"South Australia","SA",570,4,805697,570,562,0,0,0,0
2020-12-25,"Tasmania","TAS",234,13,141498,234,221,0,0,0,0
2020-12-25,"Victoria","VIC",20361,823,3830531,20361,19531,0,0,0,0
2020-12-25,"Western Australia","WA",848,9,612889,848,832,0,0,0,0
2020-12-26,"Australian Capital Territory","ACT",118,3,134463,118,114,0,0,0,0
2020-12-26,"New South Wales","NSW",4847,54,3986782,4847,2802,1,0,0,0
2020-12-26,"Northern Territory","NT",73,0,80727,73,62,11,0,0,0
2020-12-26,"Queensland","QLD",1241,6,1460171,1241,1217,11,0,0,0
2020-12-26,"South Australia","SA",569,4,809532,569,561,0,0,0,0
2020-12-26,"Tasmania","TAS",234,13,141498,234,221,0,0,0,0
2020-12-26,"Victoria","VIC",20361,823,3835438,20361,19531,0,0,0,0
2020-12-26,"Western Australia","WA",853,9,612889,853,832,0,0,0,0
2020-12-27,"Australian Capital Territory","ACT",118,3,134815,118,114,0,0,0,0
2020-12-27,"New South Wales","NSW",4858,54,4010715,4858,2802,1,0,0,0
2020-12-27,"Northern Territory","NT",73,0,80867,73,62,11,0,0,0
2020-12-27,"Queensland","QLD",1241,6,1461787,1241,1217,11,0,0,0
2020-12-27,"South Australia","SA",571,4,812704,571,562,2,0,0,0
2020-12-27,"Tasmania","TAS",234,13,141713,234,221,0,0,0,0
2020-12-27,"Victoria","VIC",20362,823,3841286,20362,19532,0,0,0,0
2020-12-27,"Western Australia","WA",855,9,612889,855,832,0,0,0,0
2020-12-28,"Australian Capital Territory","ACT",118,3,135182,118,114,0,0,0,0
2020-12-28,"New South Wales","NSW",4872,55,4026079,4872,2802,2,0,0,0
2020-12-28,"Northern Territory","NT",73,0,80987,73,67,6,0,0,0
2020-12-28,"Queensland","QLD",1246,6,1464891,1246,1218,9,0,0,0
2020-12-28,"South Australia","SA",572,4,817061,572,563,2,0,0,0
2020-12-28,"Tasmania","TAS",234,13,141947,234,221,0,0,0,0
2020-12-28,"Victoria","VIC",20364,823,3847166,20364,19533,0,0,0,0
2020-12-28,"Western Australia","WA",858,9,612889,858,834,0,0,0,0
2020-12-29,"Australian Capital Territory","ACT",118,3,135661,118,114,0,0,0,0
2020-12-29,"New South Wales","NSW",4881,55,4042408,4881,2802,4,0,0,0
2020-12-29,"Northern Territory","NT",74,0,81357,74,67,7,0,0,0
2020-12-29,"Queensland","QLD",1248,6,1467304,1248,1218,11,0,0,0
2020-12-29,"South Australia","SA",572,4,821431,572,563,2,0,0,0
2020-12-29,"Tasmania","TAS",234,13,142413,234,221,0,0,0,0
2020-12-29,"Victoria","VIC",20364,823,3854065,20364,19537,0,0,0,0
2020-12-29,"Western Australia","WA",859,9,620875,859,836,0,0,0,0
2020-12-30,"Australian Capital Territory","ACT",118,3,136253,118,114,0,0,0,0
2020-12-30,"New South Wales","NSW",4906,55,4059675,4906,2802,2,0,0,0
2020-12-30,"Northern Territory","NT",74,0,81826,74,70,4,0,0,0
2020-12-30,"Queensland","QLD",1250,6,1472222,1250,1218,11,0,0,0
2020-12-30,"South Australia","SA",575,4,826360,575,563,2,0,0,0
2020-12-30,"Tasmania","TAS",234,13,143010,234,221,0,0,0,0
2020-12-30,"Victoria","VIC",20365,823,3862796,20365,19537,0,0,0,0
2020-12-30,"Western Australia","WA",859,9,623685,859,838,0,0,0,0
2020-12-31,"Australian Capital Territory","ACT",118,3,136942,118,114,0,0,0,0
2020-12-31,"New South Wales","NSW",4923,55,4087569,4923,2802,3,0,0,0
2020-12-31,"Northern Territory","NT",74,0,82325,74,70,4,0,0,0
2020-12-31,"Queensland","QLD",1253,6,1477108,1253,1218,14,0,0,0
2020-12-31,"South Australia","SA",576,4,830746,576,565,1,0,0,0
2020-12-31,"Tasmania","TAS",234,13,143606,234,221,0,0,0,0
2020-12-31,"Victoria","VIC",20368,823,3875893,20368,19538,0,0,0,0
2020-12-31,"Western Australia","WA",861,9,626447,861,838,0,0,0,0
2021-01-01,"Australian Capital Territory","ACT",118,3,137516,118,114,0,0,0,0
2021-01-01,"New South Wales","NSW",4928,55,4119579,4928,2802,2,0,0,0
2021-01-01,"Northern Territory","NT",75,0,82714,75,71,4,0,0,0
2021-01-01,"Queensland","QLD",1253,6,1482213,1253,1218,13,0,0,0
2021-01-01,"South Australia","SA",580,4,835279,580,565,1,0,0,0
2021-01-01,"Tasmania","TAS",234,13,144233,234,221,0,0,0,0
2021-01-01,"Victoria","VIC",20376,823,3889001,20376,19538,0,0,0,0
2021-01-01,"Western Australia","WA",863,9,626447,863,838,0,0,0,0
2021-01-02,"Australian Capital Territory","ACT",118,3,138054,118,114,0,0,0,0
2021-01-02,"New South Wales","NSW",4947,55,4151443,4947,2802,1,0,0,0
2021-01-02,"Northern Territory","NT",82,0,83061,82,71,11,0,0,0
2021-01-02,"Queensland","QLD",1255,6,1485573,1255,1224,13,0,0,0
2021-01-02,"South Australia","SA",580,4,841246,580,566,0,0,0,0
2021-01-02,"Tasmania","TAS",234,13,144432,234,221,0,0,0,0
2021-01-02,"Victoria","VIC",20388,823,3907338,20388,19539,0,0,0,0
2021-01-02,"Western Australia","WA",866,9,626447,866,838,0,0,0,0
2021-01-03,"Australian Capital Territory","ACT",118,3,138827,118,114,0,0,0,0
2021-01-03,"New South Wales","NSW",4958,55,4170366,4958,2802,1,0,0,0
2021-01-03,"Northern Territory","NT",81,0,83251,81,69,11,0,0,0
2021-01-03,"Queensland","QLD",1255,6,1488315,1255,1232,13,0,0,0
2021-01-03,"South Australia","SA",579,4,846789,579,566,0,0,0,0
2021-01-03,"Tasmania","TAS",234,13,144920,234,221,0,0,0,0
2021-01-03,"Victoria","VIC",20391,823,3929815,20391,19539,1,0,0,0
2021-01-03,"Western Australia","WA",867,9,626447,867,839,0,0,0,0
2021-01-04,"Australian Capital Territory","ACT",118,3,139607,118,114,0,0,0,0
2021-01-04,"New South Wales","NSW",4965,55,4192641,4965,2802,1,0,0,0
2021-01-04,"Northern Territory","NT",82,0,83661,82,69,11,0,0,0
2021-01-04,"Queensland","QLD",1260,6,1494611,1260,1232,13,0,0,0
2021-01-04,"South Australia","SA",583,4,851395,583,566,0,0,0,0
2021-01-04,"Tasmania","TAS",234,13,145413,234,221,0,0,0,0
2021-01-04,"Victoria","VIC",20395,823,3962283,20395,19539,1,0,0,0
2021-01-04,"Western Australia","WA",868,9,636386,868,839,0,0,0,0
2021-01-05,"Australian Capital Territory","ACT",118,3,140672,118,114,0,0,0,0
2021-01-05,"New South Wales","NSW",4973,55,4219032,4973,2802,1,0,0,0
2021-01-05,"Northern Territory","NT",87,0,84307,87,69,13,0,0,0
2021-01-05,"Queensland","QLD",1262,6,1508283,1262,1233,17,0,0,0
2021-01-05,"South Australia","SA",581,4,857272,581,567,0,0,0,0
2021-01-05,"Tasmania","TAS",234,13,146074,234,221,0,0,0,0
2021-01-05,"Victoria","VIC",20399,823,3994827,20399,19541,1,0,0,0
2021-01-05,"Western Australia","WA",869,9,640205,869,845,0,0,0,0
2021-01-06,"Australian Capital Territory","ACT",118,3,141666,118,114,0,0,0,0
2021-01-06,"New South Wales","NSW",4978,55,4251699,4978,2802,1,0,0,0
2021-01-06,"Northern Territory","NT",87,0,84873,87,69,16,0,0,0
2021-01-06,"Queensland","QLD",1263,6,1526667,1263,1233,18,0,0,0
2021-01-06,"South Australia","SA",582,4,863526,582,567,0,0,0,0
2021-01-06,"Tasmania","TAS",234,13,146903,234,221,0,0,0,0
2021-01-06,"Victoria","VIC",20402,823,4032336,20402,19541,1,0,0,0
2021-01-06,"Western Australia","WA",872,9,644276,872,845,1,0,0,0
2021-01-07,"Australian Capital Territory","ACT",118,3,142657,118,114,0,0,0,0
2021-01-07,"New South Wales","NSW",4984,55,4279578,4984,2802,1,0,0,0
2021-01-07,"Northern Territory","NT",87,0,85462,87,69,17,0,0,0
2021-01-07,"Queensland","QLD",1265,6,1542176,1265,1234,19,0,0,0
2021-01-07,"South Australia","SA",582,4,868956,582,568,0,0,0,0
2021-01-07,"Tasmania","TAS",234,13,147692,234,221,0,0,0,0
2021-01-07,"Victoria","VIC",20402,823,4065103,20402,19544,0,0,0,0
2021-01-07,"Western Australia","WA",874,9,648211,874,847,1,0,0,0
2021-01-08,"Australian Capital Territory","ACT",118,3,143567,118,114,0,0,0,0
2021-01-08,"New South Wales","NSW",4995,55,4305690,4995,2802,1,0,0,0
2021-01-08,"Northern Territory","NT",88,0,86165,88,69,17,0,0,0
2021-01-08,"Queensland","QLD",1274,6,1555273,1274,1239,22,0,0,0
2021-01-08,"South Australia","SA",585,4,874438,585,569,0,0,0,0
2021-01-08,"Tasmania","TAS",234,13,148097,234,221,0,0,0,0
2021-01-08,"Victoria","VIC",20403,823,4088211,20403,19544,0,0,0,0
2021-01-08,"Western Australia","WA",874,9,650942,874,847,1,0,0,0
2021-01-09,"Australian Capital Territory","ACT",118,3,144958,118,114,0,0,0,0
2021-01-09,"New South Wales","NSW",5001,55,4331336,5001,2802,1,0,0,0
2021-01-09,"Northern Territory","NT",89,0,86753,89,69,17,0,0,0
2021-01-09,"Queensland","QLD",1274,6,1570057,1274,1239,21,0,0,0
2021-01-09,"South Australia","SA",587,4,878711,587,568,0,0,0,0
2021-01-09,"Tasmania","TAS",234,13,148887,234,221,0,0,0,0
2021-01-09,"Victoria","VIC",20404,823,4116496,20404,19544,0,0,0,0
2021-01-09,"Western Australia","WA",875,9,650942,875,849,1,0,0,0
2021-01-10,"Australian Capital Territory","ACT",118,3,145725,118,114,0,0,0,0
2021-01-10,"New South Wales","NSW",5007,55,4355099,5007,2802,1,0,0,0
2021-01-10,"Northern Territory","NT",90,0,87492,90,69,19,0,0,0
2021-01-10,"Queensland","QLD",1274,6,1589209,1274,1241,20,0,0,0
2021-01-10,"South Australia","SA",587,4,883694,587,568,0,0,0,0
2021-01-10,"Tasmania","TAS",234,13,149659,234,221,0,0,0,0
2021-01-10,"Victoria","VIC",20410,823,4139908,20410,19545,0,0,0,0
2021-01-10,"Western Australia","WA",875,9,653681,875,851,1,0,0,0
2021-01-11,"Australian Capital Territory","ACT",118,3,147506,118,115,0,0,0,0
2021-01-11,"New South Wales","NSW",5018,55,4373669,5018,2802,1,0,1,0
2021-01-11,"Northern Territory","NT",90,0,88324,90,71,19,0,0,0
2021-01-11,"Queensland","QLD",1278,6,1608113,1278,1243,24,0,0,0
2021-01-11,"South Australia","SA",588,4,889156,588,569,0,0,0,0
2021-01-11,"Tasmania","TAS",234,13,150329,234,221,0,0,0,0
2021-01-11,"Victoria","VIC",20411,823,4158568,20411,19551,0,0,0,0
2021-01-11,"Western Australia","WA",877,9,663760,877,851,1,0,0,0
2021-01-12,"Australian Capital Territory","ACT",118,3,148660,118,115,0,0,0,0
2021-01-12,"New South Wales","NSW",5034,55,4388407,5034,2802,2,0,1,0
2021-01-12,"Northern Territory","NT",90,0,89317,90,71,19,0,0,0
2021-01-12,"Queensland","QLD",1281,6,1621595,1281,1243,25,0,0,0
2021-01-12,"South Australia","SA",588,4,893844,588,569,0,0,0,0
2021-01-12,"Tasmania","TAS",234,13,150946,234,221,0,0,0,0
2021-01-12,"Victoria","VIC",20411,823,4176707,20411,19553,0,0,0,0
2021-01-12,"Western Australia","WA",878,9,670126,878,855,1,0,0,0
2021-01-13,"Australian Capital Territory","ACT",118,3,149505,118,115,0,0,0,0
2021-01-13,"New South Wales","NSW",5041,55,4409071,5041,2802,3,1,1,0
2021-01-13,"Northern Territory","NT",91,0,90442,91,74,17,0,0,0
2021-01-13,"Queensland","QLD",1283,6,1642210,1283,1243,23,0,0,0
2021-01-13,"South Australia","SA",590,4,899056,590,574,0,0,0,0
2021-01-13,"Tasmania","TAS",234,13,151539,234,221,0,0,0,0
2021-01-13,"Victoria","VIC",20414,823,4194615,20414,19559,0,0,0,0
2021-01-13,"Western Australia","WA",879,9,672939,879,855,1,0,0,0
2021-01-14,"Australian Capital Territory","ACT",118,3,149539,118,115,0,0,0,0
2021-01-14,"New South Wales","NSW",5043,55,4429508,5043,2802,2,1,1,0
2021-01-14,"Northern Territory","NT",93,0,91376,93,74,19,0,0,0
2021-01-14,"Queensland","QLD",1287,6,1655271,1287,1245,25,0,0,0
2021-01-14,"South Australia","SA",590,4,904906,590,575,0,0,0,0
2021-01-14,"Tasmania","TAS",234,13,152112,234,221,0,0,0,0
2021-01-14,"Victoria","VIC",20412,823,4211148,20412,19563,0,0,0,0
2021-01-14,"Western Australia","WA",881,9,678687,881,855,1,0,0,0
2021-01-15,"Australian Capital Territory","ACT",118,3,150609,118,115,0,0,0,0
2021-01-15,"New South Wales","NSW",5045,55,4445578,5045,2802,3,1,1,0
2021-01-15,"Northern Territory","NT",93,0,92060,93,74,19,0,0,0
2021-01-15,"Queensland","QLD",1290,6,1666091,1290,1245,29,0,0,0
2021-01-15,"South Australia","SA",591,4,911391,591,577,0,0,0,0
2021-01-15,"Tasmania","TAS",234,13,152544,234,221,0,0,0,0
2021-01-15,"Victoria","VIC",20414,823,4226158,20414,19566,0,0,0,0
2021-01-15,"Western Australia","WA",884,9,683322,884,857,0,0,0,0
2021-01-16,"Australian Capital Territory","ACT",118,3,150700,118,115,0,0,0,0
2021-01-16,"New South Wales","NSW",5057,55,4460152,5057,2802,3,1,0,0
2021-01-16,"Northern Territory","NT",93,0,92757,93,74,14,0,0,0
2021-01-16,"Queensland","QLD",1291,6,1675612,1291,1248,29,1,0,0
2021-01-16,"South Australia","SA",593,4,915555,593,577,0,0,0,0
2021-01-16,"Tasmania","TAS",234,13,153196,234,221,0,0,0,0
2021-01-16,"Victoria","VIC",20417,823,4241115,20417,19571,1,0,0,0
2021-01-16,"Western Australia","WA",886,9,683322,886,862,0,0,0,0
2021-01-17,"Australian Capital Territory","ACT",118,3,151196,118,115,0,0,0,0
2021-01-17,"New South Wales","NSW",5066,55,4472916,5066,2802,2,1,0,0
2021-01-17,"Northern Territory","NT",93,0,93274,93,74,9,0,0,0
2021-01-17,"Queensland","QLD",1293,6,1681421,1293,1253,26,1,0,0
2021-01-17,"South Australia","SA",593,4,918249,593,578,0,0,0,0
2021-01-17,"Tasmania","TAS",234,13,153438,234,221,0,0,0,0
2021-01-17,"Victoria","VIC",20424,823,4252138,20424,19574,1,0,0,0
2021-01-17,"Western Australia","WA",887,9,683322,887,864,0,0,0,0
2021-01-18,"Australian Capital Territory","ACT",118,3,151612,118,115,0,0,0,0
2021-01-18,"New South Wales","NSW",5074,55,4481689,5074,2802,2,1,0,0
2021-01-18,"Northern Territory","NT",93,0,93774,93,86,7,0,0,0
2021-01-18,"Queensland","QLD",1294,6,1686594,1294,1255,24,1,0,0
2021-01-18,"South Australia","SA",593,4,921083,593,578,0,0,0,0
2021-01-18,"Tasmania","TAS",234,13,153692,234,221,0,0,0,0
2021-01-18,"Victoria","VIC",20428,823,4266111,20428,19575,1,0,0,0
2021-01-18,"Western Australia","WA",887,9,693419,887,865,0,0,0,0
2021-01-19,"Australian Capital Territory","ACT",118,3,152116,118,115,0,0,0,0
2021-01-19,"New South Wales","NSW",5076,55,4492310,5076,2802,2,1,0,0
2021-01-19,"Northern Territory","NT",95,0,94394,95,86,7,0,0,0
2021-01-19,"Queensland","QLD",1297,6,1693293,1297,1255,23,1,0,0
2021-01-19,"South Australia","SA",593,4,923925,593,578,0,0,0,0
2021-01-19,"Tasmania","TAS",234,13,154208,234,221,0,0,0,0
2021-01-19,"Victoria","VIC",20430,823,4281685,20430,19576,1,0,0,0
2021-01-19,"Western Australia","WA",888,9,697023,888,865,0,0,0,0
2021-01-20,"Australian Capital Territory","ACT",118,3,152596,118,115,0,0,0,0
2021-01-20,"New South Wales","NSW",5079,55,4512269,5079,2802,2,0,0,0
2021-01-20,"Northern Territory","NT",96,0,95046,96,86,9,0,0,0
2021-01-20,"Queensland","QLD",1299,6,1701283,1299,1258,25,1,0,0
2021-01-20,"South Australia","SA",594,4,927680,594,584,0,0,0,0
2021-01-20,"Tasmania","TAS",234,13,154427,234,221,0,0,0,0
2021-01-20,"Victoria","VIC",20432,823,4301495,20432,19578,0,0,0,0
2021-01-20,"Western Australia","WA",888,9,701851,888,866,0,0,0,0
2021-01-21,"Australian Capital Territory","ACT",118,3,153036,118,115,0,0,0,0
2021-01-21,"New South Wales","NSW",5084,55,4524482,5084,2802,1,0,0,0
2021-01-21,"Northern Territory","NT",96,0,95738,96,86,8,0,0,0
2021-01-21,"Queensland","QLD",1300,6,1708693,1300,1261,23,1,0,0
2021-01-21,"South Australia","SA",596,4,931274,596,587,0,0,0,0
2021-01-21,"Tasmania","TAS",234,13,154963,234,221,0,0,0,0
2021-01-21,"Victoria","VIC",20433,823,4321565,20433,19579,0,0,0,0
2021-01-21,"Western Australia","WA",888,9,704968,888,868,0,0,0,0
2021-01-22,"Australian Capital Territory","ACT",118,3,153455,118,115,0,0,0,0
2021-01-22,"New South Wales","NSW",5083,55,4541913,5083,2802,3,0,0,0
2021-01-22,"Northern Territory","NT",98,0,96629,98,90,8,0,0,0
2021-01-22,"Queensland","QLD",1303,6,1715747,1303,1261,23,1,0,0
2021-01-22,"South Australia","SA",596,4,935333,596,587,0,0,0,0
2021-01-22,"Tasmania","TAS",234,13,156041,234,221,0,0,0,0
2021-01-22,"Victoria","VIC",20433,823,4338030,20433,19582,0,0,0,0
2021-01-22,"Western Australia","WA",890,9,707133,890,869,0,0,0,0
2021-01-23,"Australian Capital Territory","ACT",118,3,153693,118,115,0,0,0,0
2021-01-23,"New South Wales","NSW",5084,55,4553256,5084,2802,3,0,0,0
2021-01-23,"Northern Territory","NT",98,0,97178,98,90,8,0,0,0
2021-01-23,"Queensland","QLD",1303,6,1720934,1303,1266,21,0,0,0
2021-01-23,"South Australia","SA",596,4,938907,596,590,0,0,0,0
2021-01-23,"Tasmania","TAS",234,13,156508,234,221,0,0,0,0
2021-01-23,"Victoria","VIC",20436,823,4353741,20436,19583,0,0,0,0
2021-01-23,"Western Australia","WA",892,9,707133,892,872,0,0,0,0
2021-01-24,"Australian Capital Territory","ACT",118,3,153838,118,115,0,0,0,0
2021-01-24,"New South Wales","NSW",5087,55,4564600,5087,2802,3,0,0,0
2021-01-24,"Northern Territory","NT",98,0,97607,98,90,8,0,0,0
2021-01-24,"Queensland","QLD",1303,6,1725570,1303,1272,15,0,0,0
2021-01-24,"South Australia","SA",596,4,942185,596,591,0,0,0,0
2021-01-24,"Tasmania","TAS",234,13,156742,234,221,0,0,0,0
2021-01-24,"Victoria","VIC",20436,823,4365642,20436,19586,0,0,0,0
2021-01-24,"Western Australia","WA",894,9,707133,894,873,0,0,0,0
2021-01-25,"Australian Capital Territory","ACT",118,3,154027,118,115,0,0,0,0
2021-01-25,"New South Wales","NSW",5090,55,4573289,5090,2802,3,0,0,0
2021-01-25,"Northern Territory","NT",98,0,98056,98,91,7,0,0,0
2021-01-25,"Queensland","QLD",1305,6,1729704,1305,1278,15,0,0,0
2021-01-25,"South Australia","SA",596,4,944370,596,591,0,0,0,0
2021-01-25,"Tasmania","TAS",234,13,156949,234,221,0,0,0,0
2021-01-25,"Victoria","VIC",20442,823,4377448,20442,19591,0,0,0,0
2021-01-25,"Western Australia","WA",894,9,714494,894,873,0,0,0,0
2021-01-26,"Australian Capital Territory","ACT",118,3,154284,118,115,0,0,0,0
2021-01-26,"New South Wales","NSW",5091,55,4581108,5091,2802,4,0,0,0
2021-01-26,"Northern Territory","NT",98,0,98716,98,91,7,0,0,0
2021-01-26,"Queensland","QLD",1305,6,1736013,1305,1278,17,0,0,0
2021-01-26,"South Australia","SA",596,4,947023,596,592,0,0,0,0
2021-01-26,"Tasmania","TAS",234,13,157397,234,221,0,0,0,0
2021-01-26,"Victoria","VIC",20443,823,4389104,20443,19592,0,0,0,0
2021-01-26,"Western Australia","WA",895,9,714494,895,873,0,0,0,0
2021-01-27,"Australian Capital Territory","ACT",118,3,154559,118,115,0,0,0,0
2021-01-27,"New South Wales","NSW",5093,55,4590831,5093,2802,3,0,0,0
2021-01-27,"Northern Territory","NT",98,0,99321,98,93,5,0,0,0
2021-01-27,"Queensland","QLD",1306,6,1740651,1306,1282,13,0,0,0
2021-01-27,"South Australia","SA",596,4,950101,596,592,0,0,0,0
2021-01-27,"Tasmania","TAS",234,13,157749,234,221,0,0,0,0
2021-01-27,"Victoria","VIC",20445,823,4402716,20445,19594,0,0,0,0
2021-01-27,"Western Australia","WA",897,9,718421,897,873,0,0,0,0
2021-01-28,"Australian Capital Territory","ACT",118,3,154835,118,115,0,0,0,0
2021-01-28,"New South Wales","NSW",5096,55,4598640,5096,2802,3,0,0,0
2021-01-28,"Northern Territory","NT",98,0,99963,98,93,5,0,0,0
2021-01-28,"Queensland","QLD",1307,6,1746857,1307,1286,13,0,0,0
2021-01-28,"South Australia","SA",596,4,952164,596,592,0,0,0,0
2021-01-28,"Tasmania","TAS",234,13,158050,234,221,0,0,0,0
2021-01-28,"Victoria","VIC",20447,823,4417210,20447,19600,0,0,0,0
2021-01-28,"Western Australia","WA",898,9,720494,898,875,0,0,0,0
2021-01-29,"Australian Capital Territory","ACT",118,3,155226,118,115,0,0,0,0
2021-01-29,"New South Wales","NSW",5099,55,4610537,5099,2802,2,0,0,0
2021-01-29,"Northern Territory","NT",98,0,100749,98,93,5,0,0,0
2021-01-29,"Queensland","QLD",1309,6,1753816,1309,1286,13,0,0,0
2021-01-29,"South Australia","SA",596,4,955471,596,592,0,0,0,0
2021-01-29,"Tasmania","TAS",234,13,158410,234,221,0,0,0,0
2021-01-29,"Victoria","VIC",20447,823,4432756,20447,19600,0,0,0,0
2021-01-29,"Western Australia","WA",899,9,721959,899,876,0,0,0,0
2021-01-30,"Australian Capital Territory","ACT",118,3,155482,118,115,0,0,0,0
2021-01-30,"New South Wales","NSW",5101,55,4621041,5101,2802,2,0,0,0
2021-01-30,"Northern Territory","NT",98,0,101397,98,93,5,0,0,0
2021-01-30,"Queensland","QLD",1309,6,1760009,1309,1286,7,0,0,0
2021-01-30,"South Australia","SA",596,4,958875,596,592,0,0,0,0
2021-01-30,"Tasmania","TAS",234,13,159086,234,221,0,0,0,0
2021-01-30,"Victoria","VIC",20448,823,4446458,20448,19605,0,0,0,0
2021-01-30,"Western Australia","WA",902,9,721959,902,878,0,0,0,0
2021-01-31,"Australian Capital Territory","ACT",118,3,155768,118,115,0,0,0,0
2021-01-31,"New South Wales","NSW",5104,55,4629852,5104,2802,2,0,0,0
2021-01-31,"Northern Territory","NT",98,0,101772,98,93,5,0,0,0
2021-01-31,"Queensland","QLD",1310,6,1764500,1310,1295,7,0,0,0
2021-01-31,"South Australia","SA",597,4,961700,597,592,0,0,0,0
2021-01-31,"Tasmania","TAS",234,13,159086,234,221,0,0,0,0
2021-01-31,"Victoria","VIC",20448,823,4457139,20448,19608,0,0,0,0
2021-01-31,"Western Australia","WA",903,9,721959,903,881,0,0,0,0
2021-02-01,"Australian Capital Territory","ACT",118,3,156201,118,115,0,0,0,0
2021-02-01,"New South Wales","NSW",5110,55,4635875,5110,2802,1,0,0,0
2021-02-01,"Northern Territory","NT",98,0,102116,98,93,2,0,0,0
2021-02-01,"Queensland","QLD",1310,6,1768259,1310,1295,7,0,0,0
2021-02-01,"South Australia","SA",596,4,963853,596,592,0,0,0,0
2021-02-01,"Tasmania","TAS",234,13,159150,234,221,0,0,0,0
2021-02-01,"Victoria","VIC",20449,823,4467743,20449,19608,0,0,0,0
2021-02-01,"Western Australia","WA",903,9,728898,903,881,0,0,0,0
2021-02-02,"Australian Capital Territory","ACT",118,3,157090,118,115,0,0,0,0
2021-02-02,"New South Wales","NSW",5112,55,4642561,5112,2802,1,0,0,0
2021-02-02,"Northern Territory","NT",98,0,103000,98,97,1,0,0,0
2021-02-02,"Queensland","QLD",1311,6,1774044,1311,1295,6,0,0,0
2021-02-02,"South Australia","SA",597,4,966963,597,592,0,0,0,0
2021-02-02,"Tasmania","TAS",234,13,159620,234,221,0,0,0,0
2021-02-02,"Victoria","VIC",20450,823,4476223,20450,19608,0,0,0,0
2021-02-02,"Western Australia","WA",904,9,738946,904,886,1,0,0,0
2021-02-03,"Australian Capital Territory","ACT",118,3,157813,118,115,0,0,0,0
2021-02-03,"New South Wales","NSW",5114,55,4654377,5114,2802,1,0,0,0
2021-02-03,"Northern Territory","NT",98,0,104108,98,98,1,0,0,0
2021-02-03,"Queensland","QLD",1311,6,1780934,1311,1295,6,0,0,0
2021-02-03,"South Australia","SA",601,4,971699,601,592,0,0,0,0
2021-02-03,"Tasmania","TAS",234,13,160177,234,221,0,0,0,0
2021-02-03,"Victoria","VIC",20449,823,4492365,20449,19608,0,0,0,0
2021-02-03,"Western Australia","WA",904,9,756194,904,886,1,0,0,0
2021-02-04,"Australian Capital Territory","ACT",118,3,158341,118,115,0,0,0,0
2021-02-04,"New South Wales","NSW",5117,55,4664928,5117,2802,2,0,0,0
2021-02-04,"Northern Territory","NT",99,0,104976,99,98,1,0,0,0
2021-02-04,"Queensland","QLD",1311,6,1789160,1311,1295,6,0,0,0
2021-02-04,"South Australia","SA",601,4,975113,601,595,0,0,0,0
2021-02-04,"Tasmania","TAS",234,13,160664,234,221,0,0,0,0
2021-02-04,"Victoria","VIC",20452,823,4506040,20452,19611,0,0,0,0
2021-02-04,"Western Australia","WA",906,9,769625,906,887,1,0,0,0
2021-02-05,"Australian Capital Territory","ACT",118,3,158802,118,115,0,0,0,0
2021-02-05,"New South Wales","NSW",5117,55,4675041,5117,2802,2,0,0,0
2021-02-05,"Northern Territory","NT",99,0,105636,99,98,1,0,0,0
2021-02-05,"Queensland","QLD",1309,6,1795994,1309,1293,6,0,0,0
2021-02-05,"South Australia","SA",602,4,978287,602,596,0,0,0,0
2021-02-05,"Tasmania","TAS",234,13,160971,234,221,0,0,0,0
2021-02-05,"Victoria","VIC",20456,823,4520652,20456,19612,0,0,0,0
2021-02-05,"Western Australia","WA",907,9,779033,907,887,1,0,0,0
2021-02-06,"Australian Capital Territory","ACT",118,3,159142,118,115,0,0,0,0
2021-02-06,"New South Wales","NSW",5119,55,4687562,5119,2802,1,0,0,0
2021-02-06,"Northern Territory","NT",101,0,106257,101,98,3,0,0,0
2021-02-06,"Queensland","QLD",1311,6,1803657,1311,1294,5,0,0,0
2021-02-06,"South Australia","SA",602,4,984710,602,596,0,0,0,0
2021-02-06,"Tasmania","TAS",234,13,161722,234,221,0,0,0,0
2021-02-06,"Victoria","VIC",20456,823,4543879,20456,19614,0,0,0,0
2021-02-06,"Western Australia","WA",907,9,787510,907,887,0,0,0,0
2021-02-07,"Australian Capital Territory","ACT",118,3,159341,118,115,0,0,0,0
2021-02-07,"New South Wales","NSW",5120,55,4696810,5120,2802,1,0,0,0
2021-02-07,"Northern Territory","NT",102,0,106788,102,98,4,0,0,0
2021-02-07,"Queensland","QLD",1312,6,1808282,1312,1294,6,0,0,0
2021-02-07,"South Australia","SA",602,4,990853,602,596,0,0,0,0
2021-02-07,"Tasmania","TAS",234,13,162041,234,221,0,0,0,0
2021-02-07,"Victoria","VIC",20455,823,4558741,20455,19614,0,0,0,0
2021-02-07,"Western Australia","WA",907,9,792774,907,887,0,0,0,0
2021-02-08,"Australian Capital Territory","ACT",118,3,159646,118,115,0,0,0,0
2021-02-08,"New South Wales","NSW",5123,55,4708209,5123,2802,1,0,0,0
2021-02-08,"Northern Territory","NT",102,0,107177,102,98,4,0,0,0
2021-02-08,"Queensland","QLD",1314,6,1812064,1314,1297,5,0,0,0
2021-02-08,"South Australia","SA",603,4,994479,603,596,0,0,0,0
2021-02-08,"Tasmania","TAS",234,13,162317,234,221,0,0,0,0
2021-02-08,"Victoria","VIC",20456,823,4570100,20456,19616,0,0,0,0
2021-02-08,"Western Australia","WA",907,9,800100,907,888,0,0,0,0
2021-02-09,"Australian Capital Territory","ACT",118,3,160213,118,115,0,0,0,0
2021-02-09,"New South Wales","NSW",5125,55,4715524,5125,2802,1,0,0,0
2021-02-09,"Northern Territory","NT",102,0,107952,102,98,4,0,0,0
2021-02-09,"Queensland","QLD",1315,6,1818493,1315,1297,5,0,0,0
2021-02-09,"South Australia","SA",603,4,998660,603,597,0,0,0,0
2021-02-09,"Tasmania","TAS",234,13,162642,234,221,0,0,0,0
2021-02-09,"Victoria","VIC",20456,823,4582916,20456,19621,1,1,0,0
2021-02-09,"Western Australia","WA",907,9,807004,907,889,0,0,0,0
2021-02-10,"Australian Capital Territory","ACT",118,3,161091,118,115,0,0,0,0
2021-02-10,"New South Wales","NSW",5129,55,4734409,5129,2802,1,0,0,0
2021-02-10,"Northern Territory","NT",102,0,108695,102,98,4,0,0,0
2021-02-10,"Queensland","QLD",1316,6,1826625,1316,1297,6,0,0,0
2021-02-10,"South Australia","SA",605,4,1004796,605,597,0,0,0,0
2021-02-10,"Tasmania","TAS",234,13,163104,234,221,0,0,0,0
2021-02-10,"Victoria","VIC",20458,823,4605765,20458,19622,1,1,0,0
2021-02-10,"Western Australia","WA",909,9,813567,909,892,0,0,0,0
2021-02-11,"Australian Capital Territory","ACT",118,3,161619,118,115,0,0,0,0
2021-02-11,"New South Wales","NSW",5132,55,4750806,5132,2802,1,0,0,0
2021-02-11,"Northern Territory","NT",102,0,109433,102,98,4,0,0,0
2021-02-11,"Queensland","QLD",1317,6,1834387,1317,1297,6,0,0,0
2021-02-11,"South Australia","SA",606,4,1011513,606,597,0,0,0,0
2021-02-11,"Tasmania","TAS",234,13,163659,234,221,0,0,0,0
2021-02-11,"Victoria","VIC",20460,823,4628336,20460,19623,1,1,0,0
2021-02-11,"Western Australia","WA",910,9,818788,910,893,0,0,0,0
2021-02-12,"Australian Capital Territory","ACT",118,3,162213,118,115,0,0,0,0
2021-02-12,"New South Wales","NSW",5134,55,4765324,5134,2802,1,0,0,0
2021-02-12,"Northern Territory","NT",102,0,110195,102,98,4,0,0,0
2021-02-12,"Queensland","QLD",1318,6,1841497,1318,1299,6,0,0,0
2021-02-12,"South Australia","SA",606,4,1018117,606,597,0,0,0,0
2021-02-12,"Tasmania","TAS",234,13,164050,234,221,0,0,0,0
2021-02-12,"Victoria","VIC",20465,823,4652545,20465,19626,1,1,0,0
2021-02-12,"Western Australia","WA",910,9,822974,910,894,0,0,0,0
2021-02-13,"Australian Capital Territory","ACT",118,3,162793,118,115,0,0,0,0
2021-02-13,"New South Wales","NSW",5136,55,4778412,5136,2802,1,0,0,0
2021-02-13,"Northern Territory","NT",102,0,110900,102,98,4,0,0,0
2021-02-13,"Queensland","QLD",1320,6,1849094,1320,1300,5,0,0,0
2021-02-13,"South Australia","SA",606,4,1025209,606,599,0,0,0,0
2021-02-13,"Tasmania","TAS",234,13,164538,234,221,0,0,0,0
2021-02-13,"Victoria","VIC",20466,823,4672661,20466,19626,1,1,0,0
2021-02-13,"Western Australia","WA",910,9,822974,910,895,0,0,0,0
2021-02-14,"Australian Capital Territory","ACT",118,3,163172,118,115,0,0,0,0
2021-02-14,"New South Wales","NSW",5138,55,4794714,5138,2802,1,0,0,0
2021-02-14,"Northern Territory","NT",103,0,111590,103,98,5,0,0,0
2021-02-14,"Queensland","QLD",1320,6,1855311,1320,1301,5,0,0,0
2021-02-14,"South Australia","SA",606,4,1031611,606,599,0,0,0,0
2021-02-14,"Tasmania","TAS",234,13,165399,234,221,0,0,0,0
2021-02-14,"Victoria","VIC",20469,823,4694136,20469,19627,1,0,0,0
2021-02-14,"Western Australia","WA",910,9,822974,910,896,0,0,0,0
2021-02-15,"Australian Capital Territory","ACT",118,3,163887,118,115,0,0,0,0
2021-02-15,"New South Wales","NSW",5138,55,4810409,5138,2802,1,0,0,0
2021-02-15,"Northern Territory","NT",103,0,112552,103,98,5,0,0,0
2021-02-15,"Queensland","QLD",1320,6,1860967,1320,1305,7,0,0,0
2021-02-15,"South Australia","SA",606,4,1036547,606,599,0,0,0,0
2021-02-15,"Tasmania","TAS",234,13,165744,234,221,0,0,0,0
2021-02-15,"Victoria","VIC",20471,823,4719280,20471,19630,1,0,0,0
2021-02-15,"Western Australia","WA",910,9,833097,910,896,0,0,0,0
2021-02-16,"Australian Capital Territory","ACT",118,3,164946,118,115,0,0,0,0
2021-02-16,"New South Wales","NSW",5139,55,4822745,5139,2802,1,0,0,0
2021-02-16,"Northern Territory","NT",103,0,113907,103,99,4,0,0,0
2021-02-16,"Queensland","QLD",1320,6,1868418,1320,1305,7,0,0,0
2021-02-16,"South Australia","SA",606,4,1041470,606,599,0,0,0,0
2021-02-16,"Tasmania","TAS",234,13,166626,234,221,0,0,0,0
2021-02-16,"Victoria","VIC",20475,823,4743230,20475,19630,1,0,0,0
2021-02-16,"Western Australia","WA",910,9,836100,910,897,0,0,0,0
2021-02-17,"Australian Capital Territory","ACT",118,3,165642,118,115,0,0,0,0
2021-02-17,"New South Wales","NSW",5143,55,4846208,5143,2802,2,0,0,0
2021-02-17,"Northern Territory","NT",103,0,114733,103,99,4,0,0,0
2021-02-17,"Queensland","QLD",1320,6,1878264,1320,1306,6,0,0,0
2021-02-17,"South Australia","SA",608,4,1047665,608,601,0,0,0,0
2021-02-17,"Tasmania","TAS",234,13,167535,234,221,0,0,0,0
2021-02-17,"Victoria","VIC",20475,823,4782488,20475,19630,0,0,0,0
2021-02-17,"Western Australia","WA",910,9,839767,910,898,0,0,0,0
2021-02-18,"Australian Capital Territory","ACT",118,3,166373,118,115,0,0,0,0
2021-02-18,"New South Wales","NSW",5143,55,4867114,5143,2802,1,0,0,0
2021-02-18,"Northern Territory","NT",103,0,115763,103,99,4,0,0,0
2021-02-18,"Queensland","QLD",1320,6,1887836,1320,1306,6,0,0,0
2021-02-18,"South Australia","SA",608,4,1054126,608,601,0,0,0,0
2021-02-18,"Tasmania","TAS",234,13,168389,234,221,0,0,0,0
2021-02-18,"Victoria","VIC",20476,823,4812749,20476,19631,0,0,0,0
2021-02-18,"Western Australia","WA",910,9,843114,910,898,0,0,0,0
2021-02-19,"Australian Capital Territory","ACT",118,3,167001,118,115,0,0,0,0
2021-02-19,"New South Wales","NSW",5145,55,4884084,5145,2802,1,0,0,0
2021-02-19,"Northern Territory","NT",103,0,116700,103,101,2,0,0,0
2021-02-19,"Queensland","QLD",1321,6,1897113,1321,1307,6,0,0,0
2021-02-19,"South Australia","SA",608,4,1059106,608,601,0,0,0,0
2021-02-19,"Tasmania","TAS",234,13,169082,234,221,0,0,0,0
2021-02-19,"Victoria","VIC",20479,823,4834041,20479,19632,1,1,0,0
2021-02-19,"Western Australia","WA",910,9,845459,910,897,0,0,0,0
2021-02-20,"Australian Capital Territory","ACT",118,3,167473,118,115,0,0,0,0
2021-02-20,"New South Wales","NSW",5146,55,4900506,5146,2802,1,0,0,0
2021-02-20,"Northern Territory","NT",104,0,117514,104,101,3,0,0,0
2021-02-20,"Queensland","QLD",1321,6,1903452,1321,1309,5,0,0,0
2021-02-20,"South Australia","SA",608,4,1063172,608,602,0,0,0,0
2021-02-20,"Tasmania","TAS",234,13,169688,234,221,0,0,0,0
2021-02-20,"Victoria","VIC",20479,823,4851742,20479,19634,1,1,0,0
2021-02-20,"Western Australia","WA",910,9,845459,910,898,0,0,0,0
2021-02-21,"Australian Capital Territory","ACT",118,3,167735,118,115,0,0,0,0
2021-02-21,"New South Wales","NSW",5149,55,4914092,5149,2802,1,0,0,20
2021-02-21,"Northern Territory","NT",104,0,118279,104,101,3,0,0,0
2021-02-21,"Queensland","QLD",1321,6,1908537,1321,1309,5,0,0,0
2021-02-21,"South Australia","SA",610,4,1067502,610,603,0,0,0,0
2021-02-21,"Tasmania","TAS",234,13,170121,234,221,0,0,0,0
2021-02-21,"Victoria","VIC",20479,823,4862081,20479,19634,1,1,0,0
2021-02-21,"Western Australia","WA",911,9,845459,911,899,0,0,0,0
2021-02-22,"Australian Capital Territory","ACT",118,3,167735,118,115,0,0,0,50
2021-02-22,"New South Wales","NSW",5150,55,4926267,5150,2802,1,0,0,1320
2021-02-22,"Northern Territory","NT",104,0,118981,104,101,3,0,0,88
2021-02-22,"Queensland","QLD",1323,6,1912189,1323,1309,6,0,0,0
2021-02-22,"South Australia","SA",610,4,1069938,610,603,0,0,0,0
2021-02-22,"Tasmania","TAS",234,13,170421,234,221,0,0,0,0
2021-02-22,"Victoria","VIC",20479,823,4870358,20479,19634,1,1,0,0
2021-02-22,"Western Australia","WA",912,9,853710,912,899,0,0,0,378
2021-02-23,"Australian Capital Territory","ACT",118,3,169171,118,115,0,0,0,50
2021-02-23,"New South Wales","NSW",5154,55,4936444,5154,2802,1,0,0,1320
2021-02-23,"Northern Territory","NT",104,0,120081,104,101,3,0,0,88
2021-02-23,"Queensland","QLD",1323,6,1918365,1323,1309,7,0,0,203
2021-02-23,"South Australia","SA",612,4,1073938,612,604,0,0,0,168
2021-02-23,"Tasmania","TAS",234,13,171032,234,221,0,0,0,0
2021-02-23,"Victoria","VIC",20479,823,4887628,20479,19634,1,0,0,580
2021-02-23,"Western Australia","WA",913,9,857169,913,901,0,0,0,378
2021-02-24,"Australian Capital Territory","ACT",118,3,169413,118,115,0,0,0,250
2021-02-24,"New South Wales","NSW",5155,55,4954361,5155,2802,2,0,0,3220
2021-02-24,"Northern Territory","NT",104,0,121089,104,101,2,0,0,88
2021-02-24,"Queensland","QLD",1323,6,1926820,1323,1309,7,0,0,527
2021-02-24,"South Australia","SA",613,4,1078780,613,605,0,0,0,403
2021-02-24,"Tasmania","TAS",234,13,171528,234,221,0,0,0,383
2021-02-24,"Victoria","VIC",20479,823,4907829,20479,19639,1,0,0,1255
2021-02-24,"Western Australia","WA",913,9,860784,913,901,0,0,0,800
2021-02-25,"Australian Capital Territory","ACT",118,3,170428,118,115,0,0,0,524
2021-02-25,"New South Wales","NSW",5162,55,4972280,5162,2802,2,0,0,5500
2021-02-25,"Northern Territory","NT",104,0,122255,104,101,1,0,0,88
2021-02-25,"Queensland","QLD",1324,6,1934583,1324,1309,8,0,0,942
2021-02-25,"South Australia","SA",613,4,1081883,613,606,0,0,0,743
2021-02-25,"Tasmania","TAS",234,13,172220,234,221,0,0,0,807
2021-02-25,"Victoria","VIC",20479,823,4926111,20479,19643,2,0,0,2063
2021-02-25,"Western Australia","WA",913,9,860784,913,901,0,0,0,1240
2021-02-26,"Australian Capital Territory","ACT",118,3,171059,118,115,0,0,0,777
2021-02-26,"New South Wales","NSW",5166,55,4987778,5166,2802,3,0,0,7500
2021-02-26,"Northern Territory","NT",105,0,123059,105,101,2,0,0,581
2021-02-26,"Queensland","QLD",1328,6,1942186,1328,1310,10,0,0,1377
2021-02-26,"South Australia","SA",613,4,1085993,613,606,0,0,0,1053
2021-02-26,"Tasmania","TAS",234,13,172896,234,221,0,0,0,1153
2021-02-26,"Victoria","VIC",20481,823,4942695,20481,19644,2,0,0,2894
2021-02-26,"Western Australia","WA",913,9,862767,913,901,0,0,0,1654
2021-02-27,"Australian Capital Territory","ACT",118,3,171401,118,115,0,0,0,980
2021-02-27,"New South Wales","NSW",5172,55,5000449,5172,2802,4,0,0,7500
2021-02-27,"Northern Territory","NT",105,0,123896,105,103,2,0,0,581
2021-02-27,"Queensland","QLD",1329,6,1948040,1329,1310,12,0,0,2030
2021-02-27,"South Australia","SA",613,4,1088868,613,606,0,0,0,1371
2021-02-27,"Tasmania","TAS",234,13,173442,234,221,0,0,0,1153
2021-02-27,"Victoria","VIC",20481,823,4953002,20481,19646,3,1,0,3613
2021-02-27,"Western Australia","WA",913,9,862767,913,901,0,0,0,2299
2021-02-28,"Australian Capital Territory","ACT",118,3,171667,118,115,0,0,0,980
2021-02-28,"New South Wales","NSW",5177,55,5011674,5177,2802,4,0,0,7500
2021-02-28,"Northern Territory","NT",105,0,124444,105,103,2,0,0,581
2021-02-28,"Queensland","QLD",1329,6,1953278,1329,1311,11,0,0,2030
2021-02-28,"South Australia","SA",613,4,1091410,613,606,0,0,0,1481
2021-02-28,"Tasmania","TAS",234,13,173783,234,221,0,0,0,1153
2021-02-28,"Victoria","VIC",20481,823,4960442,20481,19646,2,1,0,3762
2021-02-28,"Western Australia","WA",913,9,862767,913,901,0,0,0,2584
2021-03-01,"Australian Capital Territory","ACT",118,3,172083,118,115,0,0,0,978
2021-03-01,"New South Wales","NSW",5180,55,5022326,5180,2802,4,1,0,10339
2021-03-01,"Northern Territory","NT",105,0,124854,105,103,2,0,0,748
2021-03-01,"Queensland","QLD",1331,6,1957026,1331,1313,9,0,0,2030
2021-03-01,"South Australia","SA",616,4,1093218,616,606,0,0,0,1630
2021-03-01,"Tasmania","TAS",234,13,174003,234,221,0,0,0,1165
2021-03-01,"Victoria","VIC",20481,823,4967414,20481,19650,2,0,0,3862
2021-03-01,"Western Australia","WA",913,9,862767,913,901,0,0,0,2879
2021-03-02,"Australian Capital Territory","ACT",118,3,172917,118,115,0,0,0,1173
2021-03-02,"New South Wales","NSW",5183,55,5029902,5183,2802,6,1,0,12424
2021-03-02,"Northern Territory","NT",105,0,125987,105,103,2,0,0,1000
2021-03-02,"Queensland","QLD",1335,6,1962878,1335,1313,14,0,0,3010
2021-03-02,"South Australia","SA",617,4,1095599,617,610,0,0,0,1920
2021-03-02,"Tasmania","TAS",234,13,174698,234,221,0,0,0,1165
2021-03-02,"Victoria","VIC",20481,823,4980939,20481,19651,2,0,0,5020
2021-03-02,"Western Australia","WA",913,9,870745,913,901,0,0,0,2862
2021-03-03,"Australian Capital Territory","ACT",120,3,173692,120,115,0,0,0,1319
2021-03-03,"New South Wales","NSW",5189,55,5046949,5189,2802,3,1,0,15000
2021-03-03,"Northern Territory","NT",105,0,127131,105,104,1,0,0,1000
2021-03-03,"Queensland","QLD",1335,6,1970686,1335,1314,14,0,0,4212
2021-03-03,"South Australia","SA",618,4,1098890,618,610,0,0,0,2326
2021-03-03,"Tasmania","TAS",234,13,175389,234,221,0,0,0,1165
2021-03-03,"Victoria","VIC",20481,823,4999764,20481,19653,2,0,0,6676
2021-03-03,"Western Australia","WA",914,9,874087,914,901,0,0,0,3519
2021-03-04,"Australian Capital Territory","ACT",120,3,174387,120,115,0,0,0,1563
2021-03-04,"New South Wales","NSW",5193,55,5061804,5193,2802,3,1,0,16805
2021-03-04,"Northern Territory","NT",105,0,128049,105,104,1,0,0,1588
2021-03-04,"Queensland","QLD",1342,6,1977870,1342,1314,20,0,0,5409
2021-03-04,"South Australia","SA",618,4,1101682,618,610,0,0,0,2682
2021-03-04,"Tasmania","TAS",234,13,176124,234,221,0,0,0,1970
2021-03-04,"Victoria","VIC",20481,823,5018897,20481,19654,2,0,0,8645
2021-03-04,"Western Australia","WA",914,9,876822,914,902,0,0,0,4346
2021-03-05,"Australian Capital Territory","ACT",120,3,174877,120,115,0,0,0,1757
2021-03-05,"New South Wales","NSW",5204,55,5075193,5204,2802,2,1,0,19027
2021-03-05,"Northern Territory","NT",105,0,129006,105,105,1,0,0,1840
2021-03-05,"Queensland","QLD",1344,6,1985408,1344,1316,21,0,0,6534
2021-03-05,"South Australia","SA",618,4,1103980,618,610,0,0,0,3062
2021-03-05,"Tasmania","TAS",234,13,176830,234,221,0,0,0,2327
2021-03-05,"Victoria","VIC",20481,823,5038743,20481,19656,1,0,0,10907
2021-03-05,"Western Australia","WA",914,9,879233,914,902,0,0,0,5546
2021-03-06,"Australian Capital Territory","ACT",120,3,175363,120,115,0,0,0,1949
2021-03-06,"New South Wales","NSW",5207,55,5086787,5207,2802,3,1,0,19027
2021-03-06,"Northern Territory","NT",105,0,129873,105,105,1,0,0,1840
2021-03-06,"Queensland","QLD",1348,6,1991846,1348,1316,24,0,0,8008
2021-03-06,"South Australia","SA",618,4,1106374,618,611,0,0,0,3455
2021-03-06,"Tasmania","TAS",234,13,177409,234,221,0,0,0,2327
2021-03-06,"Victoria","VIC",20482,823,5053557,20482,19656,1,0,0,12851
2021-03-06,"Western Australia","WA",916,9,879233,916,903,0,0,0,6616
2021-03-07,"Australian Capital Territory","ACT",122,3,175733,122,115,0,0,0,1949
2021-03-07,"New South Wales","NSW",5209,55,5096514,5209,2802,4,1,0,19027
2021-03-07,"Northern Territory","NT",105,0,130350,105,105,0,0,0,1840
2021-03-07,"Queensland","QLD",1351,6,1995956,1351,1316,25,0,0,8300
2021-03-07,"South Australia","SA",618,4,1108652,618,611,0,0,0,3585
2021-03-07,"Tasmania","TAS",234,13,177808,234,221,0,0,0,2327
2021-03-07,"Victoria","VIC",20481,823,5064581,20481,19656,0,0,0,13578
2021-03-07,"Western Australia","WA",917,9,879233,917,903,0,0,0,6872
2021-03-08,"Australian Capital Territory","ACT",122,3,176086,122,115,0,0,0,1951
2021-03-08,"New South Wales","NSW",5210,55,5106606,5210,2802,4,1,0,21763
2021-03-08,"Northern Territory","NT",105,0,131169,105,105,0,0,0,2066
2021-03-08,"Queensland","QLD",1356,6,1999788,1356,1316,25,0,0,8300
2021-03-08,"South Australia","SA",618,4,1110553,618,611,0,0,0,3705
2021-03-08,"Tasmania","TAS",234,13,178006,234,221,0,0,0,2327
2021-03-08,"Victoria","VIC",20482,823,5074574,20482,19657,0,0,0,14422
2021-03-08,"Western Australia","WA",919,9,887191,919,903,0,0,0,7840
2021-03-09,"Australian Capital Territory","ACT",122,3,176507,122,115,0,0,0,2157
2021-03-09,"New South Wales","NSW",5215,55,5113431,5215,2802,4,1,1,23923
2021-03-09,"Northern Territory","NT",105,0,131897,105,105,0,0,0,2349
2021-03-09,"Queensland","QLD",1362,6,2004943,1362,1318,33,0,0,10092
2021-03-09,"South Australia","SA",620,4,1113208,620,611,0,0,0,3824
2021-03-09,"Tasmania","TAS",234,13,178379,234,221,0,0,0,2327
2021-03-09,"Victoria","VIC",20483,823,5083425,20483,19657,0,0,0,15494
2021-03-09,"Western Australia","WA",920,9,889786,920,903,0,0,0,9289
2021-03-10,"Australian Capital Territory","ACT",123,3,177248,123,115,0,0,0,2382
2021-03-10,"New South Wales","NSW",5220,55,5128965,5220,2802,5,1,1,27000
2021-03-10,"Northern Territory","NT",105,0,132691,105,105,0,0,0,2684
2021-03-10,"Queensland","QLD",1368,6,2012660,1368,1321,37,0,0,11996
2021-03-10,"South Australia","SA",621,4,1115399,621,613,0,0,0,4274
2021-03-10,"Tasmania","TAS",234,13,179006,234,221,0,0,0,2713
2021-03-10,"Victoria","VIC",20483,823,5100039,20483,19657,0,0,0,18325
2021-03-10,"Western Australia","WA",921,9,892877,921,903,0,0,0,11373
2021-03-11,"Australian Capital Territory","ACT",123,3,177910,123,115,0,0,0,2687
2021-03-11,"New South Wales","NSW",5226,55,5143100,5226,2802,5,1,0,31313
2021-03-11,"Northern Territory","NT",105,0,133607,105,105,0,0,0,3070
2021-03-11,"Queensland","QLD",1373,6,2020693,1373,1321,41,0,0,13989
2021-03-11,"South Australia","SA",624,4,1119221,624,617,0,0,0,4871
2021-03-11,"Tasmania","TAS",234,13,179832,234,221,0,0,0,3255
2021-03-11,"Victoria","VIC",20483,823,5120078,20483,19660,0,0,0,22317
2021-03-11,"Western Australia","WA",922,9,895455,922,905,0,0,0,13498
2021-03-12,"Australian Capital Territory","ACT",123,3,178346,123,115,0,0,0,3025
2021-03-12,"New South Wales","NSW",5234,55,5154150,5234,2802,6,1,0,31313
2021-03-12,"Northern Territory","NT",105,0,134277,105,105,0,0,0,3262
2021-03-12,"Queensland","QLD",1375,6,2027655,1375,1324,38,0,0,16120
2021-03-12,"South Australia","SA",626,4,1122985,626,618,0,0,0,5822
2021-03-12,"Tasmania","TAS",234,13,180617,234,221,0,0,0,3667
2021-03-12,"Victoria","VIC",20483,823,5138905,20483,19660,0,0,0,25948
2021-03-12,"Western Australia","WA",922,9,897976,922,905,0,0,0,15952
2021-03-13,"Australian Capital Territory","ACT",123,3,178877,123,115,0,0,0,3667
2021-03-13,"New South Wales","NSW",5234,55,5164144,5234,2802,6,0,0,36820
2021-03-13,"Northern Territory","NT",105,0,135033,105,105,0,0,0,3519
2021-03-13,"Queensland","QLD",1379,6,2033312,1379,1325,42,0,0,18411
2021-03-13,"South Australia","SA",631,4,1125960,631,620,0,0,0,6878
2021-03-13,"Tasmania","TAS",234,13,181081,234,221,0,0,0,3667
2021-03-13,"Victoria","VIC",20483,823,5155517,20483,19660,0,0,0,30298
2021-03-13,"Western Australia","WA",923,9,897976,923,905,0,0,0,17748
2021-03-14,"Australian Capital Territory","ACT",123,3,179155,123,115,0,0,0,3363
2021-03-14,"New South Wales","NSW",5237,55,5173413,5237,2802,5,0,0,36820
2021-03-14,"Northern Territory","NT",105,0,135564,105,105,0,0,0,3519
2021-03-14,"Queensland","QLD",1380,6,2038338,1380,1325,36,0,0,18705
2021-03-14,"South Australia","SA",631,4,1128527,631,620,0,0,0,7124
2021-03-14,"Tasmania","TAS",234,13,181420,234,221,0,0,0,3667
2021-03-14,"Victoria","VIC",20483,823,5166899,20483,19661,0,0,0,31202
2021-03-14,"Western Australia","WA",924,9,897976,924,906,0,0,0,18391
2021-03-15,"Australian Capital Territory","ACT",123,3,179555,123,115,0,0,0,3363
2021-03-15,"New South Wales","NSW",5240,55,5181612,5240,2802,5,0,0,37553
2021-03-15,"Northern Territory","NT",105,0,136368,105,105,0,0,0,3519
2021-03-15,"Queensland","QLD",1386,6,2042714,1386,1328,32,0,0,18705
2021-03-15,"South Australia","SA",634,4,1130470,634,620,0,0,0,7272
2021-03-15,"Tasmania","TAS",234,13,181680,234,221,0,0,0,3853
2021-03-15,"Victoria","VIC",20483,823,5176595,20483,19661,0,0,0,31808
2021-03-15,"Western Australia","WA",925,9,904610,925,906,0,0,0,18948
2021-03-16,"Australian Capital Territory","ACT",123,3,180278,123,115,0,0,0,3869
2021-03-16,"New South Wales","NSW",5242,55,5187869,5242,2802,5,0,0,37553
2021-03-16,"Northern Territory","NT",105,0,137546,105,105,0,0,0,3715
2021-03-16,"Queensland","QLD",1388,6,2049862,1388,1328,38,0,0,21861
2021-03-16,"South Australia","SA",636,4,1132925,636,620,0,0,0,8300
2021-03-16,"Tasmania","TAS",234,13,182369,234,221,0,0,0,4616
2021-03-16,"Victoria","VIC",20483,823,5189233,20483,19661,0,0,0,35282
2021-03-16,"Western Australia","WA",926,9,907365,926,907,0,0,0,20550
2021-03-17,"Australian Capital Territory","ACT",123,3,180800,123,115,0,0,0,4373
2021-03-17,"New South Wales","NSW",5248,55,5202124,5248,2802,5,1,0,46820
2021-03-17,"Northern Territory","NT",106,0,138459,106,105,1,0,0,4096
2021-03-17,"Queensland","QLD",1394,6,2060035,1394,1330,41,0,0,25173
2021-03-17,"South Australia","SA",638,4,1136338,638,620,0,0,0,9831
2021-03-17,"Tasmania","TAS",234,13,182995,234,221,0,0,0,5765
2021-03-17,"Victoria","VIC",20483,823,5210697,20483,19661,0,0,0,38948
2021-03-17,"Western Australia","WA",927,9,910259,927,907,0,0,0,22944
2021-03-18,"Australian Capital Territory","ACT",123,3,181296,123,115,0,0,0,4875
2021-03-18,"New South Wales","NSW",5251,55,5216173,5251,2802,5,1,0,51607
2021-03-18,"Northern Territory","NT",106,0,139289,106,105,1,0,0,4473
2021-03-18,"Queensland","QLD",1402,6,2067609,1402,1330,40,0,0,28533
2021-03-18,"South Australia","SA",640,4,1139341,640,621,0,0,0,11362
2021-03-18,"Tasmania","TAS",234,13,183774,234,221,0,0,0,6715
2021-03-18,"Victoria","VIC",20483,823,5231987,20483,19661,0,0,0,42989
2021-03-18,"Western Australia","WA",927,9,912734,927,908,0,0,0,25503
2021-03-19,"Australian Capital Territory","ACT",123,3,181792,123,116,0,0,0,5379
2021-03-19,"New South Wales","NSW",5256,55,5228045,5256,2802,5,0,0,51607
2021-03-19,"Northern Territory","NT",106,0,140150,106,105,1,0,0,4784
2021-03-19,"Queensland","QLD",1411,6,2075843,1411,1330,57,1,0,32527
2021-03-19,"South Australia","SA",641,4,1142127,641,622,0,0,0,12961
2021-03-19,"Tasmania","TAS",234,13,184378,234,221,0,0,0,7631
2021-03-19,"Victoria","VIC",20483,823,5248413,20483,19661,0,0,0,47731
2021-03-19,"Western Australia","WA",929,9,915537,929,908,0,0,0,28134
2021-03-20,"Australian Capital Territory","ACT",123,3,182114,123,116,0,0,0,5901
2021-03-20,"New South Wales","NSW",5259,55,5238420,5259,2802,5,0,0,51607
2021-03-20,"Northern Territory","NT",106,0,140924,106,105,1,0,0,5083
2021-03-20,"Queensland","QLD",1415,6,2083255,1415,1331,58,3,0,36704
2021-03-20,"South Australia","SA",642,4,1144441,642,622,0,0,0,14051
2021-03-20,"Tasmania","TAS",234,13,185111,234,221,0,0,0,7631
2021-03-20,"Victoria","VIC",20483,823,5262520,20483,19661,0,0,0,52283
2021-03-20,"Western Australia","WA",930,9,915537,930,908,0,0,0,30571
2021-03-21,"Australian Capital Territory","ACT",123,3,182300,123,116,0,0,0,5901
2021-03-21,"New South Wales","NSW",5261,55,5254203,5261,2802,5,0,0,51607
2021-03-21,"Northern Territory","NT",106,0,141418,106,105,1,0,0,5083
2021-03-21,"Queensland","QLD",1417,6,2087537,1417,1331,54,2,0,37002
2021-03-21,"South Australia","SA",642,4,1146471,642,624,0,0,0,14365
2021-03-21,"Tasmania","TAS",234,13,185358,234,221,0,0,0,7631
2021-03-21,"Victoria","VIC",20483,823,5274908,20483,19662,0,0,0,53681
2021-03-21,"Western Australia","WA",930,9,915537,930,909,0,0,0,31512
2021-03-22,"Australian Capital Territory","ACT",123,3,182510,123,116,0,0,0,6536
2021-03-22,"New South Wales","NSW",5266,55,5262540,5266,2802,5,0,0,64650
2021-03-22,"Northern Territory","NT",106,0,142076,106,105,1,0,0,5083
2021-03-22,"Queensland","QLD",1421,6,2091350,1421,1334,58,1,0,37002
2021-03-22,"South Australia","SA",642,4,1148372,642,624,0,0,0,14916
2021-03-22,"Tasmania","TAS",234,13,185904,234,221,0,0,0,8267
2021-03-22,"Victoria","VIC",20483,823,5284301,20483,19662,0,0,0,55023
2021-03-22,"Western Australia","WA",931,9,921227,931,911,0,0,0,32115
2021-03-23,"Australian Capital Territory","ACT",123,3,183001,123,116,0,0,0,7251
2021-03-23,"New South Wales","NSW",5270,55,5267667,5270,2802,5,0,0,72943
2021-03-23,"Northern Territory","NT",106,0,142990,106,105,1,0,0,5371
2021-03-23,"Queensland","QLD",1422,6,2095838,1422,1335,60,1,0,40870
2021-03-23,"South Australia","SA",642,4,1150820,642,624,0,0,0,16949
2021-03-23,"Tasmania","TAS",234,13,186238,234,221,0,0,0,8843
2021-03-23,"Victoria","VIC",20483,823,5297850,20483,19663,0,0,0,59509
2021-03-23,"Western Australia","WA",931,9,923448,931,912,0,0,0,34877
2021-03-24,"Australian Capital Territory","ACT",123,3,183465,123,117,0,0,0,7513
2021-03-24,"New South Wales","NSW",5272,55,5279989,5272,2802,5,0,0,72943
2021-03-24,"Northern Territory","NT",106,0,143810,106,105,1,0,0,5679
2021-03-24,"Queensland","QLD",1426,6,2103710,1426,1337,66,1,0,45068
2021-03-24,"South Australia","SA",644,4,1154157,644,625,0,0,0,17751
2021-03-24,"Tasmania","TAS",234,13,187048,234,221,0,0,0,9854
2021-03-24,"Victoria","VIC",20483,823,5317581,20483,19663,0,0,0,63894
2021-03-24,"Western Australia","WA",932,9,925818,932,913,0,0,0,36690
2021-03-25,"Australian Capital Territory","ACT",123,3,183840,123,117,0,0,0,8035
2021-03-25,"New South Wales","NSW",5275,55,5290147,5275,2802,5,0,0,72943
2021-03-25,"Northern Territory","NT",106,0,144652,106,105,1,0,0,6186
2021-03-25,"Queensland","QLD",1429,6,2110222,1429,1338,65,1,0,49462
2021-03-25,"South Australia","SA",644,4,1156493,644,628,0,0,0,19255
2021-03-25,"Tasmania","TAS",234,13,187925,234,221,0,0,0,11007
2021-03-25,"Victoria","VIC",20483,823,5333027,20483,19663,0,0,0,69592
2021-03-25,"Western Australia","WA",934,9,928277,934,915,0,0,0,39259
2021-03-26,"Australian Capital Territory","ACT",123,3,184203,123,119,0,0,0,8563
2021-03-26,"New South Wales","NSW",5278,55,5300051,5278,2802,4,0,0,89196
2021-03-26,"Northern Territory","NT",106,0,145704,106,105,1,0,0,6578
2021-03-26,"Queensland","QLD",1437,6,2117806,1437,1338,69,1,0,53893
2021-03-26,"South Australia","SA",645,4,1159015,645,630,0,0,0,20832
2021-03-26,"Tasmania","TAS",234,13,188620,234,221,0,0,0,11728
2021-03-26,"Victoria","VIC",20483,823,5346827,20483,19663,0,0,0,75626
2021-03-26,"Western Australia","WA",934,9,931175,934,915,0,0,0,41665
2021-03-27,"Australian Capital Territory","ACT",123,3,184456,123,119,0,0,0,9096
2021-03-27,"New South Wales","NSW",5281,55,5308307,5281,2802,4,0,0,89196
2021-03-27,"Northern Territory","NT",107,0,146727,107,105,0,0,0,6578
2021-03-27,"Queensland","QLD",1443,6,2124687,1443,1339,71,2,0,58439
2021-03-27,"South Australia","SA",648,4,1161382,648,630,0,0,0,22272
2021-03-27,"Tasmania","TAS",234,13,189231,234,221,0,0,0,11728
2021-03-27,"Victoria","VIC",20483,823,5357113,20483,19663,0,0,0,80698
2021-03-27,"Western Australia","WA",934,9,931175,934,915,0,0,0,44047
2021-03-28,"Australian Capital Territory","ACT",123,3,184842,123,120,0,0,0,9429
2021-03-28,"New South Wales","NSW",5281,55,5316511,5281,2802,4,0,0,89196
2021-03-28,"Northern Territory","NT",108,0,147417,108,106,2,0,0,6578
2021-03-28,"Queensland","QLD",1446,6,2136035,1446,1339,71,2,0,58930
2021-03-28,"South Australia","SA",650,4,1164046,650,631,0,0,0,22497
2021-03-28,"Tasmania","TAS",234,13,189622,234,221,0,0,0,11728
2021-03-28,"Victoria","VIC",20483,823,5368821,20483,19663,0,0,0,84210
2021-03-28,"Western Australia","WA",935,9,931175,935,915,0,0,0,44542
2021-03-29,"Australian Capital Territory","ACT",123,3,185578,123,120,0,0,0,9746
2021-03-29,"New South Wales","NSW",5283,55,5324548,5283,2802,3,0,0,96273
2021-03-29,"Northern Territory","NT",108,0,148419,108,106,2,0,0,7027
2021-03-29,"Queensland","QLD",1456,6,2147661,1456,1343,73,2,0,59126
2021-03-29,"South Australia","SA",652,4,1166599,652,632,0,0,0,22787
2021-03-29,"Tasmania","TAS",234,13,189955,234,221,0,0,0,13091
2021-03-29,"Victoria","VIC",20484,823,5382784,20484,19663,0,0,0,86282
2021-03-29,"Western Australia","WA",938,9,938011,938,916,0,0,0,45091
2021-03-30,"Australian Capital Territory","ACT",123,3,187061,123,120,0,0,0,10281
2021-03-30,"New South Wales","NSW",5288,55,5331851,5288,2802,3,0,0,96273
2021-03-30,"Northern Territory","NT",108,0,149662,108,106,2,0,0,7364
2021-03-30,"Queensland","QLD",1466,6,2162250,1466,1343,78,2,0,65129
2021-03-30,"South Australia","SA",655,4,1169973,655,633,0,0,0,24145
2021-03-30,"Tasmania","TAS",234,13,190612,234,221,0,0,0,13750
2021-03-30,"Victoria","VIC",20484,823,5395676,20484,19663,0,0,0,92765
2021-03-30,"Western Australia","WA",938,9,941359,938,918,0,0,0,47701
2021-03-31,"Australian Capital Territory","ACT",123,3,188408,123,120,0,0,0,10819
2021-03-31,"New South Wales","NSW",5292,55,5349244,5292,2802,3,0,0,100000
2021-03-31,"Northern Territory","NT",108,0,151038,108,106,2,0,0,7789
2021-03-31,"Queensland","QLD",1467,6,2195658,1467,1343,71,1,0,71942
2021-03-31,"South Australia","SA",655,4,1175046,655,640,0,0,0,25535
2021-03-31,"Tasmania","TAS",234,13,191816,234,221,0,0,0,13750
2021-03-31,"Victoria","VIC",20484,823,5417745,20484,19663,0,0,0,99065
2021-03-31,"Western Australia","WA",942,9,944265,942,918,0,0,0,50731
2021-04-01,"Australian Capital Territory","ACT",123,3,189605,123,120,0,0,0,11361
2021-04-01,"New South Wales","NSW",5296,55,5369703,5296,2802,3,0,0,117389
2021-04-01,"Northern Territory","NT",109,0,152262,109,106,2,0,0,8277
2021-04-01,"Queensland","QLD",1477,6,2230369,1477,1343,82,1,0,79534
2021-04-01,"South Australia","SA",656,4,1178994,656,640,0,0,0,27023
2021-04-01,"Tasmania","TAS",234,13,193694,234,221,0,0,0,15077
2021-04-01,"Victoria","VIC",20484,823,5437175,20484,19663,0,0,0,107522
2021-04-01,"Western Australia","WA",944,9,947084,944,918,0,0,0,53482
2021-04-02,"Australian Capital Territory","ACT",123,3,190165,123,120,0,0,0,11361
2021-04-02,"New South Wales","NSW",5296,55,5389764,5296,2802,2,0,0,124345
2021-04-02,"Northern Territory","NT",111,0,153200,111,106,2,0,0,8277
2021-04-02,"Queensland","QLD",1485,6,2265726,1485,1343,82,1,0,87220
2021-04-02,"South Australia","SA",658,4,1182622,658,641,0,0,0,28337
2021-04-02,"Tasmania","TAS",234,13,195401,234,221,0,0,0,15077
2021-04-02,"Victoria","VIC",20484,823,5453004,20484,19663,0,0,0,115077
2021-04-02,"Western Australia","WA",944,9,947084,944,919,0,0,0,56337
2021-04-03,"Australian Capital Territory","ACT",123,3,190392,123,120,0,0,0,12430
2021-04-03,"New South Wales","NSW",5299,55,5403224,5299,2802,2,0,0,125195
2021-04-03,"Northern Territory","NT",111,0,153909,111,106,2,0,0,8277
2021-04-03,"Queensland","QLD",1488,6,2291563,1488,1353,74,2,0,88248
2021-04-03,"South Australia","SA",658,4,1185770,658,642,0,0,0,28614
2021-04-03,"Tasmania","TAS",234,13,196019,234,221,0,0,0,15077
2021-04-03,"Victoria","VIC",20484,823,5465083,20484,19663,0,0,0,115987
2021-04-03,"Western Australia","WA",944,9,947084,944,921,0,0,0,56649
2021-04-04,"Australian Capital Territory","ACT",123,3,190613,123,120,0,0,0,12778
2021-04-04,"New South Wales","NSW",5300,55,5409473,5300,2802,2,0,0,126494
2021-04-04,"Northern Territory","NT",112,0,154493,112,106,6,0,0,8647
2021-04-04,"Queensland","QLD",1489,6,2305574,1489,1353,72,2,0,88282
2021-04-04,"South Australia","SA",659,4,1187106,659,643,1,1,0,28759
2021-04-04,"Tasmania","TAS",234,13,196397,234,221,0,0,0,17511
2021-04-04,"Victoria","VIC",20484,823,5474659,20484,19663,0,0,0,116234
2021-04-04,"Western Australia","WA",947,9,947084,947,922,0,0,0,56872
2021-04-05,"Australian Capital Territory","ACT",123,3,190805,123,120,0,0,0,13110
2021-04-05,"New South Wales","NSW",5303,55,5417446,5303,2802,2,0,0,126526
2021-04-05,"Northern Territory","NT",112,0,154933,112,106,6,0,0,8717
2021-04-05,"Queensland","QLD",1492,6,2313088,1492,1353,75,2,0,88282
2021-04-05,"South Australia","SA",661,4,1190605,661,644,1,1,0,28933
2021-04-05,"Tasmania","TAS",234,13,196779,234,221,0,0,0,17511
2021-04-05,"Victoria","VIC",20484,823,5481736,20484,19663,0,0,0,116677
2021-04-05,"Western Australia","WA",948,9,947084,948,922,0,0,0,57018
2021-04-06,"Australian Capital Territory","ACT",123,3,191107,123,120,0,0,0,13774
2021-04-06,"New South Wales","NSW",5310,55,5422265,5310,2802,2,0,0,127339
2021-04-06,"Northern Territory","NT",112,0,155455,112,106,6,0,0,9028
2021-04-06,"Queensland","QLD",1491,6,2318436,1491,1357,70,1,0,89350
2021-04-06,"South Australia","SA",661,4,1192514,661,649,1,1,0,29355
2021-04-06,"Tasmania","TAS",234,13,197119,234,221,0,0,0,17511
2021-04-06,"Victoria","VIC",20484,823,5489089,20484,19663,0,0,0,117700
2021-04-06,"Western Australia","WA",950,9,955072,950,923,0,0,0,57464
2021-04-07,"Australian Capital Territory","ACT",123,3,191765,123,120,0,0,0,14445
2021-04-07,"New South Wales","NSW",5316,55,5427141,5316,2802,2,0,0,134323
2021-04-07,"Northern Territory","NT",112,0,157018,112,106,6,0,0,9600
2021-04-07,"Queensland","QLD",1497,6,2326788,1497,1366,73,1,0,94762
2021-04-07,"South Australia","SA",662,4,1195026,662,649,1,1,0,30735
2021-04-07,"Tasmania","TAS",234,13,197555,234,221,0,0,0,17511
2021-04-07,"Victoria","VIC",20484,823,5500835,20484,19663,0,0,0,123759
2021-04-07,"Western Australia","WA",951,9,957490,951,924,0,0,0,59765
2021-04-08,"Australian Capital Territory","ACT",123,3,192280,123,120,0,0,0,15134
2021-04-08,"New South Wales","NSW",5318,55,5438835,5318,2802,2,0,0,140551
2021-04-08,"Northern Territory","NT",112,0,157866,112,107,5,0,0,9600
2021-04-08,"Queensland","QLD",1500,6,2336802,1500,1366,68,1,0,100298
2021-04-08,"South Australia","SA",663,4,1199129,663,651,1,1,0,32635
2021-04-08,"Tasmania","TAS",234,13,198428,234,221,0,0,0,19903
2021-04-08,"Victoria","VIC",20484,823,5514126,20484,19664,0,0,0,129537
2021-04-08,"Western Australia","WA",951,9,960701,951,928,0,0,0,62297
2021-04-09,"Australian Capital Territory","ACT",123,3,192641,123,120,0,0,0,29049
2021-04-09,"New South Wales","NSW",5320,55,5452913,5320,2802,2,0,0,316187
2021-04-09,"Northern Territory","NT",112,0,159043,112,107,5,0,0,14117
2021-04-09,"Queensland","QLD",1501,6,2346536,1501,1376,68,1,0,222884
2021-04-09,"South Australia","SA",665,4,1203079,665,651,1,1,0,80497
2021-04-09,"Tasmania","TAS",234,13,199231,234,221,0,0,0,40196
2021-04-09,"Victoria","VIC",20484,823,5532589,20484,19664,0,0,0,261050
2021-04-09,"Western Australia","WA",951,9,963123,951,932,0,0,0,113531
2021-04-10,"Australian Capital Territory","ACT",123,3,192984,123,120,0,0,0,30349
2021-04-10,"New South Wales","NSW",5324,55,5461599,5324,2802,1,0,0,335270
2021-04-10,"Northern Territory","NT",112,0,159802,112,107,5,0,0,14966
2021-04-10,"Queensland","QLD",1502,6,2353961,1502,1381,62,1,0,235734
2021-04-10,"South Australia","SA",665,4,1206196,665,654,1,1,0,86580
2021-04-10,"Tasmania","TAS",234,13,199971,234,221,0,0,0,42988
2021-04-10,"Victoria","VIC",20485,823,5545688,20485,19664,0,0,0,274306
2021-04-10,"Western Australia","WA",951,9,963123,951,933,0,0,0,118673
2021-04-11,"Australian Capital Territory","ACT",123,3,193180,123,120,0,0,0,31351
2021-04-11,"New South Wales","NSW",5330,55,5469526,5330,2802,2,0,0,342315
2021-04-11,"Northern Territory","NT",112,0,160350,112,107,5,0,0,15000
2021-04-11,"Queensland","QLD",1502,6,2359671,1502,1381,57,0,0,240995
2021-04-11,"South Australia","SA",666,4,1209621,666,657,1,1,0,88589
2021-04-11,"Tasmania","TAS",234,13,200390,234,221,0,0,0,44886
2021-04-11,"Victoria","VIC",20485,823,5557708,20485,19664,0,0,0,281714
2021-04-11,"Western Australia","WA",953,9,963123,953,933,0,0,0,121718
2021-04-12,"Australian Capital Territory","ACT",123,3,193491,123,120,0,0,0,32373
2021-04-12,"New South Wales","NSW",5339,55,5476724,5339,2802,2,0,0,344318
2021-04-12,"Northern Territory","NT",112,0,160990,112,108,4,0,0,15026
2021-04-12,"Queensland","QLD",1504,6,2363449,1504,1381,55,0,0,243254
2021-04-12,"South Australia","SA",666,4,1212292,666,657,1,1,0,89762
2021-04-12,"Tasmania","TAS",234,13,200745,234,221,0,0,0,45555
2021-04-12,"Victoria","VIC",20487,823,5567211,20487,19664,0,0,0,285242
2021-04-12,"Western Australia","WA",954,9,970984,954,935,0,0,0,122772
2021-04-13,"Australian Capital Territory","ACT",123,3,193948,123,120,0,0,0,32974
2021-04-13,"New South Wales","NSW",5344,55,5482234,5344,2802,3,1,0,348677
2021-04-13,"Northern Territory","NT",112,0,161813,112,108,4,0,0,15026
2021-04-13,"Queensland","QLD",1506,7,2368757,1506,1381,54,0,0,246359
2021-04-13,"South Australia","SA",674,4,1214869,674,657,1,1,0,91312
2021-04-13,"Tasmania","TAS",234,13,201286,234,221,0,0,0,46442
2021-04-13,"Victoria","VIC",20487,823,5577549,20487,19664,0,0,0,288720
2021-04-13,"Western Australia","WA",957,9,973942,957,937,1,0,0,124521
2021-04-14,"Australian Capital Territory","ACT",123,3,194398,123,120,0,0,0,34968
2021-04-14,"New South Wales","NSW",5347,55,5494494,5347,2802,2,1,0,382687
2021-04-14,"Northern Territory","NT",112,0,162722,112,108,5,0,0,16478
2021-04-14,"Queensland","QLD",1508,7,2377003,1508,1397,50,0,0,266103
2021-04-14,"South Australia","SA",675,4,1218552,675,657,1,1,0,99037
2021-04-14,"Tasmania","TAS",234,13,202037,234,221,0,0,0,49681
2021-04-14,"Victoria","VIC",20487,823,5593551,20487,19664,0,0,0,312718
2021-04-14,"Western Australia","WA",964,9,977434,964,938,1,0,0,134000
2021-04-15,"Australian Capital Territory","ACT",123,3,194795,123,120,0,0,0,36295
2021-04-15,"New South Wales","NSW",5356,55,5505042,5356,2802,1,1,0,403138
2021-04-15,"Northern Territory","NT",113,0,163927,113,108,5,0,0,17197
2021-04-15,"Queensland","QLD",1509,7,2385131,1509,1397,42,0,0,279116
2021-04-15,"South Australia","SA",677,4,1222220,677,661,1,1,0,105120
2021-04-15,"Tasmania","TAS",234,13,202811,234,221,0,0,0,51454
2021-04-15,"Victoria","VIC",20492,823,5610591,20492,19664,0,0,0,327299
2021-04-15,"Western Australia","WA",965,9,980080,965,938,1,0,0,139686
2021-04-16,"Australian Capital Territory","ACT",123,3,195169,123,120,0,0,0,37438
2021-04-16,"New South Wales","NSW",5363,55,5515457,5363,2802,3,1,0,422480
2021-04-16,"Northern Territory","NT",113,0,164669,113,108,5,0,0,17812
2021-04-16,"Queensland","QLD",1515,7,2392153,1515,1397,36,0,0,291966
2021-04-16,"South Australia","SA",678,4,1224963,678,665,1,1,0,110105
2021-04-16,"Tasmania","TAS",234,13,203559,234,221,0,0,0,54085
2021-04-16,"Victoria","VIC",20492,823,5625299,20492,19664,0,0,0,341481
2021-04-16,"Western Australia","WA",966,9,982480,966,940,1,0,0,145210
2021-04-17,"Australian Capital Territory","ACT",123,3,195423,123,120,0,0,0,38486
2021-04-17,"New South Wales","NSW",5370,55,5524220,5370,2802,4,1,0,440396
2021-04-17,"Northern Territory","NT",119,0,165464,119,108,11,0,0,18560
2021-04-17,"Queensland","QLD",1516,7,2396981,1516,1429,27,0,0,302123
2021-04-17,"South Australia","SA",682,4,1227672,682,665,1,1,0,114532
2021-04-17,"Tasmania","TAS",234,13,204059,234,221,0,0,0,55655
2021-04-17,"Victoria","VIC",20494,823,5637128,20494,19664,0,0,0,354490
2021-04-17,"Western Australia","WA",967,9,982480,967,941,1,0,0,150295
2021-04-18,"Australian Capital Territory","ACT",123,3,195604,123,120,0,0,0,39615
2021-04-18,"New South Wales","NSW",5376,55,5532308,5376,2802,4,1,0,447239
2021-04-18,"Northern Territory","NT",119,0,166081,119,108,11,0,0,18607
2021-04-18,"Queensland","QLD",1518,7,2400577,1518,1440,27,0,0,305403
2021-04-18,"South Australia","SA",682,4,1230126,682,665,1,1,0,116268
2021-04-18,"Tasmania","TAS",234,13,204493,234,221,0,0,0,56765
2021-04-18,"Victoria","VIC",20494,823,5645786,20494,19664,0,0,0,359773
2021-04-18,"Western Australia","WA",973,9,982480,973,941,1,1,0,152938
2021-04-19,"Australian Capital Territory","ACT",123,3,195806,123,120,0,0,0,39983
2021-04-19,"New South Wales","NSW",5384,55,5539974,5384,2802,5,1,0,468824
2021-04-19,"Northern Territory","NT",123,0,167076,123,111,12,0,0,18744
2021-04-19,"Queensland","QLD",1518,7,2403776,1518,1442,25,0,0,340250
2021-04-19,"South Australia","SA",688,4,1232250,688,665,1,1,0,119102
2021-04-19,"Tasmania","TAS",234,13,204827,234,221,0,0,0,56800
2021-04-19,"Victoria","VIC",20498,823,5653701,20498,19664,0,0,0,378550
2021-04-19,"Western Australia","WA",975,9,988693,975,941,1,1,0,163999
2021-04-20,"Australian Capital Territory","ACT",123,3,196306,123,120,0,0,0,41716
2021-04-20,"New South Wales","NSW",5387,55,5545759,5387,2802,6,1,0,488757
2021-04-20,"Northern Territory","NT",129,0,167959,129,111,18,0,0,19324
2021-04-20,"Queensland","QLD",1518,7,2408709,1518,1449,20,0,0,353927
2021-04-20,"South Australia","SA",691,4,1234866,691,669,3,1,0,124380
2021-04-20,"Tasmania","TAS",234,13,205085,234,221,0,0,0,58706
2021-04-20,"Victoria","VIC",20499,823,5663743,20499,19665,0,0,0,395255
2021-04-20,"Western Australia","WA",978,9,991554,978,942,1,1,0,171221
2021-04-21,"Australian Capital Territory","ACT",123,3,196780,123,120,0,0,0,43179
2021-04-21,"New South Wales","NSW",5395,55,5557702,5395,2802,6,1,1,509499
2021-04-21,"Northern Territory","NT",132,0,168994,132,111,21,0,0,19978
2021-04-21,"Queensland","QLD",1519,7,2414142,1519,1448,17,0,0,367092
2021-04-21,"South Australia","SA",693,4,1237969,693,668,2,0,0,129219
2021-04-21,"Tasmania","TAS",234,13,205903,234,221,0,0,0,60820
2021-04-21,"Victoria","VIC",20502,823,5676349,20502,19665,0,0,0,410329
2021-04-21,"Western Australia","WA",980,9,993891,980,943,1,1,0,177991
2021-04-22,"Australian Capital Territory","ACT",123,3,197020,123,120,0,0,0,44394
2021-04-22,"New South Wales","NSW",5400,55,5567966,5400,2802,4,1,1,530891
2021-04-22,"Northern Territory","NT",137,0,169911,137,111,26,0,0,20827
2021-04-22,"Queensland","QLD",1520,7,2419307,1520,1451,14,0,0,380702
2021-04-22,"South Australia","SA",702,4,1241248,702,668,2,0,0,134182
2021-04-22,"Tasmania","TAS",234,13,206612,234,221,0,0,0,63004
2021-04-22,"Victoria","VIC",20504,823,5690300,20504,19665,0,0,0,427266
2021-04-22,"Western Australia","WA",982,9,996552,982,944,1,0,0,184432
2021-04-23,"Australian Capital Territory","ACT",123,3,197464,123,120,0,0,0,45442
2021-04-23,"New South Wales","NSW",5418,55,5577952,5418,2802,2,1,1,550342
2021-04-23,"Northern Territory","NT",149,0,170749,149,111,38,0,0,21741
2021-04-23,"Queensland","QLD",1524,7,2422128,1524,1453,18,0,0,396676
2021-04-23,"South Australia","SA",703,4,1244195,703,675,2,0,0,139034
2021-04-23,"Tasmania","TAS",234,13,207242,234,221,0,0,0,65305
2021-04-23,"Victoria","VIC",20507,823,5703533,20507,19665,0,0,0,446451
2021-04-23,"Western Australia","WA",982,9,999110,982,944,1,0,0,190610
2021-04-24,"Australian Capital Territory","ACT",123,3,197683,123,120,0,0,0,46787
2021-04-24,"New South Wales","NSW",5419,55,5586520,5419,2802,2,1,1,568181
2021-04-24,"Northern Territory","NT",159,0,171612,159,111,48,0,0,22391
2021-04-24,"Queensland","QLD",1527,7,2430383,1527,1454,16,0,0,409564
2021-04-24,"South Australia","SA",704,4,1246634,704,675,1,0,0,143378
2021-04-24,"Tasmania","TAS",234,13,207890,234,221,0,0,0,66721
2021-04-24,"Victoria","VIC",20508,823,5716612,20508,19665,0,0,0,459846
2021-04-24,"Western Australia","WA",984,9,1003187,984,946,1,0,0,197179
2021-04-25,"Australian Capital Territory","ACT",123,3,197942,123,120,0,0,0,47701
2021-04-25,"New South Wales","NSW",5420,55,5594226,5420,2802,2,1,1,573892
2021-04-25,"Northern Territory","NT",160,0,172789,160,111,49,0,0,22398
2021-04-25,"Queensland","QLD",1529,7,2434416,1529,1455,16,0,0,412925
2021-04-25,"South Australia","SA",705,4,1250221,705,678,1,0,0,144254
2021-04-25,"Tasmania","TAS",234,13,208322,234,221,0,0,0,67462
2021-04-25,"Victoria","VIC",20509,823,5730553,20509,19666,0,0,0,466222
2021-04-25,"Western Australia","WA",986,9,1015046,986,946,0,0,0,199233
2021-04-26,"Australian Capital Territory","ACT",123,3,198154,123,120,0,0,0,48204
2021-04-26,"New South Wales","NSW",5428,55,5601641,5428,2802,2,1,1,574417
2021-04-26,"Northern Territory","NT",164,0,173511,164,111,53,0,0,22398
2021-04-26,"Queensland","QLD",1532,7,2437183,1532,1467,16,0,0,413242
2021-04-26,"South Australia","SA",719,4,1253595,719,683,1,0,0,144539
2021-04-26,"Tasmania","TAS",234,13,208752,234,221,0,0,0,67613
2021-04-26,"Victoria","VIC",20509,823,5743233,20509,19666,0,0,0,467331
2021-04-26,"Western Australia","WA",986,9,1028075,986,948,1,0,0,199741
2021-04-27,"Australian Capital Territory","ACT",123,3,198381,123,120,0,0,0,48855
2021-04-27,"New South Wales","NSW",5440,55,5606431,5440,2802,2,1,1,588050
2021-04-27,"Northern Territory","NT",164,0,174220,164,112,52,0,0,22424
2021-04-27,"Queensland","QLD",1541,7,2440105,1541,1502,14,0,0,414776
2021-04-27,"South Australia","SA",720,4,1256344,720,683,2,0,0,145483
2021-04-27,"Tasmania","TAS",234,13,209305,234,221,0,0,0,69186
2021-04-27,"Victoria","VIC",20513,823,5760108,20513,19666,0,0,0,479185
2021-04-27,"Western Australia","WA",990,9,1041740,990,953,1,0,0,201378
2021-04-28,"Australian Capital Territory","ACT",124,3,198921,124,120,0,0,0,50158
2021-04-28,"New South Wales","NSW",5449,55,5623066,5449,2802,4,1,1,604810
2021-04-28,"Northern Territory","NT",165,0,175528,165,113,52,0,0,22928
2021-04-28,"Queensland","QLD",1550,7,2446266,1550,1502,16,0,0,427172
2021-04-28,"South Australia","SA",719,4,1259490,719,684,2,0,0,149640
2021-04-28,"Tasmania","TAS",234,13,210249,234,221,0,0,0,71040
2021-04-28,"Victoria","VIC",20515,823,5777123,20515,19672,0,0,0,496380
2021-04-28,"Western Australia","WA",994,9,1055453,994,958,1,1,0,207416
2021-04-29,"Australian Capital Territory","ACT",124,3,199369,124,120,0,0,0,52062
2021-04-29,"New South Wales","NSW",5464,55,5635960,5464,2802,2,1,1,630218
2021-04-29,"Northern Territory","NT",165,0,176521,165,116,49,0,0,23612
2021-04-29,"Queensland","QLD",1556,7,2452628,1556,1502,16,0,0,444065
2021-04-29,"South Australia","SA",722,4,1263615,722,686,1,0,0,155478
2021-04-29,"Tasmania","TAS",234,13,210813,234,221,0,0,0,73597
2021-04-29,"Victoria","VIC",20516,823,5794014,20516,19673,0,0,0,516869
2021-04-29,"Western Australia","WA",998,9,1063598,998,961,1,1,0,216384
2021-04-30,"Australian Capital Territory","ACT",124,3,199705,124,120,0,0,0,53253
2021-04-30,"New South Wales","NSW",5477,55,5647330,5477,2802,2,1,1,649898
2021-04-30,"Northern Territory","NT",166,0,177322,166,117,49,0,0,24324
2021-04-30,"Queensland","QLD",1559,7,2458965,1559,1507,18,0,0,458425
2021-04-30,"South Australia","SA",724,4,1268333,724,687,2,0,0,160798
2021-04-30,"Tasmania","TAS",234,13,211464,234,221,0,0,0,75483
2021-04-30,"Victoria","VIC",20518,823,5809670,20518,19674,0,0,0,533674
2021-04-30,"Western Australia","WA",999,9,1067992,999,962,1,1,0,223689
2021-05-01,"Australian Capital Territory","ACT",124,3,199935,124,120,0,0,0,54389
2021-05-01,"New South Wales","NSW",5481,55,5657557,5481,2802,4,1,1,667243
2021-05-01,"Northern Territory","NT",166,0,178241,166,117,49,0,0,25081
2021-05-01,"Queensland","QLD",1561,7,2464657,1561,1507,17,0,0,469400
2021-05-01,"South Australia","SA",725,4,1271818,725,690,2,0,0,165372
2021-05-01,"Tasmania","TAS",234,13,212114,234,221,0,0,0,76953
2021-05-01,"Victoria","VIC",20521,823,5824918,20521,19678,0,0,0,546177
2021-05-01,"Western Australia","WA",1000,9,1067992,1000,968,1,1,0,230229
2021-05-02,"Australian Capital Territory","ACT",124,3,200196,124,120,0,0,0,55099
2021-05-02,"New South Wales","NSW",5484,55,5666557,5484,2802,2,1,1,672362
2021-05-02,"Northern Territory","NT",166,0,178859,166,125,41,0,0,25101
2021-05-02,"Queensland","QLD",1564,7,2468776,1564,1511,17,0,0,472629
2021-05-02,"South Australia","SA",727,4,1275190,727,690,1,0,0,166950
2021-05-02,"Tasmania","TAS",234,13,212503,234,221,0,0,0,77752
2021-05-02,"Victoria","VIC",20522,823,5837202,20522,19679,0,0,0,551141
2021-05-02,"Western Australia","WA",1005,9,1071290,1005,970,2,1,0,233040
2021-05-03,"Australian Capital Territory","ACT",124,3,200291,124,120,0,0,0,55483
2021-05-03,"New South Wales","NSW",5489,55,5674477,5489,2802,2,1,1,673278
2021-05-03,"Northern Territory","NT",166,0,179319,166,131,35,0,0,25151
2021-05-03,"Queensland","QLD",1567,7,2471894,1567,1511,18,0,0,473522
2021-05-03,"South Australia","SA",730,4,1277209,730,691,1,0,0,167476
2021-05-03,"Tasmania","TAS",234,13,212760,234,221,0,0,0,77971
2021-05-03,"Victoria","VIC",20523,823,5848862,20523,19682,0,0,0,553422
2021-05-03,"Western Australia","WA",1008,9,1081404,1008,972,3,1,0,234312
2021-05-04,"Australian Capital Territory","ACT",124,3,200796,124,120,0,0,0,57235
2021-05-04,"New South Wales","NSW",5496,55,5680078,5496,2802,2,1,1,691136
2021-05-04,"Northern Territory","NT",166,0,180462,166,131,35,0,0,24877
2021-05-04,"Queensland","QLD",1568,7,2474437,1568,1511,18,0,0,475570
2021-05-04,"South Australia","SA",732,4,1279990,732,694,2,0,0,172408
2021-05-04,"Tasmania","TAS",234,13,213282,234,221,0,0,0,80652
2021-05-04,"Victoria","VIC",20524,823,5863187,20524,19683,0,0,0,572577
2021-05-04,"Western Australia","WA",1008,9,1084717,1008,973,3,0,0,242514
2021-05-05,"Australian Capital Territory","ACT",124,3,201265,124,120,0,0,0,58833
2021-05-05,"New South Wales","NSW",5507,55,5693622,5507,2802,3,1,1,713270
2021-05-05,"Northern Territory","NT",166,0,181296,166,137,29,0,0,25636
2021-05-05,"Queensland","QLD",1568,7,2479284,1568,1524,17,0,0,490527
2021-05-05,"South Australia","SA",733,4,1283004,733,699,2,0,0,177984
2021-05-05,"Tasmania","TAS",234,13,213920,234,221,0,0,0,82905
2021-05-05,"Victoria","VIC",20524,823,5882589,20524,19684,0,0,0,596444
2021-05-05,"Western Australia","WA",1010,9,1095206,1010,975,3,0,0,250715
2021-05-06,"Australian Capital Territory","ACT",124,3,201747,124,121,0,0,0,60247
2021-05-06,"New South Wales","NSW",5516,55,5705201,5516,2802,3,1,1,735153
2021-05-06,"Northern Territory","NT",167,0,182186,167,146,21,0,0,26597
2021-05-06,"Queensland","QLD",1571,7,2485240,1571,1524,20,0,0,505559
2021-05-06,"South Australia","SA",735,4,1286392,735,702,1,0,0,183785
2021-05-06,"Tasmania","TAS",234,13,214553,234,221,0,0,0,84272
2021-05-06,"Victoria","VIC",20526,823,5898989,20526,19687,0,0,0,618981
2021-05-06,"Western Australia","WA",1013,9,1106513,1013,976,1,0,0,258935
2021-05-07,"Australian Capital Territory","ACT",124,3,202223,124,121,0,0,0,61710
2021-05-07,"New South Wales","NSW",5521,55,5718540,5521,2802,3,1,1,757224
2021-05-07,"Northern Territory","NT",167,0,183174,167,154,13,0,0,27705
2021-05-07,"Queensland","QLD",1574,7,2492639,1574,1538,21,0,0,521357
2021-05-07,"South Australia","SA",738,4,1289733,738,703,1,0,0,189465
2021-05-07,"Tasmania","TAS",234,13,215215,234,221,0,0,0,86116
2021-05-07,"Victoria","VIC",20526,823,5915124,20526,19689,0,0,0,643545
2021-05-07,"Western Australia","WA",1013,9,1108979,1013,979,1,0,0,267409
2021-05-08,"Australian Capital Territory","ACT",124,3,202662,124,121,0,0,0,63346
2021-05-08,"New South Wales","NSW",5527,55,5740693,5527,2802,3,1,1,778812
2021-05-08,"Northern Territory","NT",167,0,183758,167,155,12,0,0,28534
2021-05-08,"Queensland","QLD",1576,7,2499215,1576,1538,21,0,0,536187
2021-05-08,"South Australia","SA",738,4,1292604,738,708,1,0,0,195350
2021-05-08,"Tasmania","TAS",234,13,215888,234,221,0,0,0,88403
2021-05-08,"Victoria","VIC",20527,823,5933641,20527,19691,0,0,0,662073
2021-05-08,"Western Australia","WA",1013,9,1112253,1013,982,1,0,0,275020
2021-05-09,"Australian Capital Territory","ACT",124,3,202924,124,121,0,0,0,64467
2021-05-09,"New South Wales","NSW",5532,55,5758717,5532,2802,3,1,1,786154
2021-05-09,"Northern Territory","NT",167,0,184534,167,156,11,0,0,28640
2021-05-09,"Queensland","QLD",1580,7,2503479,1580,1551,19,0,0,539468
2021-05-09,"South Australia","SA",740,4,1296060,740,710,1,0,0,197191
2021-05-09,"Tasmania","TAS",234,13,216271,234,221,0,0,0,89699
2021-05-09,"Victoria","VIC",20533,823,5946871,20533,19691,0,0,0,670029
2021-05-09,"Western Australia","WA",1013,9,1113328,1013,984,1,1,0,278690
2021-05-10,"Australian Capital Territory","ACT",124,3,203174,124,121,0,0,0,65043
2021-05-10,"New South Wales","NSW",5538,55,5772485,5538,2802,3,1,1,787274
2021-05-10,"Northern Territory","NT",167,0,185058,167,160,11,0,0,28676
2021-05-10,"Queensland","QLD",1580,7,2507379,1580,1552,19,0,0,541260
2021-05-10,"South Australia","SA",740,4,1298190,740,717,1,0,0,197811
2021-05-10,"Tasmania","TAS",234,13,216678,234,221,0,0,0,89806
2021-05-10,"Victoria","VIC",20535,823,5957417,20535,19692,0,0,0,673242
2021-05-10,"Western Australia","WA",1013,9,1119467,1013,986,1,1,0,280109
2021-05-11,"Australian Capital Territory","ACT",124,3,203921,124,121,0,0,0,66950
2021-05-11,"New South Wales","NSW",5542,55,5780209,5542,2802,2,1,1,808251
2021-05-11,"Northern Territory","NT",167,0,185879,167,161,11,0,0,29675
2021-05-11,"Queensland","QLD",1581,7,2512713,1581,1555,17,0,0,553579
2021-05-11,"South Australia","SA",740,4,1300332,740,717,1,0,0,202578
2021-05-11,"Tasmania","TAS",234,13,217213,234,221,0,0,0,91764
2021-05-11,"Victoria","VIC",20537,823,5970335,20537,19696,0,0,0,695286
2021-05-11,"Western Australia","WA",1015,9,1124437,1015,991,1,1,0,288024
2021-05-12,"Australian Capital Territory","ACT",124,3,204403,124,121,0,0,0,68229
2021-05-12,"New South Wales","NSW",5546,55,5803433,5546,2802,4,1,1,833095
2021-05-12,"Northern Territory","NT",167,0,187105,167,162,5,0,0,30690
2021-05-12,"Queensland","QLD",1583,7,2519779,1583,1555,18,0,0,567934
2021-05-12,"South Australia","SA",741,4,1303897,741,717,2,1,0,207827
2021-05-12,"Tasmania","TAS",234,13,217948,234,221,0,0,0,93872
2021-05-12,"Victoria","VIC",20537,823,5991796,20537,19699,0,0,0,715055
2021-05-12,"Western Australia","WA",1015,9,1128153,1015,993,2,1,0,295784
2021-05-13,"Australian Capital Territory","ACT",124,3,204902,124,121,0,0,0,69661
2021-05-13,"New South Wales","NSW",5551,55,5821239,5551,2802,4,1,1,859246
2021-05-13,"Northern Territory","NT",167,0,187993,167,163,4,0,0,31681
2021-05-13,"Queensland","QLD",1585,7,2526085,1585,1560,15,0,0,582377
2021-05-13,"South Australia","SA",741,4,1307717,741,722,2,1,0,214310
2021-05-13,"Tasmania","TAS",234,13,218570,234,221,0,0,0,95763
2021-05-13,"Victoria","VIC",20538,823,6013780,20538,19699,0,0,0,738448
2021-05-13,"Western Australia","WA",1015,9,1131460,1015,993,2,1,0,303284
2021-05-14,"Australian Capital Territory","ACT",124,3,205384,124,121,0,0,0,71176
2021-05-14,"New South Wales","NSW",5552,55,5837049,5552,2802,4,1,1,889531
2021-05-14,"Northern Territory","NT",167,0,189038,167,163,4,0,0,33454
2021-05-14,"Queensland","QLD",1585,7,2533332,1585,1561,13,0,0,596208
2021-05-14,"South Australia","SA",741,4,1311185,741,723,2,1,0,220148
2021-05-14,"Tasmania","TAS",234,13,219531,234,221,0,0,0,98132
2021-05-14,"Victoria","VIC",20539,823,6035711,20539,19701,0,0,0,760343
2021-05-14,"Western Australia","WA",1015,9,1134609,1015,995,1,1,0,311652
2021-05-15,"Australian Capital Territory","ACT",124,3,205675,124,121,0,0,0,72695
2021-05-15,"New South Wales","NSW",5555,55,5851712,5555,2802,2,1,1,913632
2021-05-15,"Northern Territory","NT",169,0,189836,169,163,6,0,0,34608
2021-05-15,"Queensland","QLD",1588,7,2540184,1588,1562,13,0,0,609461
2021-05-15,"South Australia","SA",742,4,1314732,742,723,2,1,0,226302
2021-05-15,"Tasmania","TAS",234,13,220139,234,221,0,0,0,100366
2021-05-15,"Victoria","VIC",20540,823,6050953,20540,19702,0,0,0,780297
2021-05-15,"Western Australia","WA",1015,9,1134609,1015,998,1,1,0,319436
2021-05-16,"Australian Capital Territory","ACT",124,3,205869,124,121,0,0,0,73980
2021-05-16,"New South Wales","NSW",5558,55,5863915,5558,2802,2,1,1,926242
2021-05-16,"Northern Territory","NT",169,0,190442,169,164,5,0,0,34868
2021-05-16,"Queensland","QLD",1589,7,2543760,1589,1563,13,0,0,612540
2021-05-16,"South Australia","SA",742,4,1317981,742,724,2,1,0,228435
2021-05-16,"Tasmania","TAS",234,13,220577,234,221,0,0,0,101590
2021-05-16,"Victoria","VIC",20544,823,6065223,20544,19702,0,0,0,787964
2021-05-16,"Western Australia","WA",1015,9,1134609,1015,999,1,1,0,323565
2021-05-17,"Australian Capital Territory","ACT",124,3,206122,124,121,0,0,0,74630
2021-05-17,"New South Wales","NSW",5560,55,5874705,5560,2802,2,1,1,927464
2021-05-17,"Northern Territory","NT",169,0,191187,169,164,5,0,0,34970
2021-05-17,"Queensland","QLD",1589,7,2547312,1589,1564,13,0,0,613831
2021-05-17,"South Australia","SA",742,4,1320384,742,724,2,1,0,229134
2021-05-17,"Tasmania","TAS",234,13,220906,234,221,0,0,0,102041
2021-05-17,"Victoria","VIC",20545,823,6078808,20545,19702,0,0,0,792334
2021-05-17,"Western Australia","WA",1015,9,1141617,1015,999,1,1,0,325733
2021-05-18,"Australian Capital Territory","ACT",124,3,206790,124,121,0,0,0,76288
2021-05-18,"New South Wales","NSW",5563,55,5883606,5563,2802,2,1,1,955808
2021-05-18,"Northern Territory","NT",170,0,192011,170,164,6,0,0,35934
2021-05-18,"Queensland","QLD",1591,7,2553217,1591,1564,14,0,0,626402
2021-05-18,"South Australia","SA",746,4,1322736,746,733,2,1,0,233985
2021-05-18,"Tasmania","TAS",234,13,221573,234,221,0,0,0,104542
2021-05-18,"Victoria","VIC",20545,823,6096849,20545,19704,0,0,0,816551
2021-05-18,"Western Australia","WA",1015,9,1143613,1015,1000,1,1,0,333814
2021-05-19,"Australian Capital Territory","ACT",124,3,207314,124,121,0,0,0,78050
2021-05-19,"New South Wales","NSW",5565,55,5902887,5565,2802,2,1,1,986706
2021-05-19,"Northern Territory","NT",170,0,193041,170,165,5,0,0,37349
2021-05-19,"Queensland","QLD",1591,7,2561025,1591,1567,12,0,0,640931
2021-05-19,"South Australia","SA",746,4,1327068,746,733,2,1,0,242975
2021-05-19,"Tasmania","TAS",234,13,222327,234,221,0,0,0,108658
2021-05-19,"Victoria","VIC",20546,823,6117417,20546,19706,0,0,0,841713
2021-05-19,"Western Australia","WA",1015,9,1147930,1015,1000,1,1,0,342472
2021-05-20,"Australian Capital Territory","ACT",124,3,207708,124,121,0,0,0,79948
2021-05-20,"New South Wales","NSW",5567,55,5919065,5567,2802,2,1,1,1018478
2021-05-20,"Northern Territory","NT",170,0,194261,170,165,5,0,0,38827
2021-05-20,"Queensland","QLD",1593,7,2569260,1593,1571,12,0,0,656156
2021-05-20,"South Australia","SA",747,4,1330943,747,736,2,0,0,250026
2021-05-20,"Tasmania","TAS",234,13,223269,234,221,0,0,0,110162
2021-05-20,"Victoria","VIC",20546,823,6138905,20546,19707,0,0,0,866674
2021-05-20,"Western Australia","WA",1016,9,1150843,1016,1000,1,0,0,351457
2021-05-21,"Australian Capital Territory","ACT",124,3,208255,124,121,0,0,0,81821
2021-05-21,"New South Wales","NSW",5567,55,5933756,5567,2802,2,1,1,1052533
2021-05-21,"Northern Territory","NT",170,0,195674,170,165,5,0,0,40086
2021-05-21,"Queensland","QLD",1595,7,2577490,1595,1572,12,0,0,673729
2021-05-21,"South Australia","SA",748,4,1334519,748,739,1,0,0,257411
2021-05-21,"Tasmania","TAS",234,13,224086,234,221,0,0,0,112357
2021-05-21,"Victoria","VIC",20546,823,6156947,20546,19708,0,0,0,893227
2021-05-21,"Western Australia","WA",1016,9,1153720,1016,1002,1,0,0,361710
2021-05-22,"Australian Capital Territory","ACT",124,3,208559,124,121,0,0,0,83411
2021-05-22,"New South Wales","NSW",5568,55,5946425,5568,2802,3,1,1,1084427
2021-05-22,"Northern Territory","NT",171,0,196546,171,165,6,0,0,40975
2021-05-22,"Queensland","QLD",1601,7,2583751,1601,1573,13,0,0,688793
2021-05-22,"South Australia","SA",748,4,1338020,748,740,1,0,0,263602
2021-05-22,"Tasmania","TAS",234,13,224745,234,221,0,0,0,115761
2021-05-22,"Victoria","VIC",20546,823,6172155,20546,19711,0,0,0,914968
2021-05-22,"Western Australia","WA",1016,9,1153720,1016,1003,1,0,0,371558
2021-05-23,"Australian Capital Territory","ACT",124,3,208728,124,121,0,0,0,84715
2021-05-23,"New South Wales","NSW",5570,55,5956445,5570,2802,3,1,1,1097515
2021-05-23,"Northern Territory","NT",171,0,197173,171,168,3,0,0,41040
2021-05-23,"Queensland","QLD",1601,7,2587941,1601,1573,12,0,0,692941
2021-05-23,"South Australia","SA",748,4,1341356,748,742,0,0,0,265947
2021-05-23,"Tasmania","TAS",234,13,225137,234,221,0,0,0,118205
2021-05-23,"Victoria","VIC",20547,823,6186620,20547,19715,0,0,0,924143
2021-05-23,"Western Australia","WA",1016,9,1153720,1016,1004,0,0,0,376458
2021-05-24,"Australian Capital Territory","ACT",124,3,208959,124,121,0,0,0,85307
2021-05-24,"New South Wales","NSW",5572,55,5966104,5572,2802,2,1,1,1099290
2021-05-24,"Northern Territory","NT",171,0,197805,171,168,3,0,0,41326
2021-05-24,"Queensland","QLD",1605,7,2591922,1605,1578,13,0,0,694306
2021-05-24,"South Australia","SA",749,4,1343558,749,744,0,0,0,267172
2021-05-24,"Tasmania","TAS",234,13,225507,234,221,0,0,0,119347
2021-05-24,"Victoria","VIC",20549,823,6197877,20549,19719,1,0,0,929107
2021-05-24,"Western Australia","WA",1017,9,1159358,1017,1004,0,0,0,378198
2021-05-25,"Australian Capital Territory","ACT",124,3,209643,124,121,0,0,0,87738
2021-05-25,"New South Wales","NSW",5574,55,5973366,5574,2802,3,1,1,1128802
2021-05-25,"Northern Territory","NT",171,0,198647,171,169,2,0,0,42149
2021-05-25,"Queensland","QLD",1607,7,2597225,1607,1579,11,0,0,710577
2021-05-25,"South Australia","SA",750,4,1346301,750,744,0,0,0,272612
2021-05-25,"Tasmania","TAS",234,13,226069,234,221,0,0,0,121526
2021-05-25,"Victoria","VIC",20553,823,6212769,20553,19719,1,0,0,940531
2021-05-25,"Western Australia","WA",1017,9,1162634,1017,1005,0,0,0,386687
2021-05-26,"Australian Capital Territory","ACT",124,3,210302,124,121,0,0,0,89373
2021-05-26,"New South Wales","NSW",5576,55,5990064,5576,2802,3,1,1,1162768
2021-05-26,"Northern Territory","NT",171,0,200065,171,169,2,0,0,43743
2021-05-26,"Queensland","QLD",1611,7,2605321,1611,1580,14,0,0,729107
2021-05-26,"South Australia","SA",752,4,1350665,752,745,0,0,0,279195
2021-05-26,"Tasmania","TAS",234,13,226872,234,221,0,0,0,124144
2021-05-26,"Victoria","VIC",20563,823,6238949,20563,19720,1,0,0,971029
2021-05-26,"Western Australia","WA",1017,9,1165910,1017,1006,0,0,0,395921
2021-05-27,"Australian Capital Territory","ACT",124,3,210804,124,121,0,0,0,91238
2021-05-27,"New South Wales","NSW",5576,55,6008070,5576,2802,3,1,1,1198685
2021-05-27,"Northern Territory","NT",172,0,201170,172,169,3,0,0,45363
2021-05-27,"Queensland","QLD",1613,7,2614542,1613,1586,11,0,0,749347
2021-05-27,"South Australia","SA",752,4,1357707,752,745,0,0,0,286668
2021-05-27,"Tasmania","TAS",234,13,227828,234,221,0,0,0,126999
2021-05-27,"Victoria","VIC",20575,823,6279360,20575,19721,1,1,1,1001455
2021-05-27,"Western Australia","WA",1017,9,1169715,1017,1006,0,0,0,406913
2021-05-28,"Australian Capital Territory","ACT",124,3,212049,124,121,0,0,0,93258
2021-05-28,"New South Wales","NSW",5579,55,6025663,5579,2802,3,1,1,1236255
2021-05-28,"Northern Territory","NT",172,0,202281,172,169,3,0,0,46657
2021-05-28,"Queensland","QLD",1615,7,2623951,1615,1588,12,0,0,771016
2021-05-28,"South Australia","SA",752,4,1366004,752,746,0,0,0,294386
2021-05-28,"Tasmania","TAS",234,13,228890,234,221,0,0,0,129451
2021-05-28,"Victoria","VIC",20580,823,6326822,20580,19721,1,1,1,1042844
2021-05-28,"Western Australia","WA",1017,9,1179183,1017,1006,0,0,0,417671
2021-05-29,"Australian Capital Territory","ACT",124,3,212796,124,121,0,0,0,95446
2021-05-29,"New South Wales","NSW",5580,55,6042675,5580,2802,3,1,1,1272007
2021-05-29,"Northern Territory","NT",173,0,203762,173,169,4,0,0,47171
2021-05-29,"Queensland","QLD",1616,7,2626716,1616,1590,9,0,0,790062
2021-05-29,"South Australia","SA",752,4,1373148,752,746,0,0,0,301876
2021-05-29,"Tasmania","TAS",234,13,230341,234,221,0,0,0,131958
2021-05-29,"Victoria","VIC",20587,823,6383446,20587,19722,1,0,0,1086302
2021-05-29,"Western Australia","WA",1017,9,1179183,1017,1006,0,0,0,428327
2021-05-30,"Australian Capital Territory","ACT",124,3,213042,124,121,0,0,0,96535
2021-05-30,"New South Wales","NSW",5585,55,6058664,5585,2802,3,1,1,1287975
2021-05-30,"Northern Territory","NT",173,0,205324,173,170,3,0,0,47181
2021-05-30,"Queensland","QLD",1618,7,2628202,1618,1591,12,0,0,794643
2021-05-30,"South Australia","SA",754,4,1379040,754,747,0,0,0,304657
2021-05-30,"Tasmania","TAS",234,13,231226,234,221,0,0,0,134242
2021-05-30,"Victoria","VIC",20593,823,6428747,20593,19724,1,0,0,1113750
2021-05-30,"Western Australia","WA",1017,9,1179183,1017,1006,0,0,0,432118
2021-05-31,"Australian Capital Territory","ACT",124,3,213381,124,121,0,0,0,97435
2021-05-31,"New South Wales","NSW",5587,55,6072521,5587,2802,3,1,1,1289964
2021-05-31,"Northern Territory","NT",173,0,207328,173,170,3,0,0,48620
2021-05-31,"Queensland","QLD",1618,7,2629978,1618,1591,14,0,0,795973
2021-05-31,"South Australia","SA",754,4,1384104,754,747,0,0,0,305878
2021-05-31,"Tasmania","TAS",234,13,232091,234,221,0,0,0,134462
2021-05-31,"Victoria","VIC",20598,823,6472621,20598,19724,1,0,0,1134659
2021-05-31,"Western Australia","WA",1018,9,1192695,1018,1006,0,0,0,436609
2021-06-01,"Australian Capital Territory","ACT",124,3,213868,124,121,0,0,0,98247
2021-06-01,"New South Wales","NSW",5587,55,6082322,5587,2802,3,1,1,1325438
2021-06-01,"Northern Territory","NT",173,0,209398,173,170,3,0,0,50065
2021-06-01,"Queensland","QLD",1618,7,2629978,1618,1591,13,0,0,815102
2021-06-01,"South Australia","SA",754,4,1389438,754,748,0,0,0,313097
2021-06-01,"Tasmania","TAS",234,13,232862,234,221,0,0,0,138902
2021-06-01,"Victoria","VIC",20609,823,6515320,20609,19726,1,0,0,1175048
2021-06-01,"Western Australia","WA",1019,9,1196796,1019,1006,0,0,0,446840
2021-06-02,"Australian Capital Territory","ACT",124,3,214834,124,121,0,0,0,100579
2021-06-02,"New South Wales","NSW",5588,55,6103873,5588,2802,3,1,1,1363217
2021-06-02,"Northern Territory","NT",173,0,209444,173,170,3,0,0,51924
2021-06-02,"Queensland","QLD",1619,7,2639081,1619,1591,13,0,0,839336
2021-06-02,"South Australia","SA",760,4,1397356,760,753,0,0,0,321176
2021-06-02,"Tasmania","TAS",234,13,234095,234,221,0,0,0,141919
2021-06-02,"Victoria","VIC",20614,823,6566353,20614,19727,2,0,0,1226224
2021-06-02,"Western Australia","WA",1018,9,1201329,1018,1008,0,0,0,457069
2021-06-03,"Australian Capital Territory","ACT",124,3,216130,124,121,0,0,0,102566
2021-06-03,"New South Wales","NSW",5590,55,6122545,5590,2802,3,1,1,1403595
2021-06-03,"Northern Territory","NT",173,0,211026,173,171,2,0,0,53718
2021-06-03,"Queensland","QLD",1621,7,2642706,1621,1593,12,0,0,862848
2021-06-03,"South Australia","SA",760,4,1405415,760,752,0,0,0,330679
2021-06-03,"Tasmania","TAS",234,13,234829,234,221,0,0,0,144682
2021-06-03,"Victoria","VIC",20617,823,6623872,20617,19728,3,0,0,1276934
2021-06-03,"Western Australia","WA",1018,9,1205363,1018,1008,0,0,0,467681
2021-06-04,"Australian Capital Territory","ACT",124,3,216923,124,121,0,0,0,105342
2021-06-04,"New South Wales","NSW",5590,55,6145128,5590,2802,3,0,0,1445317
2021-06-04,"Northern Territory","NT",173,0,212909,173,171,2,0,0,55847
2021-06-04,"Queensland","QLD",1629,7,2645176,1629,1597,10,0,0,889018
2021-06-04,"South Australia","SA",761,4,1412113,761,752,1,0,0,340080
2021-06-04,"Tasmania","TAS",234,13,236632,234,221,0,0,0,146472
2021-06-04,"Victoria","VIC",20621,823,6673311,20621,19729,3,0,0,1325149
2021-06-04,"Western Australia","WA",1018,9,1209203,1018,1008,0,0,0,479137
2021-06-05,"Australian Capital Territory","ACT",124,3,218002,124,121,0,0,0,107737
2021-06-05,"New South Wales","NSW",5590,55,6164531,5590,2802,2,0,0,1481291
2021-06-05,"Northern Territory","NT",173,0,213923,173,171,2,0,0,57293
2021-06-05,"Queensland","QLD",1630,7,2649532,1630,1597,9,0,0,914218
2021-06-05,"South Australia","SA",762,4,1417842,762,752,1,0,0,349599
2021-06-05,"Tasmania","TAS",234,13,237469,234,221,0,0,0,150233
2021-06-05,"Victoria","VIC",20627,823,6709673,20627,19729,3,0,0,1377251
2021-06-05,"Western Australia","WA",1018,9,1209203,1018,1008,0,0,0,489985
2021-06-06,"Australian Capital Territory","ACT",124,3,218443,124,121,0,0,0,110000
2021-06-06,"New South Wales","NSW",5595,55,6182055,5595,2802,2,0,0,1498063
2021-06-06,"Northern Territory","NT",173,0,214616,173,171,2,0,0,57471
2021-06-06,"Queensland","QLD",1632,7,2649257,1632,1598,9,0,0,928783
2021-06-06,"South Australia","SA",764,4,1422497,764,754,1,0,0,353788
2021-06-06,"Tasmania","TAS",234,13,237959,234,221,0,0,0,152832
2021-06-06,"Victoria","VIC",20635,823,6739489,20635,19730,2,0,0,1419616
2021-06-06,"Western Australia","WA",1018,9,1209203,1018,1008,0,0,0,495799
2021-06-07,"Australian Capital Territory","ACT",124,3,218727,124,121,0,0,0,111193
2021-06-07,"New South Wales","NSW",5600,55,6195828,5600,2802,2,0,0,1500798
2021-06-07,"Northern Territory","NT",173,0,215447,173,172,1,0,0,57746
2021-06-07,"Queensland","QLD",1632,7,2693982,1632,1598,10,0,0,937001
2021-06-07,"South Australia","SA",767,4,1426411,767,758,1,0,0,355734
2021-06-07,"Tasmania","TAS",234,13,238460,234,221,0,0,0,154220
2021-06-07,"Victoria","VIC",20646,823,6763754,20646,19732,3,0,0,1462197
2021-06-07,"Western Australia","WA",1019,9,1209203,1019,1008,0,0,0,497524
2021-06-08,"Australian Capital Territory","ACT",124,3,219572,124,121,0,0,0,114048
2021-06-08,"New South Wales","NSW",5603,55,6207047,5603,2802,2,0,0,1537074
2021-06-08,"Northern Territory","NT",174,0,216852,174,172,1,0,0,59383
2021-06-08,"Queensland","QLD",1633,7,2698338,1633,1599,11,0,0,959957
2021-06-08,"South Australia","SA",769,4,1431069,769,760,1,0,0,365055
2021-06-08,"Tasmania","TAS",234,13,239561,234,221,0,0,0,157650
2021-06-08,"Victoria","VIC",20649,823,6786568,20649,19737,3,0,0,1511464
2021-06-08,"Western Australia","WA",1018,9,1218539,1018,1008,0,0,0,499346
2021-06-09,"Australian Capital Territory","ACT",124,3,220249,124,121,0,0,0,116391
2021-06-09,"New South Wales","NSW",5607,55,6229543,5607,2802,1,0,0,1576558
2021-06-09,"Northern Territory","NT",174,0,218400,174,173,1,0,0,61270
2021-06-09,"Queensland","QLD",1635,7,2704782,1635,1599,8,0,0,985644
2021-06-09,"South Australia","SA",769,4,1438164,769,761,1,0,0,375722
2021-06-09,"Tasmania","TAS",234,13,240561,234,221,0,0,0,161559
2021-06-09,"Victoria","VIC",20650,823,6815053,20650,19747,3,0,0,1558724
2021-06-09,"Western Australia","WA",1018,9,1224078,1018,1008,0,0,0,508994
2021-06-10,"Australian Capital Territory","ACT",124,3,220857,124,121,0,0,0,118740
2021-06-10,"New South Wales","NSW",5610,55,6249353,5610,2802,1,0,0,1614475
2021-06-10,"Northern Territory","NT",174,0,220158,174,173,1,0,0,63342
2021-06-10,"Queensland","QLD",1642,7,2714639,1642,1600,10,0,0,1011863
2021-06-10,"South Australia","SA",770,4,1444428,770,761,1,0,0,385817
2021-06-10,"Tasmania","TAS",234,13,241589,234,221,0,0,0,164063
2021-06-10,"Victoria","VIC",20654,823,6838732,20654,19756,4,0,0,1610071
2021-06-10,"Western Australia","WA",1018,9,1227853,1018,1008,0,0,0,519299
2021-06-11,"Australian Capital Territory","ACT",124,3,221469,124,121,0,0,0,121274
2021-06-11,"New South Wales","NSW",5611,55,6267878,5611,2802,1,0,0,1655779
2021-06-11,"Northern Territory","NT",174,0,221359,174,173,1,0,0,65350
2021-06-11,"Queensland","QLD",1642,7,2720592,1642,1603,11,0,0,1040325
2021-06-11,"South Australia","SA",771,4,1450465,771,763,0,0,0,398360
2021-06-11,"Tasmania","TAS",234,13,242768,234,221,0,0,0,167300
2021-06-11,"Victoria","VIC",20655,823,6856336,20655,19760,3,0,0,1660708
2021-06-11,"Western Australia","WA",1018,9,1231907,1018,1009,0,0,0,531912
2021-06-12,"Australian Capital Territory","ACT",124,3,221930,124,121,0,0,0,123772
2021-06-12,"New South Wales","NSW",5612,55,6287182,5612,2802,1,0,0,1692108
2021-06-12,"Northern Territory","NT",174,0,222548,174,173,1,0,0,67173
2021-06-12,"Queensland","QLD",1642,7,2728383,1642,1603,10,0,0,1064777
2021-06-12,"South Australia","SA",774,4,1454845,774,767,0,0,0,407613
2021-06-12,"Tasmania","TAS",234,13,243517,234,221,0,0,0,170674
2021-06-12,"Victoria","VIC",20659,823,6871446,20659,19765,3,0,0,1704590
2021-06-12,"Western Australia","WA",1018,9,1231907,1018,1009,0,0,0,543217
2021-06-13,"Australian Capital Territory","ACT",124,3,222194,124,121,0,0,0,125549
2021-06-13,"New South Wales","NSW",5613,55,6304369,5613,2802,1,0,0,1705106
2021-06-13,"Northern Territory","NT",175,0,223591,175,173,2,0,0,67199
2021-06-13,"Queensland","QLD",1650,7,2738010,1650,1603,10,0,0,1075302
2021-06-13,"South Australia","SA",775,4,1458877,775,768,0,0,0,411561
2021-06-13,"Tasmania","TAS",234,13,244035,234,221,0,0,0,172355
2021-06-13,"Victoria","VIC",20659,823,6888548,20659,19771,3,0,0,1727812
2021-06-13,"Western Australia","WA",1018,9,1231907,1018,1009,0,0,0,549862
2021-06-14,"Australian Capital Territory","ACT",124,3,222453,124,121,0,0,0,126820
2021-06-14,"New South Wales","NSW",5619,55,6313848,5619,2802,1,0,0,1706311
2021-06-14,"Northern Territory","NT",175,0,224401,175,173,2,0,0,67279
2021-06-14,"Queensland","QLD",1652,7,2741713,1652,1603,18,0,0,1081007
2021-06-14,"South Australia","SA",775,4,1462221,775,769,0,0,0,414209
2021-06-14,"Tasmania","TAS",234,13,244560,234,221,0,0,0,172975
2021-06-14,"Victoria","VIC",20665,823,6905480,20665,19781,3,1,0,1745247
2021-06-14,"Western Australia","WA",1018,9,1239367,1018,1009,0,0,0,553451
2021-06-15,"Australian Capital Territory","ACT",124,3,222832,124,121,0,0,0,128118
2021-06-15,"New South Wales","NSW",5623,55,6322135,5623,2802,1,0,0,1720334
2021-06-15,"Northern Territory","NT",175,0,225450,175,173,2,0,0,68442
2021-06-15,"Queensland","QLD",1655,7,2751021,1655,1604,18,0,0,1105902
2021-06-15,"South Australia","SA",776,4,1465321,776,770,0,0,0,416661
2021-06-15,"Tasmania","TAS",234,13,244881,234,221,0,0,0,173269
2021-06-15,"Victoria","VIC",20668,823,6920547,20668,19794,5,1,0,1755849
2021-06-15,"Western Australia","WA",1019,9,1242607,1019,1009,0,0,0,562670
2021-06-16,"Australian Capital Territory","ACT",124,3,223568,124,121,0,0,0,131278
2021-06-16,"New South Wales","NSW",5626,55,6332659,5626,2802,1,0,0,1760768
2021-06-16,"Northern Territory","NT",175,0,226356,175,174,1,0,0,69616
2021-06-16,"Queensland","QLD",1655,7,2759679,1655,1614,20,0,0,1136578
2021-06-16,"South Australia","SA",780,4,1469206,780,770,0,0,0,427703
2021-06-16,"Tasmania","TAS",234,13,245541,234,221,0,0,0,177139
2021-06-16,"Victoria","VIC",20677,823,6938085,20677,19802,5,1,0,1806942
2021-06-16,"Western Australia","WA",1020,9,1247137,1020,1009,0,0,0,573296
2021-06-17,"Australian Capital Territory","ACT",124,3,223993,124,121,0,0,0,134045
2021-06-17,"New South Wales","NSW",5631,55,6355804,5631,2802,1,0,0,1800225
2021-06-17,"Northern Territory","NT",175,0,227656,175,174,1,0,0,71894
2021-06-17,"Queensland","QLD",1661,7,2769272,1661,1617,26,0,0,1163631
2021-06-17,"South Australia","SA",781,4,1473704,781,773,1,0,0,437650
2021-06-17,"Tasmania","TAS",234,13,246494,234,221,0,0,0,180036
2021-06-17,"Victoria","VIC",20678,823,6963720,20678,19804,6,1,0,1847405
2021-06-17,"Western Australia","WA",1020,9,1252056,1020,1009,0,0,0,584444
2021-06-18,"Australian Capital Territory","ACT",124,3,224923,124,121,0,0,0,136444
2021-06-18,"New South Wales","NSW",5631,55,6377482,5631,2802,1,0,0,1842016
2021-06-18,"Northern Territory","NT",176,0,229355,176,174,1,0,0,74163
2021-06-18,"Queensland","QLD",1664,7,2776213,1664,1617,29,0,0,1193777
2021-06-18,"South Australia","SA",784,4,1479317,784,774,1,0,0,448818
2021-06-18,"Tasmania","TAS",234,13,247492,234,221,0,0,0,183148
2021-06-18,"Victoria","VIC",20680,823,6998972,20680,19806,7,1,0,1887523
2021-06-18,"Western Australia","WA",1020,9,1254589,1020,1009,0,0,0,594777
2021-06-19,"Australian Capital Territory","ACT",124,3,226148,124,121,0,0,0,138625
2021-06-19,"New South Wales","NSW",5637,55,6404113,5637,2802,1,0,0,1879512
2021-06-19,"Northern Territory","NT",176,0,230572,176,174,2,0,0,76795
2021-06-19,"Queensland","QLD",1664,7,2784049,1664,1617,26,0,0,1222158
2021-06-19,"South Australia","SA",785,4,1483844,785,775,1,0,0,458416
2021-06-19,"Tasmania","TAS",234,13,248210,234,221,0,0,0,186779
2021-06-19,"Victoria","VIC",20683,823,7029815,20683,19812,6,1,0,1924185
2021-06-19,"Western Australia","WA",1020,9,1254589,1020,1009,0,0,0,605006
2021-06-20,"Australian Capital Territory","ACT",124,3,226829,124,121,0,0,0,140324
2021-06-20,"New South Wales","NSW",5644,55,6428581,5644,2802,1,0,0,1896789
2021-06-20,"Northern Territory","NT",176,0,231347,176,174,2,0,0,77131
2021-06-20,"Queensland","QLD",1665,7,2790131,1665,1620,27,0,0,1234729
2021-06-20,"South Australia","SA",785,4,1488037,785,776,1,0,0,463838
2021-06-20,"Tasmania","TAS",234,13,248717,234,221,0,0,0,189815
2021-06-20,"Victoria","VIC",20685,823,7049317,20685,19814,5,1,0,1942567
2021-06-20,"Western Australia","WA",1020,9,1254589,1020,1009,0,0,0,610836
2021-06-21,"Australian Capital Territory","ACT",124,3,227567,124,121,0,0,0,142014
2021-06-21,"New South Wales","NSW",5650,55,6453833,5650,2802,1,0,0,1899138
2021-06-21,"Northern Territory","NT",176,0,232090,176,174,2,0,0,77140
2021-06-21,"Queensland","QLD",1670,7,2794129,1670,1620,32,0,0,1242749
2021-06-21,"South Australia","SA",788,4,1491436,788,777,1,0,0,467172
2021-06-21,"Tasmania","TAS",234,13,249134,234,221,0,0,0,192048
2021-06-21,"Victoria","VIC",20694,823,7065607,20694,19820,4,1,0,1955144
2021-06-21,"Western Australia","WA",1020,9,1265435,1020,1009,0,0,0,615336
2021-06-22,"Australian Capital Territory","ACT",124,3,227975,124,121,0,0,0,144087
2021-06-22,"New South Wales","NSW",5661,55,6482478,5661,2802,3,1,0,1936373
2021-06-22,"Northern Territory","NT",176,0,233101,176,174,2,0,0,79218
2021-06-22,"Queensland","QLD",1673,7,2801727,1673,1620,32,0,0,1267076
2021-06-22,"South Australia","SA",788,4,1495023,788,777,1,0,0,480236
2021-06-22,"Tasmania","TAS",234,13,249785,234,221,0,0,0,195422
2021-06-22,"Victoria","VIC",20697,823,7078783,20697,19826,4,1,0,1991642
2021-06-22,"Western Australia","WA",1020,9,1270194,1020,1009,0,0,0,625330
2021-06-23,"Australian Capital Territory","ACT",124,3,227975,124,121,0,0,0,146278
2021-06-23,"New South Wales","NSW",5678,55,6527118,5678,2802,2,1,0,1975662
2021-06-23,"Northern Territory","NT",177,0,234527,177,174,3,0,0,81502
2021-06-23,"Queensland","QLD",1674,7,2811814,1674,1620,35,0,0,1296612
2021-06-23,"South Australia","SA",788,4,1500715,788,777,1,0,0,490932
2021-06-23,"Tasmania","TAS",234,13,250839,234,221,0,0,0,199227
2021-06-23,"Victoria","VIC",20698,823,7107050,20698,19828,4,0,0,2032703
2021-06-23,"Western Australia","WA",1020,9,1274200,1020,1009,0,0,0,637360
2021-06-24,"Australian Capital Territory","ACT",124,3,230396,124,121,0,0,0,148226
2021-06-24,"New South Wales","NSW",5689,55,6575520,5689,2802,3,0,0,2015389
2021-06-24,"Northern Territory","NT",177,0,235601,177,174,3,0,0,83442
2021-06-24,"Queensland","QLD",1677,7,2822235,1677,1620,39,0,0,1326479
2021-06-24,"South Australia","SA",792,4,1505849,792,779,1,0,0,501920
2021-06-24,"Tasmania","TAS",234,13,251652,234,221,0,0,0,202933
2021-06-24,"Victoria","VIC",20702,823,7129862,20702,19828,4,0,0,2071004
2021-06-24,"Western Australia","WA",1021,9,1278137,1021,1009,0,0,0,649805
2021-06-25,"Australian Capital Territory","ACT",124,3,231828,124,121,0,0,0,150541
2021-06-25,"New South Wales","NSW",5712,55,6623123,5712,2802,4,1,0,2058395
2021-06-25,"Northern Territory","NT",177,0,236953,177,174,3,0,0,85687
2021-06-25,"Queensland","QLD",1679,7,2831230,1679,1621,41,0,0,1356288
2021-06-25,"South Australia","SA",789,4,1511152,789,780,0,0,0,513151
2021-06-25,"Tasmania","TAS",234,13,252422,234,221,0,0,0,206483
2021-06-25,"Victoria","VIC",20702,823,7151853,20702,19833,4,0,0,2106734
2021-06-25,"Western Australia","WA",1021,9,1282606,1021,1010,0,0,0,660353
2021-06-26,"Australian Capital Territory","ACT",124,3,232970,124,121,0,0,0,152787
2021-06-26,"New South Wales","NSW",5724,55,6678350,5724,2802,4,1,0,2094275
2021-06-26,"Northern Territory","NT",178,0,239325,178,174,3,0,0,86959
2021-06-26,"Queensland","QLD",1680,7,2840168,1680,1624,41,0,0,1381602
2021-06-26,"South Australia","SA",791,4,1516504,791,781,0,0,0,522789
2021-06-26,"Tasmania","TAS",234,13,252837,234,221,0,0,0,208907
2021-06-26,"Victoria","VIC",20705,823,7173448,20705,19834,4,0,0,2140468
2021-06-26,"Western Australia","WA",1021,9,1282606,1021,1010,0,0,0,669818
2021-06-27,"Australian Capital Territory","ACT",124,3,233749,124,121,0,0,0,154346
2021-06-27,"New South Wales","NSW",5756,55,6730398,5756,2802,4,1,0,2114523
2021-06-27,"Northern Territory","NT",181,0,240153,181,174,7,0,0,87219
2021-06-27,"Queensland","QLD",1683,7,2847469,1683,1624,41,0,0,1395997
2021-06-27,"South Australia","SA",794,4,1522053,794,781,0,0,0,528106
2021-06-27,"Tasmania","TAS",234,13,253058,234,221,0,0,0,211874
2021-06-27,"Victoria","VIC",20708,823,7194146,20708,19844,4,0,0,2158147
2021-06-27,"Western Australia","WA",1022,9,1282606,1022,1011,0,0,0,676108
2021-06-28,"Australian Capital Territory","ACT",124,3,234791,124,121,0,0,0,155749
2021-06-28,"New South Wales","NSW",5778,55,6789268,5778,2802,8,2,0,2127175
2021-06-28,"Northern Territory","NT",182,0,239913,182,174,8,0,0,87562
2021-06-28,"Queensland","QLD",1686,7,2854125,1686,1624,40,0,0,1404194
2021-06-28,"South Australia","SA",794,4,1528024,794,781,0,0,0,531746
2021-06-28,"Tasmania","TAS",234,13,254667,234,221,0,0,0,213575
2021-06-28,"Victoria","VIC",20708,823,7211763,20708,19843,2,0,0,2172874
2021-06-28,"Western Australia","WA",1023,9,1294879,1023,1010,0,0,0,681791
2021-06-29,"Australian Capital Territory","ACT",124,3,236406,124,121,0,0,0,157952
2021-06-29,"New South Wales","NSW",5798,55,6856268,5798,2802,6,1,0,2165270
2021-06-29,"Northern Territory","NT",184,0,239913,184,174,10,0,0,89251
2021-06-29,"Queensland","QLD",1692,7,2869114,1692,1624,41,0,0,1428153
2021-06-29,"South Australia","SA",796,4,1536342,796,783,0,0,0,540128
2021-06-29,"Tasmania","TAS",234,13,256417,234,221,0,0,0,216149
2021-06-29,"Victoria","VIC",20710,823,7232486,20710,19846,2,0,0,2212364
2021-06-29,"Western Australia","WA",1024,9,1307429,1024,1010,0,0,0,691433
2021-06-30,"Australian Capital Territory","ACT",124,3,238038,124,121,0,0,0,160469
2021-06-30,"New South Wales","NSW",5826,55,6924488,5826,2802,9,1,0,2211280
2021-06-30,"Northern Territory","NT",184,0,244310,184,174,10,0,0,90929
2021-06-30,"Queensland","QLD",1696,7,2887561,1696,1635,42,0,0,1460704
2021-06-30,"South Australia","SA",807,4,1547556,807,785,0,0,0,550281
2021-06-30,"Tasmania","TAS",234,13,257798,234,221,0,0,0,219376
2021-06-30,"Victoria","VIC",20712,823,7262435,20712,19858,1,0,0,2247466
2021-06-30,"Western Australia","WA",1028,9,1322731,1028,1011,0,0,0,705080
2021-07-01,"Australian Capital Territory","ACT",124,3,239683,124,121,0,0,0,163259
2021-07-01,"New South Wales","NSW",5854,55,6984429,5854,2802,14,2,0,2259743
2021-07-01,"Northern Territory","NT",185,0,247379,185,176,9,0,0,93768
2021-07-01,"Queensland","QLD",1700,7,2917551,1700,1635,42,1,0,1499468
2021-07-01,"South Australia","SA",807,4,1559322,807,789,0,0,0,561890
2021-07-01,"Tasmania","TAS",234,13,259422,234,221,0,0,0,222969
2021-07-01,"Victoria","VIC",20711,823,7291584,20711,19860,2,0,0,2286094
2021-07-01,"Western Australia","WA",1028,9,1341319,1028,1011,0,0,0,719784
2021-07-02,"Australian Capital Territory","ACT",124,3,240964,124,121,0,0,0,165985
2021-07-02,"New South Wales","NSW",5886,55,7058030,5886,2802,17,3,0,2312628
2021-07-02,"Northern Territory","NT",185,0,250881,185,176,8,0,0,95966
2021-07-02,"Queensland","QLD",1705,7,2944544,1705,1635,46,1,0,1538031
2021-07-02,"South Australia","SA",809,4,1572445,809,789,0,0,0,574362
2021-07-02,"Tasmania","TAS",234,13,261057,234,221,0,0,0,226413
2021-07-02,"Victoria","VIC",20713,823,7316310,20713,19861,2,0,0,2323557
2021-07-02,"Western Australia","WA",1029,9,1359242,1029,1011,0,0,0,733211
2021-07-03,"Australian Capital Territory","ACT",124,3,242106,124,121,0,0,0,168783
2021-07-03,"New South Wales","NSW",5926,55,7114361,5926,2802,10,5,0,2362111
2021-07-03,"Northern Territory","NT",185,0,254890,185,176,8,0,0,97881
2021-07-03,"Queensland","QLD",1713,7,2969689,1713,1635,47,1,0,1569862
2021-07-03,"South Australia","SA",810,4,1584307,810,789,0,0,0,585487
2021-07-03,"Tasmania","TAS",234,13,262254,234,221,0,0,0,229802
2021-07-03,"Victoria","VIC",20713,823,7340557,20713,19863,1,0,0,2360411
2021-07-03,"Western Australia","WA",1029,9,1368167,1029,1011,0,0,0,747312
2021-07-04,"Australian Capital Territory","ACT",124,3,242753,124,121,0,0,0,170991
2021-07-04,"New South Wales","NSW",5942,55,7159692,5942,2802,20,5,0,2388405
2021-07-04,"Northern Territory","NT",185,0,261265,185,176,8,0,0,98047
2021-07-04,"Queensland","QLD",1716,7,2983689,1716,1641,46,1,0,1584163
2021-07-04,"South Australia","SA",812,4,1595642,812,791,0,0,0,591399
2021-07-04,"Tasmania","TAS",234,13,262968,234,221,0,0,0,232839
2021-07-04,"Victoria","VIC",20714,823,7360998,20714,19871,1,1,0,2379795
2021-07-04,"Western Australia","WA",1030,9,1374357,1030,1011,0,0,0,755728
2021-07-05,"Australian Capital Territory","ACT",124,3,243540,124,121,0,0,0,173113
2021-07-05,"New South Wales","NSW",5979,55,7218065,5979,2802,24,4,0,2405852
2021-07-05,"Northern Territory","NT",185,0,262739,185,176,8,0,0,99093
2021-07-05,"Queensland","QLD",1722,7,2997277,1722,1641,47,1,0,1590602
2021-07-05,"South Australia","SA",813,4,1605137,813,793,0,0,0,595722
2021-07-05,"Tasmania","TAS",234,13,263617,234,221,0,0,0,234460
2021-07-05,"Victoria","VIC",20716,823,7381688,20716,19873,2,2,0,2394238
2021-07-05,"Western Australia","WA",1030,9,1386359,1030,1011,0,0,0,762393
2021-07-06,"Australian Capital Territory","ACT",124,3,244735,124,121,0,0,0,175783
2021-07-06,"New South Wales","NSW",5997,55,7250386,5997,2802,26,6,2,2453560
2021-07-06,"Northern Territory","NT",185,0,262739,185,176,8,0,0,101125
2021-07-06,"Queensland","QLD",1728,7,3019495,1728,1641,47,1,0,1617964
2021-07-06,"South Australia","SA",813,4,1612932,813,793,0,0,0,605775
2021-07-06,"Tasmania","TAS",234,13,264532,234,221,0,0,0,237982
2021-07-06,"Victoria","VIC",20718,823,7403837,20718,19873,2,2,0,2435641
2021-07-06,"Western Australia","WA",1033,9,1393390,1033,1012,0,0,0,774361
2021-07-07,"Australian Capital Territory","ACT",124,3,246038,124,121,0,0,0,178675
2021-07-07,"New South Wales","NSW",6025,55,7295386,6025,2802,37,7,2,2505554
2021-07-07,"Northern Territory","NT",185,0,263412,185,176,8,0,0,103597
2021-07-07,"Queensland","QLD",1729,7,3005495,1729,1641,49,1,0,1651744
2021-07-07,"South Australia","SA",813,4,1623221,813,793,1,0,0,617254
2021-07-07,"Tasmania","TAS",234,13,265867,234,221,0,0,0,241909
2021-07-07,"Victoria","VIC",20718,823,7431335,20718,19874,2,2,0,2479835
2021-07-07,"Western Australia","WA",1033,9,1399117,1033,1012,0,0,0,789098
2021-07-08,"Australian Capital Territory","ACT",124,3,246905,124,121,0,0,0,181034
2021-07-08,"New South Wales","NSW",6064,55,7335119,6064,2802,40,11,3,2556204
2021-07-08,"Northern Territory","NT",188,0,264660,188,177,9,0,0,106156
2021-07-08,"Queensland","QLD",1732,7,3020431,1732,1641,49,1,0,1687906
2021-07-08,"South Australia","SA",814,4,1630287,814,793,1,0,0,623520
2021-07-08,"Tasmania","TAS",234,13,267011,234,221,0,0,0,244851
2021-07-08,"Victoria","VIC",20718,823,7458755,20718,19877,3,2,0,2503939
2021-07-08,"Western Australia","WA",1033,9,1409965,1033,1013,1,1,0,803189
2021-07-09,"Australian Capital Territory","ACT",124,3,247788,124,121,0,0,0,184104
2021-07-09,"New South Wales","NSW",6109,55,7377271,6109,2802,43,10,4,2612157
2021-07-09,"Northern Territory","NT",188,0,267031,188,177,11,0,0,108487
2021-07-09,"Queensland","QLD",1732,7,3034974,1732,1641,45,1,0,1722297
2021-07-09,"South Australia","SA",816,4,1637036,816,794,1,0,0,640258
2021-07-09,"Tasmania","TAS",234,13,267935,234,221,0,0,0,248709
2021-07-09,"Victoria","VIC",20719,823,7484345,20719,19878,3,0,0,2538226
2021-07-09,"Western Australia","WA",1033,9,1414856,1033,1013,1,1,0,817334
2021-07-10,"Australian Capital Territory","ACT",124,3,248353,124,121,0,0,0,186655
2021-07-10,"New South Wales","NSW",6161,55,7419294,6161,2802,47,16,4,2663160
2021-07-10,"Northern Territory","NT",188,0,268287,188,177,10,0,0,109788
2021-07-10,"Queensland","QLD",1737,7,3049028,1737,1641,49,1,0,1751988
2021-07-10,"South Australia","SA",818,4,1642840,818,795,2,0,0,650094
2021-07-10,"Tasmania","TAS",234,13,268919,234,221,0,0,0,251259
2021-07-10,"Victoria","VIC",20722,823,7507610,20722,19879,3,0,0,2569618
2021-07-10,"Western Australia","WA",1033,9,1420528,1033,1014,1,1,0,829985
2021-07-11,"Australian Capital Territory","ACT",124,3,248805,124,121,0,0,0,189110
2021-07-11,"New South Wales","NSW",6243,56,7468048,6243,2802,52,15,5,2692223
2021-07-11,"Northern Territory","NT",188,0,269310,188,177,8,0,0,110412
2021-07-11,"Queensland","QLD",1738,7,3056203,1738,1641,46,1,0,1766217
2021-07-11,"South Australia","SA",819,4,1649732,819,796,2,0,0,656446
2021-07-11,"Tasmania","TAS",234,13,269482,234,221,0,0,0,253951
2021-07-11,"Victoria","VIC",20722,823,7530912,20722,19882,3,0,0,2590328
2021-07-11,"Western Australia","WA",1035,9,1424422,1035,1014,2,1,0,839282
2021-07-12,"Australian Capital Territory","ACT",124,3,249383,124,121,0,0,0,191006
2021-07-12,"New South Wales","NSW",6359,56,7514526,6359,2802,63,18,4,2708148
2021-07-12,"Northern Territory","NT",189,0,270763,189,177,9,0,0,110414
2021-07-12,"Queensland","QLD",1739,7,3105830,1739,1641,47,1,0,1772830
2021-07-12,"South Australia","SA",821,4,1655070,821,797,2,0,0,660535
2021-07-12,"Tasmania","TAS",234,13,270589,234,221,0,0,0,256089
2021-07-12,"Victoria","VIC",20724,823,7550151,20724,19885,3,0,0,2605120
2021-07-12,"Western Australia","WA",1036,9,1430735,1036,1015,2,1,0,845675
2021-07-13,"Australian Capital Territory","ACT",124,3,250740,124,121,0,0,0,194030
2021-07-13,"New South Wales","NSW",6452,57,7563581,6452,2802,65,21,4,2763146
2021-07-13,"Northern Territory","NT",189,0,271859,189,177,9,0,0,112991
2021-07-13,"Queensland","QLD",1742,7,3118504,1742,1641,45,1,0,1800895
2021-07-13,"South Australia","SA",821,4,1661571,821,798,2,0,0,670656
2021-07-13,"Tasmania","TAS",234,13,271902,234,221,0,0,0,259588
2021-07-13,"Victoria","VIC",20725,823,7575232,20725,19885,2,0,0,2645161
2021-07-13,"Western Australia","WA",1036,9,1435858,1036,1018,2,1,0,857559
2021-07-14,"Australian Capital Territory","ACT",124,3,251955,124,121,0,0,0,197016
2021-07-14,"New South Wales","NSW",6551,57,7628903,6551,2802,71,20,4,2826601
2021-07-14,"Northern Territory","NT",189,0,273509,189,180,7,0,0,115168
2021-07-14,"Queensland","QLD",1747,7,3131303,1747,1641,47,1,0,1835564
2021-07-14,"South Australia","SA",823,4,1669596,823,799,2,0,0,682153
2021-07-14,"Tasmania","TAS",234,13,273194,234,221,0,0,0,262737
2021-07-14,"Victoria","VIC",20726,823,7608269,20726,19887,1,0,0,2677576
2021-07-14,"Western Australia","WA",1036,9,1440807,1036,1018,2,1,0,872330
2021-07-15,"Australian Capital Territory","ACT",124,3,253042,124,121,0,0,0,199653
2021-07-15,"New South Wales","NSW",6618,57,7687202,6618,2802,73,19,5,2885109
2021-07-15,"Northern Territory","NT",190,0,275262,190,180,7,0,0,117555
2021-07-15,"Queensland","QLD",1752,7,3143653,1752,1641,50,2,0,1868999
2021-07-15,"South Australia","SA",825,4,1677570,825,805,0,0,0,694463
2021-07-15,"Tasmania","TAS",234,13,274238,234,221,0,0,0,265908
2021-07-15,"Victoria","VIC",20737,823,7633719,20737,19891,1,0,0,2713151
2021-07-15,"Western Australia","WA",1036,9,1444307,1036,1020,2,1,0,886969
2021-07-16,"Australian Capital Territory","ACT",124,3,254126,124,121,0,0,0,202473
2021-07-16,"New South Wales","NSW",6716,57,7764789,6716,2802,75,18,5,2951810
2021-07-16,"Northern Territory","NT",191,0,276387,191,183,8,0,0,120231
2021-07-16,"Queensland","QLD",1753,7,3156949,1753,1641,48,2,0,1904850
2021-07-16,"South Australia","SA",831,4,1685562,831,811,0,0,0,705922
2021-07-16,"Tasmania","TAS",234,13,274793,234,221,0,0,0,269522
2021-07-16,"Victoria","VIC",20747,823,7666848,20747,19892,0,0,0,2750741
2021-07-16,"Western Australia","WA",1036,9,1449908,1036,1021,1,1,0,901260
2021-07-17,"Australian Capital Territory","ACT",124,3,255160,124,121,0,0,0,205229
2021-07-17,"New South Wales","NSW",6833,58,7846759,6833,2802,75,18,6,3014454
2021-07-17,"Northern Territory","NT",191,0,277564,191,183,8,0,0,122189
2021-07-17,"Queensland","QLD",1754,7,3171704,1754,1641,39,2,0,1933767
2021-07-17,"South Australia","SA",831,4,1695023,831,813,0,0,0,717255
2021-07-17,"Tasmania","TAS",234,13,276662,234,221,0,0,0,273000
2021-07-17,"Victoria","VIC",20767,823,7714505,20767,19893,0,0,0,2789969
2021-07-17,"Western Australia","WA",1037,9,1449908,1037,1021,1,1,0,914883
2021-07-18,"Australian Capital Territory","ACT",124,3,255752,124,121,0,0,0,207393
2021-07-18,"New South Wales","NSW",6942,59,7913430,6942,2802,76,18,7,3051027
2021-07-18,"Northern Territory","NT",191,0,278542,191,183,8,0,0,122344
2021-07-18,"Queensland","QLD",1754,7,3182211,1754,1641,39,2,0,1948665
2021-07-18,"South Australia","SA",831,4,1706378,831,814,0,0,0,723668
2021-07-18,"Tasmania","TAS",234,13,277184,234,221,0,0,0,275697
2021-07-18,"Victoria","VIC",20785,823,7767737,20785,19895,0,0,0,2814826
2021-07-18,"Western Australia","WA",1037,9,1449908,1037,1021,1,1,0,923826
2021-07-19,"Australian Capital Territory","ACT",124,3,256735,124,121,0,0,0,208763
2021-07-19,"New South Wales","NSW",7042,60,7989275,7042,2802,82,24,7,3071491
2021-07-19,"Northern Territory","NT",191,0,279684,191,183,7,0,0,122738
2021-07-19,"Queensland","QLD",1756,7,3189604,1756,1641,36,2,0,1954201
2021-07-19,"South Australia","SA",835,4,1713542,835,815,1,0,0,728716
2021-07-19,"Tasmania","TAS",234,13,278769,234,221,0,0,0,277290
2021-07-19,"Victoria","VIC",20798,823,7822576,20798,19897,1,0,0,2831570
2021-07-19,"Western Australia","WA",1038,9,1462553,1038,1022,1,1,0,930764
2021-07-20,"Australian Capital Territory","ACT",124,3,257666,124,121,0,0,0,212475
2021-07-20,"New South Wales","NSW",7121,60,8052135,7121,2802,95,27,11,3136532
2021-07-20,"Northern Territory","NT",191,0,281655,191,185,6,0,0,124741
2021-07-20,"Queensland","QLD",1761,7,3198915,1761,1641,36,2,0,1979964
2021-07-20,"South Australia","SA",838,4,1721149,838,816,1,0,0,738647
2021-07-20,"Tasmania","TAS",234,13,280019,234,221,0,0,0,281650
2021-07-20,"Victoria","VIC",20814,823,7872030,20814,19898,3,0,0,2877099
2021-07-20,"Western Australia","WA",1046,9,1466545,1046,1022,1,1,0,944336
2021-07-21,"Australian Capital Territory","ACT",124,3,258993,124,121,0,0,0,215416
2021-07-21,"New South Wales","NSW",7233,60,8135612,7233,2802,106,23,11,3203383
2021-07-21,"Northern Territory","NT",191,0,283061,191,185,6,0,0,127332
2021-07-21,"Queensland","QLD",1762,7,3211791,1762,1701,36,2,0,2013169
2021-07-21,"South Australia","SA",846,4,1734048,846,822,1,0,0,751296
2021-07-21,"Tasmania","TAS",234,13,281736,234,221,0,0,0,285057
2021-07-21,"Victoria","VIC",20837,823,7931385,20837,19899,5,0,0,2914350
2021-07-21,"Western Australia","WA",1048,9,1473668,1048,1023,1,1,0,960030
2021-07-22,"Australian Capital Territory","ACT",124,3,259944,124,121,0,0,0,218972
2021-07-22,"New South Wales","NSW",7357,60,8220797,7357,2802,118,28,14,3268288
2021-07-22,"Northern Territory","NT",191,0,284357,191,186,5,0,0,129644
2021-07-22,"Queensland","QLD",1761,7,3228466,1761,1701,25,1,0,2045305
2021-07-22,"South Australia","SA",849,4,1751640,849,822,1,0,0,765579
2021-07-22,"Tasmania","TAS",234,13,283716,234,221,0,0,0,288545
2021-07-22,"Victoria","VIC",20865,823,7975059,20865,19899,5,1,0,2960809
2021-07-22,"Western Australia","WA",1048,9,1480747,1048,1024,1,1,0,977421
2021-07-23,"Australian Capital Territory","ACT",124,3,261090,124,121,0,0,0,222603
2021-07-23,"New South Wales","NSW",7492,61,8307417,7492,2802,137,32,14,3343940
2021-07-23,"Northern Territory","NT",191,0,285711,191,188,3,0,0,131715
2021-07-23,"Queensland","QLD",1763,7,3245833,1763,1701,25,1,0,2078672
2021-07-23,"South Australia","SA",851,4,1775212,851,822,1,0,0,779059
2021-07-23,"Tasmania","TAS",234,13,285226,234,221,0,0,0,292616
2021-07-23,"Victoria","VIC",20879,823,8018601,20879,19901,7,2,0,3008312
2021-07-23,"Western Australia","WA",1048,9,1484641,1048,1025,1,1,0,994076
2021-07-24,"Australian Capital Territory","ACT",124,3,262008,124,121,0,0,0,226124
2021-07-24,"New South Wales","NSW",7651,61,8401327,7651,2802,139,37,17,3414132
2021-07-24,"Northern Territory","NT",192,0,286924,192,188,4,0,0,132259
2021-07-24,"Queensland","QLD",1763,7,3260215,1763,1707,21,1,0,2109763
2021-07-24,"South Australia","SA",852,4,1798622,852,822,2,0,0,792104
2021-07-24,"Tasmania","TAS",234,13,286538,234,221,0,0,0,296597
2021-07-24,"Victoria","VIC",20891,823,8058447,20891,19902,8,3,0,3052491
2021-07-24,"Western Australia","WA",1048,9,1484641,1048,1030,0,0,0,1009365
2021-07-25,"Australian Capital Territory","ACT",124,3,262672,124,121,0,0,0,229226
2021-07-25,"New South Wales","NSW",7792,61,8503560,7792,2802,141,43,18,3454832
2021-07-25,"Northern Territory","NT",192,0,287757,192,188,4,0,0,133145
2021-07-25,"Queensland","QLD",1770,7,3272978,1770,1715,26,1,0,2124211
2021-07-25,"South Australia","SA",855,4,1822341,855,822,2,0,0,799665
2021-07-25,"Tasmania","TAS",234,13,287069,234,221,0,0,0,299229
2021-07-25,"Victoria","VIC",20902,823,8090832,20902,19903,7,2,0,3080933
2021-07-25,"Western Australia","WA",1048,9,1484641,1048,1030,0,0,0,1019270
2021-07-26,"Australian Capital Territory","ACT",124,3,263457,124,121,0,0,0,231454
2021-07-26,"New South Wales","NSW",7942,63,8601718,7942,2802,155,44,18,3478281
2021-07-26,"Northern Territory","NT",192,0,288867,192,189,3,0,0,133505
2021-07-26,"Queensland","QLD",1770,7,3283789,1770,1715,26,1,0,2131097
2021-07-26,"South Australia","SA",857,4,1839601,857,827,2,0,0,805033
2021-07-26,"Tasmania","TAS",234,13,288046,234,221,0,0,0,301471
2021-07-26,"Victoria","VIC",20914,823,8116236,20914,19904,5,2,0,3102461
2021-07-26,"Western Australia","WA",1048,9,1495951,1048,1030,0,0,0,1028145
2021-07-27,"Australian Capital Territory","ACT",124,3,264478,124,121,0,0,0,235789
2021-07-27,"New South Wales","NSW",8117,65,8686184,8117,2802,169,46,19,3549677
2021-07-27,"Northern Territory","NT",192,0,291137,192,190,2,0,0,135574
2021-07-27,"Queensland","QLD",1770,7,3296870,1770,1715,25,1,0,2158284
2021-07-27,"South Australia","SA",857,4,1855351,857,828,2,0,0,816929
2021-07-27,"Tasmania","TAS",234,13,288880,234,221,0,0,0,305117
2021-07-27,"Victoria","VIC",20924,823,8140576,20924,19906,7,2,0,3150802
2021-07-27,"Western Australia","WA",1050,9,1500634,1050,1030,2,0,0,1044612
2021-07-28,"Australian Capital Territory","ACT",124,3,266210,124,121,0,0,0,239611
2021-07-28,"New South Wales","NSW",8294,66,8780736,8294,2802,164,56,22,3626604
2021-07-28,"Northern Territory","NT",192,0,292511,192,190,2,0,0,137746
2021-07-28,"Queensland","QLD",1790,7,3314686,1790,1717,23,1,0,2192459
2021-07-28,"South Australia","SA",857,4,1871408,857,828,2,0,0,830905
2021-07-28,"Tasmania","TAS",234,13,290293,234,221,0,0,0,309408
2021-07-28,"Victoria","VIC",20932,823,8176438,20932,19907,7,2,0,3193925
2021-07-28,"Western Australia","WA",1051,9,1501084,1051,1032,3,1,0,1063108
2021-07-29,"Australian Capital Territory","ACT",124,3,267277,124,121,0,0,0,243279
2021-07-29,"New South Wales","NSW",8531,68,8891698,8531,2802,182,54,22,3705923
2021-07-29,"Northern Territory","NT",197,0,294194,197,190,7,0,0,140377
2021-07-29,"Queensland","QLD",1791,7,3340048,1791,1717,42,1,0,2227195
2021-07-29,"South Australia","SA",859,4,1888844,859,828,2,0,0,844675
2021-07-29,"Tasmania","TAS",234,13,291776,234,221,0,0,0,313063
2021-07-29,"Victoria","VIC",20939,823,8218447,20939,19914,7,2,0,3237528
2021-07-29,"Western Australia","WA",1057,9,1505327,1057,1032,3,1,0,1083196
2021-07-30,"Australian Capital Territory","ACT",124,3,268414,124,121,0,0,0,247173
2021-07-30,"New South Wales","NSW",8703,68,8987144,8703,2802,187,58,24,3789560
2021-07-30,"Northern Territory","NT",197,0,295604,197,190,6,0,0,142917
2021-07-30,"Queensland","QLD",1793,7,3356068,1793,1720,43,1,0,2262980
2021-07-30,"South Australia","SA",859,4,1902441,859,830,2,0,0,858606
2021-07-30,"Tasmania","TAS",234,13,292977,234,221,0,0,0,317688
2021-07-30,"Victoria","VIC",20942,823,8261989,20942,19922,6,2,0,3283466
2021-07-30,"Western Australia","WA",1057,9,1509026,1057,1033,3,1,0,1103588
2021-07-31,"Australian Capital Territory","ACT",124,3,269316,124,121,0,0,0,250901
2021-07-31,"New South Wales","NSW",8914,69,9093107,8914,2802,187,58,24,3871780
2021-07-31,"Northern Territory","NT",199,0,297028,199,190,6,0,0,145506
2021-07-31,"Queensland","QLD",1800,7,3369042,1800,1720,43,1,0,2296677
2021-07-31,"South Australia","SA",859,4,1915711,859,830,2,0,0,871282
2021-07-31,"Tasmania","TAS",234,13,292977,234,221,0,0,0,319801
2021-07-31,"Victoria","VIC",20944,823,8294749,20944,19944,6,2,1,3328746
2021-07-31,"Western Australia","WA",1057,9,1509026,1057,1036,3,1,0,1121991
2021-08-01,"Australian Capital Territory","ACT",124,3,269707,124,121,0,0,0,254426
2021-08-01,"New South Wales","NSW",9153,69,9180819,9153,2802,222,54,25,3917541
2021-08-01,"Northern Territory","NT",199,0,298035,199,191,6,0,0,146119
2021-08-01,"Queensland","QLD",1809,7,3380510,1809,1725,53,1,0,2310240
2021-08-01,"South Australia","SA",862,4,1928811,862,830,4,0,0,877541
2021-08-01,"Tasmania","TAS",234,13,294485,234,221,0,0,0,320995
2021-08-01,"Victoria","VIC",20948,823,8320528,20948,19967,8,2,1,3357034
2021-08-01,"Western Australia","WA",1057,9,1509026,1057,1038,2,1,0,1133761
2021-08-02,"Australian Capital Territory","ACT",124,3,271433,124,121,0,0,0,257403
2021-08-02,"New South Wales","NSW",9360,70,9297828,9360,2802,228,54,25,3943499
2021-08-02,"Northern Territory","NT",200,0,299355,200,191,7,0,0,146363
2021-08-02,"Queensland","QLD",1824,7,3402316,1824,1727,66,1,0,2318381
2021-08-02,"South Australia","SA",863,4,1939738,863,831,3,0,0,881935
2021-08-02,"Tasmania","TAS",234,13,295062,234,221,0,0,0,326483
2021-08-02,"Victoria","VIC",20950,823,8341945,20950,19996,8,3,1,3376541
2021-08-02,"Western Australia","WA",1058,9,1519178,1058,1038,2,1,0,1143288
2021-08-03,"Australian Capital Territory","ACT",124,3,272676,124,121,0,0,0,261094
2021-08-03,"New South Wales","NSW",9561,70,9402364,9561,2802,247,53,20,4028122
2021-08-03,"Northern Territory","NT",200,0,300234,200,191,7,0,0,146815
2021-08-03,"Queensland","QLD",1840,7,3437034,1840,1727,82,1,0,2353085
2021-08-03,"South Australia","SA",863,4,1949980,863,835,2,0,0,894547
2021-08-03,"Tasmania","TAS",234,13,296921,234,221,0,0,0,329781
2021-08-03,"Victoria","VIC",20955,823,8364162,20955,20001,10,2,1,3421777
2021-08-03,"Western Australia","WA",1058,9,1524097,1058,1039,2,1,0,1159230
2021-08-04,"Australian Capital Territory","ACT",124,3,273761,124,121,0,0,0,264881
2021-08-04,"New South Wales","NSW",9793,72,9509942,9793,2802,286,53,23,4112667
2021-08-04,"Northern Territory","NT",200,0,301779,200,191,7,0,0,149207
2021-08-04,"Queensland","QLD",1859,7,3488513,1859,1727,59,1,0,2397360
2021-08-04,"South Australia","SA",866,4,1957143,866,841,2,0,0,907933
2021-08-04,"Tasmania","TAS",234,13,298512,234,221,0,0,0,334710
2021-08-04,"Victoria","VIC",20955,823,8394279,20955,20036,9,2,1,3463544
2021-08-04,"Western Australia","WA",1059,9,1528716,1059,1041,2,1,0,1178096
2021-08-05,"Australian Capital Territory","ACT",124,3,274821,124,121,0,0,0,268931
2021-08-05,"New South Wales","NSW",10055,77,9616896,10055,2802,285,52,24,4196287
2021-08-05,"Northern Territory","NT",200,0,303492,200,191,7,0,0,152392
2021-08-05,"Queensland","QLD",1886,7,3540864,1886,1727,65,1,0,2444845
2021-08-05,"South Australia","SA",866,4,1963037,866,842,3,1,0,923067
2021-08-05,"Tasmania","TAS",235,13,300053,235,221,0,0,0,337499
2021-08-05,"Victoria","VIC",20962,823,8421558,20962,20062,7,2,1,3509483
2021-08-05,"Western Australia","WA",1059,9,1534547,1059,1041,2,1,0,1197753
2021-08-06,"Australian Capital Territory","ACT",124,3,276657,124,121,0,0,0,272817
2021-08-06,"New South Wales","NSW",10341,78,9726443,10341,2802,304,50,22,4289913
2021-08-06,"Northern Territory","NT",200,0,305375,200,193,7,0,0,155584
2021-08-06,"Queensland","QLD",1896,7,3588892,1896,1727,65,1,0,2494802
2021-08-06,"South Australia","SA",866,4,1967792,866,850,3,1,0,936641
2021-08-06,"Tasmania","TAS",235,13,301979,235,221,0,0,0,342993
2021-08-06,"Victoria","VIC",20968,823,8451189,20968,20073,7,2,1,3558221
2021-08-06,"Western Australia","WA",1059,9,1544681,1059,1041,2,1,0,1219325
2021-08-07,"Australian Capital Territory","ACT",124,3,277742,124,121,0,0,0,277030
2021-08-07,"New South Wales","NSW",10656,83,9834892,10656,2802,338,56,23,4379412
2021-08-07,"Northern Territory","NT",200,0,307136,200,193,7,0,0,157785
2021-08-07,"Queensland","QLD",1909,7,3629727,1909,1727,70,1,0,2540849
2021-08-07,"South Australia","SA",866,4,1972651,866,855,3,1,0,949738
2021-08-07,"Tasmania","TAS",235,13,303546,235,222,0,0,0,344523
2021-08-07,"Victoria","VIC",20997,823,8494807,20997,20080,7,2,1,3608336
2021-08-07,"Western Australia","WA",1059,9,1544681,1059,1043,1,1,0,1238682
2021-08-08,"Australian Capital Territory","ACT",124,3,278553,124,121,0,0,0,280057
2021-08-08,"New South Wales","NSW",10917,84,9930372,10917,2802,362,58,24,4437729
2021-08-08,"Northern Territory","NT",200,0,308387,200,193,7,0,0,159162
2021-08-08,"Queensland","QLD",1918,7,3656013,1918,1736,64,1,0,2563018
2021-08-08,"South Australia","SA",868,4,1977554,868,855,2,1,0,958065
2021-08-08,"Tasmania","TAS",235,13,304756,235,222,0,0,0,345908
2021-08-08,"Victoria","VIC",21010,823,8532986,21010,20090,5,1,1,3640779
2021-08-08,"Western Australia","WA",1059,9,1544681,1059,1043,1,1,0,1251862
2021-08-09,"Australian Capital Territory","ACT",124,3,279233,124,121,0,0,0,283635
2021-08-09,"New South Wales","NSW",11201,84,10064212,11201,2802,349,67,29,4463212
2021-08-09,"Northern Territory","NT",200,0,309367,200,193,7,0,0,159449
2021-08-09,"Queensland","QLD",1923,7,3682407,1923,1736,62,1,0,2574040
2021-08-09,"South Australia","SA",868,4,1981374,868,857,2,1,0,963579
2021-08-09,"Tasmania","TAS",235,13,306270,235,222,0,0,0,351907
2021-08-09,"Victoria","VIC",21021,823,8571973,21021,20098,5,1,1,3666004
2021-08-09,"Western Australia","WA",1059,9,1556640,1059,1045,1,1,0,1261320
2021-08-10,"Australian Capital Territory","ACT",124,3,280789,124,121,0,0,0,287448
2021-08-10,"New South Wales","NSW",11557,88,10159248,11557,2802,357,60,28,4561456
2021-08-10,"Northern Territory","NT",200,0,311291,200,193,7,0,0,161715
2021-08-10,"Queensland","QLD",1926,7,3702891,1926,1741,63,1,0,2611978
2021-08-10,"South Australia","SA",868,4,1985470,868,857,2,1,0,976374
2021-08-10,"Tasmania","TAS",235,13,307736,235,222,0,0,0,356270
2021-08-10,"Victoria","VIC",21041,823,8606865,21041,20110,2,0,0,3723540
2021-08-10,"Western Australia","WA",1059,9,1556640,1059,1046,1,1,0,1279264
2021-08-11,"Australian Capital Territory","ACT",124,3,282184,124,121,0,0,0,291384
2021-08-11,"New South Wales","NSW",11902,90,10278504,11902,2802,374,62,29,4668048
2021-08-11,"Northern Territory","NT",200,0,313746,200,197,3,0,0,164218
2021-08-11,"Queensland","QLD",1929,7,3725990,1929,1741,59,1,0,2659429
2021-08-11,"South Australia","SA",868,4,1991503,868,857,2,1,0,991636
2021-08-11,"Tasmania","TAS",235,13,309422,235,222,0,0,0,360965
2021-08-11,"Victoria","VIC",21056,823,8648436,21056,20118,1,0,0,3779009
2021-08-11,"Western Australia","WA",1059,9,1568340,1059,1046,1,1,0,1299320
2021-08-12,"Australian Capital Territory","ACT",125,3,284003,125,121,0,0,0,295652
2021-08-12,"New South Wales","NSW",12245,92,10430334,12245,2802,374,62,29,4773112
2021-08-12,"Northern Territory","NT",200,0,315425,200,197,3,0,0,167128
2021-08-12,"Queensland","QLD",1940,7,3757764,1940,1744,45,1,0,2706120
2021-08-12,"South Australia","SA",868,4,1996436,868,858,3,1,0,1007035
2021-08-12,"Tasmania","TAS",235,13,310838,235,222,0,0,0,365219
2021-08-12,"Victoria","VIC",21083,823,8693844,21083,20126,2,0,0,3840615
2021-08-12,"Western Australia","WA",1059,9,1572501,1059,1046,1,1,0,1321442
2021-08-13,"Australian Capital Territory","ACT",130,3,284985,130,121,0,0,0,299852
2021-08-13,"New South Wales","NSW",12629,94,10558332,12629,2802,388,63,30,4879443
2021-08-13,"Northern Territory","NT",200,0,317465,200,198,2,0,0,169836
2021-08-13,"Queensland","QLD",1948,7,3793267,1948,1753,43,1,0,2754935
2021-08-13,"South Australia","SA",868,4,2001436,868,859,3,1,0,1023217
2021-08-13,"Tasmania","TAS",235,13,312119,235,222,0,0,0,371155
2021-08-13,"Victoria","VIC",21098,823,8734581,21098,20130,2,1,0,3904881
2021-08-13,"Western Australia","WA",1059,9,1576776,1059,1046,1,1,0,1343902
2021-08-14,"Australian Capital Territory","ACT",131,3,287407,131,121,0,0,0,304831
2021-08-14,"New South Wales","NSW",13096,98,10687674,13096,2802,378,64,29,4985038
2021-08-14,"Northern Territory","NT",200,0,319355,200,198,2,0,0,172462
2021-08-14,"Queensland","QLD",1955,7,3816041,1955,1753,41,1,0,2801356
2021-08-14,"South Australia","SA",868,4,2006262,868,861,2,1,0,1037534
2021-08-14,"Tasmania","TAS",235,13,313448,235,222,0,0,0,375422
2021-08-14,"Victoria","VIC",21119,823,8768256,21119,20136,3,1,0,3970074
2021-08-14,"Western Australia","WA",1059,9,1576776,1059,1047,1,1,0,1365306
2021-08-15,"Australian Capital Territory","ACT",133,3,291475,133,121,0,0,0,308904
2021-08-15,"New South Wales","NSW",13503,103,10814464,13503,2802,379,62,24,5050672
2021-08-15,"Northern Territory","NT",200,0,320308,200,198,2,0,0,172849
2021-08-15,"Queensland","QLD",1955,7,3829382,1955,1753,34,1,0,2826160
2021-08-15,"South Australia","SA",868,4,2011165,868,862,2,1,0,1045604
2021-08-15,"Tasmania","TAS",235,13,314192,235,222,0,0,0,378739
2021-08-15,"Victoria","VIC",21144,823,8800542,21144,20139,4,1,0,4012922
2021-08-15,"Western Australia","WA",1059,9,1576776,1059,1047,2,1,0,1379349
2021-08-16,"Australian Capital Territory","ACT",152,3,299116,152,121,0,0,0,356518
2021-08-16,"New South Wales","NSW",13978,111,10970959,13978,2802,392,64,28,5170324
2021-08-16,"Northern Territory","NT",200,0,321815,200,197,3,0,0,178041
2021-08-16,"Queensland","QLD",1955,7,3838591,1955,1762,34,1,0,2837758
2021-08-16,"South Australia","SA",868,4,2014264,868,862,3,1,0,1040250
2021-08-16,"Tasmania","TAS",235,13,315414,235,222,0,0,0,379599
2021-08-16,"Victoria","VIC",21166,823,8830528,21166,20141,6,1,0,3981941
2021-08-16,"Western Australia","WA",1061,9,1586900,1061,1048,1,1,0,1394495
2021-08-17,"Australian Capital Territory","ACT",169,3,305098,169,121,0,0,0,366464
2021-08-17,"New South Wales","NSW",14416,112,11122726,14416,2802,446,69,28,5276446
2021-08-17,"Northern Territory","NT",200,0,323811,200,197,3,0,0,179887
2021-08-17,"Queensland","QLD",1957,7,3849428,1957,1781,28,1,0,2876133
2021-08-17,"South Australia","SA",868,4,2019545,868,862,3,0,0,1054392
2021-08-17,"Tasmania","TAS",235,13,316385,235,222,0,0,0,383701
2021-08-17,"Victoria","VIC",21191,823,8862047,21191,20144,12,2,0,4061751
2021-08-17,"Western Australia","WA",1061,9,1591555,1061,1049,1,1,0,1419617
2021-08-18,"Australian Capital Territory","ACT",191,3,313089,191,121,0,0,0,374592
2021-08-18,"New South Wales","NSW",15043,115,11225475,15043,2802,460,77,25,5385996
2021-08-18,"Northern Territory","NT",200,0,326109,200,197,3,0,0,182477
2021-08-18,"Queensland","QLD",1961,7,3864468,1961,1789,25,1,0,2921725
2021-08-18,"South Australia","SA",868,4,2025900,868,863,3,0,0,1070054
2021-08-18,"Tasmania","TAS",235,13,317736,235,222,0,0,0,388483
2021-08-18,"Victoria","VIC",21214,823,8901879,21214,20149,12,2,0,4125491
2021-08-18,"Western Australia","WA",1062,9,1596064,1062,1050,1,1,0,1443442
2021-08-19,"Australian Capital Territory","ACT",207,3,320112,207,121,0,0,0,378117
2021-08-19,"New South Wales","NSW",15717,116,11344785,15717,2802,474,82,25,5518435
2021-08-19,"Northern Territory","NT",200,0,328773,200,199,1,0,0,185907
2021-08-19,"Queensland","QLD",1961,7,3878804,1961,1789,21,1,0,2971842
2021-08-19,"South Australia","SA",869,4,2031812,869,863,2,0,0,1087147
2021-08-19,"Tasmania","TAS",235,13,319476,235,222,0,0,0,393152
2021-08-19,"Victoria","VIC",21271,823,8951486,21271,20155,16,3,0,4194225
2021-08-19,"Western Australia","WA",1062,9,1601649,1062,1050,0,0,0,1472445
2021-08-20,"Australian Capital Territory","ACT",218,3,327515,218,120,1,0,0,388930
2021-08-20,"New South Wales","NSW",16353,120,11472375,16353,2802,474,84,27,5639016
2021-08-20,"Northern Territory","NT",200,0,331287,200,199,1,0,0,189285
2021-08-20,"Queensland","QLD",1962,7,3892660,1962,1856,18,1,0,3019057
2021-08-20,"South Australia","SA",869,4,2037920,869,863,2,0,0,1103513
2021-08-20,"Tasmania","TAS",235,13,321051,235,222,0,0,0,398951
2021-08-20,"Victoria","VIC",21328,823,8999759,21328,20159,15,6,1,4264873
2021-08-20,"Western Australia","WA",1063,9,1606993,1063,1050,0,0,0,1500949
2021-08-21,"Australian Capital Territory","ACT",226,3,335847,226,121,2,0,0,400285
2021-08-21,"New South Wales","NSW",17173,123,11596985,17173,2802,515,85,29,5766280
2021-08-21,"Northern Territory","NT",200,0,333100,200,199,1,0,0,192173
2021-08-21,"Queensland","QLD",1964,7,3903822,1964,1867,17,0,0,3070343
2021-08-21,"South Australia","SA",869,4,2043206,869,863,1,1,0,1120467
2021-08-21,"Tasmania","TAS",235,13,322123,235,222,0,0,0,403462
2021-08-21,"Victoria","VIC",21389,823,9045429,21389,20180,18,8,2,4335571
2021-08-21,"Western Australia","WA",1063,9,1606993,1063,1050,0,0,0,1526517
2021-08-22,"Australian Capital Territory","ACT",245,3,342120,245,121,2,0,0,402639
2021-08-22,"New South Wales","NSW",17995,126,11803178,17995,2802,554,95,31,5845663
2021-08-22,"Northern Territory","NT",200,0,334891,200,199,1,0,0,193554
2021-08-22,"Queensland","QLD",1964,7,3913740,1964,1878,18,0,0,3101250
2021-08-22,"South Australia","SA",869,4,2047707,869,863,1,1,0,1130060
2021-08-22,"Tasmania","TAS",235,13,322741,235,222,0,0,0,407406
2021-08-22,"Victoria","VIC",21455,823,9089576,21455,20195,27,12,5,4385028
2021-08-22,"Western Australia","WA",1063,9,1606993,1063,1050,0,0,0,1545499
2021-08-23,"Australian Capital Territory","ACT",261,3,349750,261,121,4,0,0,404130
2021-08-23,"New South Wales","NSW",18800,129,12114261,18800,2802,586,100,32,5905429
2021-08-23,"Northern Territory","NT",200,0,336291,200,199,1,0,0,194095
2021-08-23,"Queensland","QLD",1966,7,3922177,1966,1902,20,2,0,3120611
2021-08-23,"South Australia","SA",870,4,2052278,870,863,1,1,0,1135674
2021-08-23,"Tasmania","TAS",235,13,323770,235,222,0,0,0,409540
2021-08-23,"Victoria","VIC",21526,823,9136022,21526,20212,29,9,5,4420162
2021-08-23,"Western Australia","WA",1064,9,1618478,1064,1051,0,0,0,1561013
2021-08-24,"Australian Capital Territory","ACT",291,3,351798,291,121,4,1,0,419300
2021-08-24,"New South Wales","NSW",19545,129,12252733,19545,2802,607,107,34,6030074
2021-08-24,"Northern Territory","NT",200,0,338209,200,199,1,0,0,195808
2021-08-24,"Queensland","QLD",1972,7,3930555,1972,1905,20,2,0,3156625
2021-08-24,"South Australia","SA",870,4,2057689,870,863,1,1,0,1150816
2021-08-24,"Tasmania","TAS",235,13,324196,235,222,0,0,0,414063
2021-08-24,"Victoria","VIC",21573,823,9184446,21573,20231,34,9,7,4488144
2021-08-24,"Western Australia","WA",1064,9,1624900,1064,1051,0,0,0,1585766
2021-08-25,"Australian Capital Territory","ACT",300,3,360228,300,121,6,1,0,422541
2021-08-25,"New South Wales","NSW",20455,131,12381719,20455,2802,643,113,40,6160858
2021-08-25,"Northern Territory","NT",200,0,339957,200,199,1,0,0,198193
2021-08-25,"Queensland","QLD",1970,7,3943315,1970,1906,21,2,0,3203908
2021-08-25,"South Australia","SA",870,4,2063776,870,863,1,1,0,1167534
2021-08-25,"Tasmania","TAS",235,13,326323,235,222,0,0,0,419038
2021-08-25,"Victoria","VIC",21614,823,9237767,21614,20256,36,11,7,4562243
2021-08-25,"Western Australia","WA",1084,9,1630167,1084,1051,0,0,0,1613472
2021-08-26,"Australian Capital Territory","ACT",314,3,365141,314,122,9,3,0,429092
2021-08-26,"New South Wales","NSW",21471,134,12553257,21471,2802,696,115,43,6303835
2021-08-26,"Northern Territory","NT",200,0,341584,200,199,2,0,0,201021
2021-08-26,"Queensland","QLD",1972,7,3956048,1972,1906,21,2,0,3256849
2021-08-26,"South Australia","SA",870,4,2068683,870,863,1,1,0,1185898
2021-08-26,"Tasmania","TAS",235,13,327534,235,222,0,0,0,424531
2021-08-26,"Victoria","VIC",21693,823,9294015,21693,20273,36,11,7,4641562
2021-08-26,"Western Australia","WA",1084,9,1635573,1084,1051,0,0,0,1640419
2021-08-27,"Australian Capital Territory","ACT",335,3,372383,335,121,11,1,0,438531
2021-08-27,"New South Wales","NSW",22346,136,12671377,22346,2802,761,116,47,6442295
2021-08-27,"Northern Territory","NT",201,0,343205,201,199,2,0,0,203882
2021-08-27,"Queensland","QLD",1973,7,3969639,1973,1911,24,2,0,3311638
2021-08-27,"South Australia","SA",870,4,2074555,870,864,1,1,0,1203284
2021-08-27,"Tasmania","TAS",235,13,328606,235,222,0,0,0,430077
2021-08-27,"Victoria","VIC",21771,823,9344550,21771,20291,37,14,9,4692544
2021-08-27,"Western Australia","WA",1084,9,1639343,1084,1047,0,0,0,1668046
2021-08-28,"Australian Capital Territory","ACT",361,3,375818,361,125,10,1,0,442582
2021-08-28,"New South Wales","NSW",23372,138,12800559,23372,2802,777,125,52,6580989
2021-08-28,"Northern Territory","NT",201,0,344846,201,199,2,0,0,206125
2021-08-28,"Queensland","QLD",1977,7,3981089,1977,1917,21,2,0,3358948
2021-08-28,"South Australia","SA",871,4,2079598,871,864,1,0,0,1220040
2021-08-28,"Tasmania","TAS",235,13,329890,235,222,0,0,0,435371
2021-08-28,"Victoria","VIC",21834,823,9399883,21834,20313,42,13,8,4766482
2021-08-28,"Western Australia","WA",1086,9,1639343,1086,1051,0,0,0,1696090
2021-08-29,"Australian Capital Territory","ACT",374,3,377912,374,141,10,1,0,444582
2021-08-29,"New South Wales","NSW",24585,144,12906597,24585,2802,808,126,54,6649399
2021-08-29,"Northern Territory","NT",202,0,345763,202,199,2,0,0,207545
2021-08-29,"Queensland","QLD",1978,7,3987592,1978,1924,23,0,0,3389617
2021-08-29,"South Australia","SA",871,4,2084658,871,864,1,0,0,1229848
2021-08-29,"Tasmania","TAS",235,13,330356,235,222,0,0,0,440085
2021-08-29,"Victoria","VIC",21926,823,9450913,21926,20328,44,13,8,4852288
2021-08-29,"Western Australia","WA",1086,9,1639343,1086,1051,0,0,0,1713949
2021-08-30,"Australian Capital Territory","ACT",385,3,379792,385,147,10,1,0,446067
2021-08-30,"New South Wales","NSW",25858,148,13063818,25858,2802,840,137,48,6721343
2021-08-30,"Northern Territory","NT",202,0,346901,202,199,2,0,0,208029
2021-08-30,"Queensland","QLD",1979,7,3997955,1979,1924,23,0,0,3410142
2021-08-30,"South Australia","SA",871,4,2088707,871,864,1,0,0,1236435
2021-08-30,"Tasmania","TAS",235,13,331214,235,222,0,0,0,443001
2021-08-30,"Victoria","VIC",21996,823,9492308,21996,20371,49,15,11,4892786
2021-08-30,"Western Australia","WA",1086,9,1650000,1086,1053,0,0,0,1727938
2021-08-31,"Australian Capital Territory","ACT",398,3,384623,398,160,10,3,0,454575
2021-08-31,"New South Wales","NSW",27009,151,13193845,27009,2802,869,143,58,6869640
2021-08-31,"Northern Territory","NT",202,0,348887,202,199,2,0,0,209927
2021-08-31,"Queensland","QLD",1979,7,4009212,1979,1924,17,0,0,3444758
2021-08-31,"South Australia","SA",871,4,2094000,871,864,1,0,0,1250903
2021-08-31,"Tasmania","TAS",235,13,332414,235,222,0,0,0,448160
2021-08-31,"Victoria","VIC",22071,823,9543156,22071,20410,52,16,11,4934476
2021-08-31,"Western Australia","WA",1086,9,1655204,1086,1058,0,0,0,1750227
2021-09-01,"Australian Capital Territory","ACT",421,3,388039,421,162,13,4,0,466621
2021-09-01,"New South Wales","NSW",28111,155,13367758,28111,2802,908,150,66,6990810
2021-09-01,"Northern Territory","NT",202,0,350231,202,199,2,0,0,212372
2021-09-01,"Queensland","QLD",1980,7,4020527,1980,1928,17,0,0,3491117
2021-09-01,"South Australia","SA",871,4,2101349,871,864,1,0,0,1267807
2021-09-01,"Tasmania","TAS",235,13,333649,235,222,0,0,0,454505
2021-09-01,"Victoria","VIC",22187,825,9599207,22187,20465,58,21,11,5039494
2021-09-01,"Western Australia","WA",1086,9,1660247,1086,1059,0,0,0,1774772
2021-09-02,"Australian Capital Territory","ACT",433,3,391497,433,172,13,4,0,474010
2021-09-02,"New South Wales","NSW",29399,162,13495186,29399,2802,956,160,64,7130724
2021-09-02,"Northern Territory","NT",202,0,351954,202,200,2,0,0,215168
2021-09-02,"Queensland","QLD",1982,7,4030960,1982,1929,14,0,0,3540050
2021-09-02,"South Australia","SA",875,4,2107621,875,866,1,0,0,1284780
2021-09-02,"Tasmania","TAS",235,13,334840,235,222,0,0,0,460401
2021-09-02,"Victoria","VIC",22363,825,9647579,22363,20512,61,20,13,5121177
2021-09-02,"Western Australia","WA",1086,9,1664613,1086,1064,0,0,0,1801774
2021-09-03,"Australian Capital Territory","ACT",451,3,394124,451,193,13,4,0,479342
2021-09-03,"New South Wales","NSW",30807,174,13649840,30807,2802,973,160,63,7245450
2021-09-03,"Northern Territory","NT",202,0,353625,202,200,2,0,0,217462
2021-09-03,"Queensland","QLD",1982,7,4047573,1982,1929,15,0,0,3589800
2021-09-03,"South Australia","SA",877,4,2114297,877,870,1,0,0,1302917
2021-09-03,"Tasmania","TAS",235,13,336069,235,222,0,0,0,465890
2021-09-03,"Victoria","VIC",22570,826,9696151,22570,20567,64,16,13,5199809
2021-09-03,"Western Australia","WA",1086,9,1668266,1086,1067,0,0,0,1828813
2021-09-04,"Australian Capital Territory","ACT",483,3,396505,483,241,8,2,1,486390
2021-09-04,"New South Wales","NSW",32323,178,13781014,32323,2802,1036,173,62,7374708
2021-09-04,"Northern Territory","NT",202,0,355195,202,200,2,0,0,219720
2021-09-04,"Queensland","QLD",1984,7,4057569,1984,1929,15,0,0,3636463
2021-09-04,"South Australia","SA",879,4,2119824,879,870,1,0,0,1320741
2021-09-04,"Tasmania","TAS",235,13,337103,235,222,0,0,0,471297
2021-09-04,"Victoria","VIC",22759,826,9745699,22759,20635,76,23,14,5279160
2021-09-04,"Western Australia","WA",1086,9,1668266,1086,1068,0,0,0,1853279
2021-09-05,"Australian Capital Territory","ACT",498,3,398222,498,258,8,2,1,490820
2021-09-05,"New South Wales","NSW",33782,181,13896509,33782,2802,1023,172,72,7469406
2021-09-05,"Northern Territory","NT",202,0,356089,202,200,2,0,0,220682
2021-09-05,"Queensland","QLD",1984,7,4065899,1984,1934,14,0,0,3667531
2021-09-05,"South Australia","SA",880,4,2125973,880,870,1,0,0,1330093
2021-09-05,"Tasmania","TAS",235,13,337704,235,222,0,0,0,475347
2021-09-05,"Victoria","VIC",22942,826,9794186,22942,20702,89,24,13,5330721
2021-09-05,"Western Australia","WA",1086,9,1668266,1086,1070,0,0,0,1870753
2021-09-06,"Australian Capital Territory","ACT",509,3,401725,509,284,11,1,1,429434
2021-09-06,"New South Wales","NSW",35062,186,14032964,35062,2802,1067,173,67,7528123
2021-09-06,"Northern Territory","NT",203,0,357284,203,201,2,0,0,211848
2021-09-06,"Queensland","QLD",1991,7,4075556,1991,1934,14,0,0,3656052
2021-09-06,"South Australia","SA",881,4,2129826,881,870,1,0,0,1338837
2021-09-06,"Tasmania","TAS",235,13,338448,235,222,0,0,0,481557
2021-09-06,"Victoria","VIC",23187,826,9836444,23187,20745,92,26,14,5375379
2021-09-06,"Western Australia","WA",1087,9,1679008,1087,1072,0,0,0,1883943
2021-09-07,"Australian Capital Territory","ACT",528,3,405073,528,295,8,1,1,502505
2021-09-07,"New South Wales","NSW",36267,194,14133709,36267,2802,1143,189,75,7614612
2021-09-07,"Northern Territory","NT",203,0,358806,203,201,2,0,0,223284
2021-09-07,"Queensland","QLD",1991,7,4088205,1991,1939,14,0,0,3724991
2021-09-07,"South Australia","SA",888,4,2134693,888,878,1,0,0,1351041
2021-09-07,"Tasmania","TAS",235,13,339387,235,222,0,0,0,480742
2021-09-07,"Victoria","VIC",23429,826,9880302,23429,20820,110,30,14,5440138
2021-09-07,"Western Australia","WA",1087,9,1683665,1087,1074,0,0,0,1907622
2021-09-08,"Australian Capital Territory","ACT",548,3,407993,548,314,10,2,1,510461
2021-09-08,"New South Wales","NSW",37724,203,14264050,37724,2802,1130,191,78,7722067
2021-09-08,"Northern Territory","NT",203,0,360217,203,201,2,0,0,225911
2021-09-08,"Queensland","QLD",1991,7,4101241,1991,1939,13,0,0,3772194
2021-09-08,"South Australia","SA",889,4,2141839,889,879,1,0,0,1367833
2021-09-08,"Tasmania","TAS",235,13,340787,235,222,0,0,0,485017
2021-09-08,"Victoria","VIC",23641,826,9922731,23641,20898,120,33,15,5523187
2021-09-08,"Western Australia","WA",1087,9,1688931,1087,1077,0,0,0,1932916
2021-09-09,"Australian Capital Territory","ACT",563,3,411177,563,333,9,2,1,516970
2021-09-09,"New South Wales","NSW",39108,208,14420531,39108,2802,1163,201,80,7836130
2021-09-09,"Northern Territory","NT",203,0,362014,203,201,2,0,0,228590
2021-09-09,"Queensland","QLD",1993,7,4114801,1993,1939,19,0,0,3822564
2021-09-09,"South Australia","SA",891,4,2147376,891,879,1,0,0,1387462
2021-09-09,"Tasmania","TAS",235,13,341936,235,222,0,0,0,491056
2021-09-09,"Victoria","VIC",23964,826,9976973,23964,20975,111,32,19,5608792
2021-09-09,"Western Australia","WA",1088,9,1693253,1088,1077,0,0,0,1959390
2021-09-10,"Australian Capital Territory","ACT",587,3,413942,587,346,15,4,1,523391
2021-09-10,"New South Wales","NSW",40616,217,14553757,40616,2802,1156,207,89,7957312
2021-09-10,"Northern Territory","NT",203,0,363557,203,202,1,0,0,231463
2021-09-10,"Queensland","QLD",1994,7,4126741,1994,1939,19,0,0,3872434
2021-09-10,"South Australia","SA",891,4,2152397,891,880,1,0,0,1406038
2021-09-10,"Tasmania","TAS",235,13,342774,235,222,0,0,0,497610
2021-09-10,"Victoria","VIC",24297,827,10019971,24297,21047,127,33,19,5695690
2021-09-10,"Western Australia","WA",1088,9,1695744,1088,1077,0,0,0,1986073
2021-09-11,"Australian Capital Territory","ACT",602,3,416093,602,350,16,3,1,530124
2021-09-11,"New South Wales","NSW",42189,225,14701732,42189,2802,1164,221,94,8076292
2021-09-11,"Northern Territory","NT",203,0,365133,203,202,1,0,0,234043
2021-09-11,"Queensland","QLD",2002,7,4138629,2002,1948,13,0,0,3922389
2021-09-11,"South Australia","SA",892,4,2157507,892,880,1,0,0,1422422
2021-09-11,"Tasmania","TAS",235,13,342901,235,222,0,0,0,501812
2021-09-11,"Victoria","VIC",24744,827,10062736,24744,21127,143,34,26,5776635
2021-09-11,"Western Australia","WA",1088,9,1695744,1088,1077,0,0,0,2009846
2021-09-12,"Australian Capital Territory","ACT",617,3,417675,617,375,10,3,1,535603
2021-09-12,"New South Wales","NSW",43436,232,14807237,43436,2802,1206,220,92,8140417
2021-09-12,"Northern Territory","NT",203,0,366455,203,203,1,0,0,235084
2021-09-12,"Queensland","QLD",2003,7,4151044,2003,1948,14,0,0,3957189
2021-09-12,"South Australia","SA",894,4,2162176,894,880,1,0,0,1432263
2021-09-12,"Tasmania","TAS",235,13,343828,235,222,0,0,0,506472
2021-09-12,"Victoria","VIC",25128,827,10110799,25128,21192,147,34,28,5836317
2021-09-12,"Western Australia","WA",1089,9,1695744,1089,1077,0,0,0,2026027
2021-09-13,"Australian Capital Territory","ACT",630,3,422419,630,382,9,3,1,541271
2021-09-13,"New South Wales","NSW",44674,239,14944905,44674,2802,1189,222,94,8177988
2021-09-13,"Northern Territory","NT",203,0,367712,203,203,1,0,0,235794
2021-09-13,"Queensland","QLD",2007,7,4165550,2007,1953,18,0,0,3980510
2021-09-13,"South Australia","SA",895,4,2166318,895,880,1,0,0,1439865
2021-09-13,"Tasmania","TAS",235,13,344991,235,222,0,0,0,506654
2021-09-13,"Victoria","VIC",25591,827,10159836,25591,21260,157,38,26,5881075
2021-09-13,"Western Australia","WA",1089,9,1705573,1089,1077,0,0,0,2039416
2021-09-14,"Australian Capital Territory","ACT",652,3,426060,652,397,10,2,1,547214
2021-09-14,"New South Wales","NSW",45782,241,15058989,45782,2802,1253,231,104,8293740
2021-09-14,"Northern Territory","NT",203,0,369071,203,203,1,0,0,237904
2021-09-14,"Queensland","QLD",2009,7,4178946,2009,1953,19,1,0,4017544
2021-09-14,"South Australia","SA",896,4,2172107,896,882,1,0,0,1456408
2021-09-14,"Tasmania","TAS",235,13,345924,235,222,0,0,0,513811
2021-09-14,"Victoria","VIC",26029,829,10202530,26029,21404,158,45,23,5952088
2021-09-14,"Western Australia","WA",1089,9,1710720,1089,1077,0,0,0,2060040
2021-09-15,"Australian Capital Territory","ACT",665,3,427388,665,419,7,1,1,557808
2021-09-15,"New South Wales","NSW",47007,253,15196487,47007,2802,1241,234,108,8397217
2021-09-15,"Northern Territory","NT",204,0,370889,204,203,1,0,0,239810
2021-09-15,"Queensland","QLD",2010,7,4194758,2010,1953,19,1,0,4062693
2021-09-15,"South Australia","SA",896,4,2178742,896,882,1,0,0,1472923
2021-09-15,"Tasmania","TAS",235,13,347156,235,222,0,0,0,520442
2021-09-15,"Victoria","VIC",26439,831,10257179,26439,21573,173,44,23,6029086
2021-09-15,"Western Australia","WA",1089,9,1715490,1089,1077,0,0,0,2082761
2021-09-16,"Australian Capital Territory","ACT",680,3,430603,680,436,9,1,1,566678
2021-09-16,"New South Wales","NSW",48341,265,15325753,48341,2802,1231,231,108,8555561
2021-09-16,"Northern Territory","NT",204,0,372650,204,203,1,0,0,245115
2021-09-16,"Queensland","QLD",2013,7,4211712,2013,1953,20,1,0,4125703
2021-09-16,"South Australia","SA",898,4,2184856,898,886,1,0,0,1492154
2021-09-16,"Tasmania","TAS",235,13,348168,235,222,0,0,0,526925
2021-09-16,"Victoria","VIC",26942,831,10319140,26942,21744,182,51,23,6130661
2021-09-16,"Western Australia","WA",1089,9,1719025,1089,1077,0,0,0,2109125
2021-09-17,"Australian Capital Territory","ACT",710,3,434633,710,466,8,1,1,573770
2021-09-17,"New South Wales","NSW",49611,277,15573011,49611,2802,1245,228,112,8662819
2021-09-17,"Northern Territory","NT",204,0,374121,204,203,1,0,0,247450
2021-09-17,"Queensland","QLD",2014,7,4224724,2014,1953,21,1,0,4177748
2021-09-17,"South Australia","SA",898,4,2190309,898,886,1,0,0,1508852
2021-09-17,"Tasmania","TAS",235,13,349173,235,222,0,0,0,532859
2021-09-17,"Victoria","VIC",27439,832,10374616,27439,21913,208,49,32,6217664
2021-09-17,"Western Australia","WA",1091,9,1722742,1091,1077,0,0,0,2132901
2021-09-18,"Australian Capital Territory","ACT",725,3,438386,725,485,8,1,1,581723
2021-09-18,"New South Wales","NSW",50919,283,15693965,50919,2802,1219,233,123,8803283
2021-09-18,"Northern Territory","NT",204,0,376439,204,203,1,0,0,250052
2021-09-18,"Queensland","QLD",2015,7,4236205,2015,1953,20,1,0,4228916
2021-09-18,"South Australia","SA",898,4,2195116,898,887,1,0,0,1526380
2021-09-18,"Tasmania","TAS",235,13,350107,235,222,0,0,0,538128
2021-09-18,"Victoria","VIC",27968,833,10436238,27968,22164,207,56,40,6308276
2021-09-18,"Western Australia","WA",1092,9,1722742,1092,1078,0,0,0,2155680
2021-09-19,"Australian Capital Territory","ACT",742,3,440199,742,497,8,2,1,587983
2021-09-19,"New South Wales","NSW",51986,296,15793747,51986,2802,1236,234,123,8884534
2021-09-19,"Northern Territory","NT",204,0,377687,204,203,1,0,0,251160
2021-09-19,"Queensland","QLD",2015,7,4245730,2015,1976,19,1,0,4265436
2021-09-19,"South Australia","SA",898,4,2198736,898,887,0,0,0,1537040
2021-09-19,"Tasmania","TAS",235,13,350442,235,222,0,0,0,543000
2021-09-19,"Victoria","VIC",28456,834,10494857,28456,22363,204,55,38,6378585
2021-09-19,"Western Australia","WA",1093,9,1722742,1093,1078,0,0,0,2171736
2021-09-20,"Australian Capital Territory","ACT",749,3,445153,749,522,5,2,1,593294
2021-09-20,"New South Wales","NSW",52894,300,15918397,52894,2802,1207,236,123,8930667
2021-09-20,"Northern Territory","NT",206,0,378971,206,203,3,0,0,252074
2021-09-20,"Queensland","QLD",2017,7,4254256,2017,1982,18,1,0,4306003
2021-09-20,"South Australia","SA",898,4,2202299,898,887,0,0,0,1545604
2021-09-20,"Tasmania","TAS",235,13,351352,235,222,0,0,0,546049
2021-09-20,"Victoria","VIC",29008,835,10545772,29008,22501,209,59,40,6433172
2021-09-20,"Western Australia","WA",1094,9,1732949,1094,1079,0,0,0,2185191
2021-09-21,"Australian Capital Territory","ACT",765,3,448029,765,535,10,2,2,600487
2021-09-21,"New South Wales","NSW",53898,310,16040058,53898,2802,1268,242,118,9057367
2021-09-21,"Northern Territory","NT",206,0,380816,206,203,3,0,0,253774
2021-09-21,"Queensland","QLD",2018,7,4264037,2018,1983,19,0,0,4359871
2021-09-21,"South Australia","SA",898,4,2206617,898,887,0,0,0,1561320
2021-09-21,"Tasmania","TAS",235,13,352424,235,222,0,0,0,551366
2021-09-21,"Victoria","VIC",29596,836,10594601,29596,22763,241,60,39,6521572
2021-09-21,"Western Australia","WA",1094,9,1737312,1094,1080,0,0,0,2207465
2021-09-22,"Australian Capital Territory","ACT",782,3,450201,782,557,12,2,2,612275
2021-09-22,"New South Wales","NSW",54919,315,16173897,54919,2802,1232,242,122,9186871
2021-09-22,"Northern Territory","NT",208,0,382874,208,204,4,0,0,255838
2021-09-22,"Queensland","QLD",2019,7,4275882,2019,1983,13,0,0,4408016
2021-09-22,"South Australia","SA",899,4,2212669,899,888,0,0,0,1578880
2021-09-22,"Tasmania","TAS",235,13,353609,235,222,0,0,0,556546
2021-09-22,"Victoria","VIC",30216,839,10655430,30216,23157,257,58,37,6614096
2021-09-22,"Western Australia","WA",1094,9,1741317,1094,1080,0,0,0,2232710
2021-09-23,"Australian Capital Territory","ACT",798,3,453124,798,584,12,2,2,620191
2021-09-23,"New South Wales","NSW",55962,321,16313079,55962,2802,1244,233,112,9312486
2021-09-23,"Northern Territory","NT",208,0,384708,208,204,4,0,0,258282
2021-09-23,"Queensland","QLD",2021,7,4289739,2021,1984,13,0,0,4461548
2021-09-23,"South Australia","SA",900,4,2218246,900,890,0,0,0,1597484
2021-09-23,"Tasmania","TAS",235,13,354568,235,222,0,0,0,563831
2021-09-23,"Victoria","VIC",30961,843,10717838,30961,23455,257,60,41,6710394
2021-09-23,"Western Australia","WA",1094,9,1744441,1094,1080,0,0,0,2258301
2021-09-24,"Australian Capital Territory","ACT",817,3,456384,817,601,12,2,2,628964
2021-09-24,"New South Wales","NSW",56988,332,16444747,56988,2802,1186,232,110,9439214
2021-09-24,"Northern Territory","NT",208,0,386252,208,204,4,0,0,260746
2021-09-24,"Queensland","QLD",2021,7,4300839,2021,1986,13,0,0,4519251
2021-09-24,"South Australia","SA",900,4,2224311,900,890,0,0,0,1615405
2021-09-24,"Tasmania","TAS",235,13,355459,235,222,0,0,0,569583
2021-09-24,"Victoria","VIC",31679,844,10774358,31679,23678,297,66,46,6812272
2021-09-24,"Western Australia","WA",1095,9,1748720,1095,1080,0,0,0,2284878
2021-09-25,"Australian Capital Territory","ACT",849,3,458626,849,613,10,4,3,637335
2021-09-25,"New South Wales","NSW",57983,343,16552852,57983,2802,1187,229,118,9579725
2021-09-25,"Northern Territory","NT",208,0,387698,208,204,4,0,0,263432
2021-09-25,"Queensland","QLD",2022,7,4310566,2022,1990,7,0,0,4570657
2021-09-25,"South Australia","SA",900,4,2228802,900,892,0,0,0,1632535
2021-09-25,"Tasmania","TAS",235,13,356292,235,222,0,0,0,574758
2021-09-25,"Victoria","VIC",32515,845,10833700,32515,24062,321,65,45,6873002
2021-09-25,"Western Australia","WA",1095,9,1748720,1095,1080,0,0,0,2310144
2021-09-26,"Australian Capital Territory","ACT",874,3,460818,874,631,10,4,3,645227
2021-09-26,"New South Wales","NSW",58931,352,16659303,58931,2802,1146,222,117,9665303
2021-09-26,"Northern Territory","NT",208,0,389124,208,204,5,0,0,264334
2021-09-26,"Queensland","QLD",2022,7,4318584,2022,1990,7,0,0,4605622
2021-09-26,"South Australia","SA",901,4,2232858,901,892,0,0,0,1643908
2021-09-26,"Tasmania","TAS",235,13,356580,235,222,0,0,0,579355
2021-09-26,"Victoria","VIC",33282,847,10880022,33282,24418,325,73,54,6932693
2021-09-26,"Western Australia","WA",1095,9,1748720,1095,1080,0,0,0,2324519
2021-09-27,"Australian Capital Territory","ACT",893,4,468077,893,634,8,3,3,651381
2021-09-27,"New South Wales","NSW",59709,364,16752880,59709,2802,1155,214,117,9705842
2021-09-27,"Northern Territory","NT",209,0,390186,209,204,5,0,0,265069
2021-09-27,"Queensland","QLD",2022,7,4324461,2022,1997,7,0,0,4632371
2021-09-27,"South Australia","SA",901,4,2236395,901,894,0,0,0,1652188
2021-09-27,"Tasmania","TAS",235,13,357628,235,222,0,0,0,581818
2021-09-27,"Victoria","VIC",34116,848,10931274,34116,24733,363,75,56,6982207
2021-09-27,"Western Australia","WA",1096,9,1756309,1096,1080,0,0,0,2335467
2021-09-28,"Australian Capital Territory","ACT",906,4,470079,906,659,8,3,3,660057
2021-09-28,"New South Wales","NSW",60561,371,16885159,60561,2802,1155,213,113,9833697
2021-09-28,"Northern Territory","NT",210,0,392421,210,204,6,0,0,266601
2021-09-28,"Queensland","QLD",2028,7,4333785,2028,2001,7,0,0,4675079
2021-09-28,"South Australia","SA",901,4,2240725,901,894,0,0,0,1669530
2021-09-28,"Tasmania","TAS",235,13,358514,235,222,0,0,0,586402
2021-09-28,"Victoria","VIC",34975,852,10980724,34975,24865,375,81,61,7073499
2021-09-28,"Western Australia","WA",1096,9,1759607,1096,1080,0,0,0,2344901
2021-09-29,"Australian Capital Territory","ACT",928,4,474759,928,687,10,3,3,671451
2021-09-29,"New South Wales","NSW",61420,386,17005440,61420,2802,1082,212,108,9962821
2021-09-29,"Northern Territory","NT",210,0,393461,210,204,6,0,0,268074
2021-09-29,"Queensland","QLD",2029,7,4344993,2029,2003,10,0,0,4726759
2021-09-29,"South Australia","SA",901,4,2246466,901,895,0,0,0,1687128
2021-09-29,"Tasmania","TAS",235,13,359669,235,222,0,0,0,591258
2021-09-29,"Victoria","VIC",35904,859,11042046,35904,25158,371,81,55,7163565
2021-09-29,"Western Australia","WA",1096,9,1764597,1096,1083,0,0,0,2370640
2021-09-30,"Australian Capital Territory","ACT",959,4,476463,959,709,10,3,3,677600
2021-09-30,"New South Wales","NSW",62353,392,17126433,62353,2802,1090,213,105,10077159
2021-09-30,"Northern Territory","NT",211,0,395116,211,204,7,0,0,270366
2021-09-30,"Queensland","QLD",2035,7,4359163,2035,2003,9,0,0,4778597
2021-09-30,"South Australia","SA",901,4,2250881,901,895,0,0,0,1705268
2021-09-30,"Tasmania","TAS",235,13,360700,235,222,0,0,0,596061
2021-09-30,"Victoria","VIC",37333,864,11107543,37333,25454,398,83,57,7248276
2021-09-30,"Western Australia","WA",1096,9,1769326,1096,1084,0,0,0,2397174
2021-10-01,"Australian Capital Territory","ACT",1011,6,480329,1011,731,11,3,3,688080
2021-10-01,"New South Wales","NSW",63212,407,17238767,63212,2802,1055,210,104,10198922
2021-10-01,"Northern Territory","NT",212,0,389922,212,204,8,0,0,272408
2021-10-01,"Queensland","QLD",2039,7,4378862,2039,2005,14,0,0,4837505
2021-10-01,"South Australia","SA",902,4,2256421,902,896,0,0,0,1723737
2021-10-01,"Tasmania","TAS",235,13,361719,235,222,0,0,0,602909
2021-10-01,"Victoria","VIC",38464,867,11170426,38464,26657,395,87,59,7342535
2021-10-01,"Western Australia","WA",1096,9,1772297,1096,1084,0,0,0,2425534
2021-10-02,"Australian Capital Territory","ACT",1063,6,484101,1063,738,13,3,3,696874
2021-10-02,"New South Wales","NSW",64014,417,17337033,64014,2802,1005,202,99,10323361
2021-10-02,"Northern Territory","NT",212,0,391610,212,204,8,0,0,274190
2021-10-02,"Queensland","QLD",2042,7,4400018,2042,2007,13,0,0,4892020
2021-10-02,"South Australia","SA",904,4,2262275,904,895,0,0,0,1741165
2021-10-02,"Tasmania","TAS",235,13,362605,235,222,0,0,0,606793
2021-10-02,"Victoria","VIC",39749,869,11241650,39749,27293,429,97,54,7433985
2021-10-02,"Western Australia","WA",1096,9,1772297,1096,1085,0,0,0,2450959
2021-10-03,"Australian Capital Territory","ACT",1101,6,486010,1101,753,14,5,3,704456
2021-10-03,"New South Wales","NSW",64668,427,17425243,64668,2802,981,195,93,10387545
2021-10-03,"Northern Territory","NT",212,0,392754,212,204,8,0,0,275078
2021-10-03,"Queensland","QLD",2043,7,4418352,2043,2007,13,0,0,4927434
2021-10-03,"South Australia","SA",905,4,2266435,905,895,0,0,0,1751598
2021-10-03,"Tasmania","TAS",235,13,363348,235,222,0,0,0,608473
2021-10-03,"Victoria","VIC",41128,872,11312925,41128,28475,476,98,57,7506183
2021-10-03,"Western Australia","WA",1099,9,1772297,1099,1085,2,0,0,2469969
2021-10-04,"Australian Capital Territory","ACT",1129,6,488042,1129,761,16,5,1,710686
2021-10-04,"New South Wales","NSW",65279,433,17502135,65279,2802,959,193,97,10417307
2021-10-04,"Northern Territory","NT",212,0,393988,212,206,6,0,0,275714
2021-10-04,"Queensland","QLD",2046,7,4427762,2046,2009,15,0,0,4954523
2021-10-04,"South Australia","SA",906,4,2270376,906,895,0,0,0,1760269
2021-10-04,"Tasmania","TAS",236,13,363758,236,222,0,0,0,609278
2021-10-04,"Victoria","VIC",42494,876,11380714,42494,28911,498,96,59,7556200
2021-10-04,"Western Australia","WA",1109,9,1781502,1109,1085,6,2,0,2485296
2021-10-05,"Australian Capital Territory","ACT",1162,8,493513,1162,770,14,5,3,715531
2021-10-05,"New South Wales","NSW",65876,440,17587777,65876,2802,978,190,97,10439459
2021-10-05,"Northern Territory","NT",212,0,395686,212,206,6,0,0,277222
2021-10-05,"Queensland","QLD",2048,7,4436454,2048,2010,16,0,0,4973774
2021-10-05,"South Australia","SA",907,4,2274995,907,896,0,0,0,1767376
2021-10-05,"Tasmania","TAS",236,13,364819,236,222,0,0,0,619326
2021-10-05,"Victoria","VIC",44251,880,11442903,44251,29007,517,101,66,7652537
2021-10-05,"Western Australia","WA",1110,9,1784983,1110,1085,6,2,0,2509790
2021-10-06,"Australian Capital Territory","ACT",1190,9,496195,1190,786,16,7,4,726607
2021-10-06,"New South Wales","NSW",66456,450,17678457,66456,2802,959,188,93,10579684
2021-10-06,"Northern Territory","NT",212,0,397754,212,206,6,0,0,278478
2021-10-06,"Queensland","QLD",2051,7,4449206,2051,2010,16,0,0,5024572
2021-10-06,"South Australia","SA",907,4,2281105,907,896,0,0,0,1787693
2021-10-06,"Tasmania","TAS",236,13,365219,236,222,0,0,0,624391
2021-10-06,"Victoria","VIC",45664,891,11514354,45664,30367,525,94,53,7748137
2021-10-06,"Western Australia","WA",1110,9,1788405,1110,1086,6,2,0,2536309
2021-10-07,"Australian Capital Territory","ACT",1231,9,499792,1231,815,15,7,6,734989
2021-10-07,"New South Wales","NSW",67024,458,17790643,67024,2802,911,181,85,10699666
2021-10-07,"Northern Territory","NT",212,0,398404,212,206,7,0,0,280334
2021-10-07,"Queensland","QLD",2056,7,4464148,2056,2010,17,0,0,5081978
2021-10-07,"South Australia","SA",907,4,2288173,907,896,0,0,0,1808113
2021-10-07,"Tasmania","TAS",236,13,367229,236,222,0,0,0,629728
2021-10-07,"Victoria","VIC",47266,893,11591592,47266,31303,564,115,74,7844385
2021-10-07,"Western Australia","WA",1110,9,1791580,1110,1086,6,2,0,2563237
2021-10-08,"Australian Capital Territory","ACT",1271,9,502579,1271,835,16,6,5,743329
2021-10-08,"New South Wales","NSW",67669,469,17894031,67669,2802,856,170,75,10815590
2021-10-08,"Northern Territory","NT",213,0,399930,213,208,5,0,0,282080
2021-10-08,"Queensland","QLD",2056,7,4479835,2056,2014,19,0,0,5139008
2021-10-08,"South Australia","SA",908,4,2294488,908,896,0,0,0,1827995
2021-10-08,"Tasmania","TAS",236,13,368233,236,222,0,0,0,634396
2021-10-08,"Victoria","VIC",49089,898,11669146,49089,31372,620,114,76,7939686
2021-10-08,"Western Australia","WA",1110,9,1795070,1110,1086,6,2,0,2590967
2021-10-09,"Australian Capital Territory","ACT",1296,9,507905,1296,860,17,5,5,749863
2021-10-09,"New South Wales","NSW",68246,480,17973925,68246,2802,812,163,75,10937104
2021-10-09,"Northern Territory","NT",214,0,402028,214,208,5,0,0,284067
2021-10-09,"Queensland","QLD",2059,7,4491113,2059,2014,21,0,0,5190161
2021-10-09,"South Australia","SA",909,4,2299583,909,901,0,0,0,1847065
2021-10-09,"Tasmania","TAS",236,13,368729,236,222,0,0,0,639476
2021-10-09,"Victoria","VIC",51012,903,11742589,51012,32914,578,117,83,8037439
2021-10-09,"Western Australia","WA",1110,9,1795070,1110,1086,4,2,0,2619175
2021-10-10,"Australian Capital Territory","ACT",1326,9,510226,1326,887,15,6,5,756059
2021-10-10,"New South Wales","NSW",68712,486,18060080,68712,2802,794,159,76,11012744
2021-10-10,"Northern Territory","NT",214,0,402581,214,208,5,0,0,284740
2021-10-10,"Queensland","QLD",2062,7,4498192,2062,2014,19,0,0,5226727
2021-10-10,"South Australia","SA",910,4,2304811,910,901,0,0,0,1859448
2021-10-10,"Tasmania","TAS",236,13,369879,236,222,0,0,0,643808
2021-10-10,"Victoria","VIC",52884,908,11816694,52884,33638,609,126,88,8118413
2021-10-10,"Western Australia","WA",1110,9,1795070,1110,1086,4,2,0,2638818
2021-10-11,"Australian Capital Territory","ACT",1358,9,516815,1358,897,18,7,6,760548
2021-10-11,"New South Wales","NSW",69205,494,18143578,69205,2802,769,153,76,11055061
2021-10-11,"Northern Territory","NT",215,0,403755,215,208,6,0,0,285073
2021-10-11,"Queensland","QLD",2063,7,4505013,2063,2015,18,0,0,5261080
2021-10-11,"South Australia","SA",913,4,2309344,913,901,0,0,0,1868871
2021-10-11,"Tasmania","TAS",236,13,370783,236,222,0,0,0,647591
2021-10-11,"Victoria","VIC",54470,916,11889832,54470,34546,677,133,94,8175899
2021-10-11,"Western Australia","WA",1110,9,1804405,1110,1086,4,2,0,2652724
2021-10-12,"Australian Capital Territory","ACT",1386,9,518738,1386,930,19,8,6,767058
2021-10-12,"New South Wales","NSW",69552,499,18232566,69552,2802,766,155,74,11173538
2021-10-12,"Northern Territory","NT",216,0,404079,216,208,7,0,0,286577
2021-10-12,"Queensland","QLD",2067,7,4513736,2067,2018,17,0,0,5310715
2021-10-12,"South Australia","SA",913,4,2314861,913,903,0,0,0,1886422
2021-10-12,"Tasmania","TAS",236,13,371672,236,222,0,0,0,651854
2021-10-12,"Victoria","VIC",55898,924,11958341,55898,35351,675,144,100,8266941
2021-10-12,"Western Australia","WA",1111,9,1808611,1111,1089,2,1,0,2677377
2021-10-13,"Australian Capital Territory","ACT",1437,9,521059,1437,957,16,8,5,775567
2021-10-13,"New South Wales","NSW",69993,503,18338074,69993,2802,716,150,76,11297922
2021-10-13,"Northern Territory","NT",222,0,406385,222,215,7,0,0,288110
2021-10-13,"Queensland","QLD",2067,7,4523587,2067,2018,17,0,0,5364073
2021-10-13,"South Australia","SA",914,4,2321497,914,903,0,0,0,1906103
2021-10-13,"Tasmania","TAS",237,13,372223,237,222,0,0,0,657574
2021-10-13,"Victoria","VIC",57471,937,12037541,57471,36677,705,146,92,8364244
2021-10-13,"Western Australia","WA",1111,9,1810385,1111,1092,2,1,0,2705016
2021-10-14,"Australian Capital Territory","ACT",1483,10,526867,1483,984,16,6,5,782358
2021-10-14,"New South Wales","NSW",70391,509,18423207,70391,2802,711,143,75,11410857
2021-10-14,"Northern Territory","NT",222,0,408463,222,215,7,0,0,290246
2021-10-14,"Queensland","QLD",2067,7,4534108,2067,2018,17,0,0,5411411
2021-10-14,"South Australia","SA",914,4,2328103,914,903,0,0,0,1925229
2021-10-14,"Tasmania","TAS",237,13,373983,237,222,0,0,0,663722
2021-10-14,"Victoria","VIC",59710,948,12120303,59710,38905,706,147,92,8461861
2021-10-14,"Western Australia","WA",1111,9,1814975,1111,1093,2,1,0,2733698
2021-10-15,"Australian Capital Territory","ACT",1518,11,530369,1518,1017,16,8,5,789830
2021-10-15,"New South Wales","NSW",70781,513,18508207,70781,2802,677,145,77,11512979
2021-10-15,"Northern Territory","NT",222,0,411641,222,215,7,0,0,292476
2021-10-15,"Queensland","QLD",2069,7,4543496,2069,2026,18,0,0,5463034
2021-10-15,"South Australia","SA",914,4,2334226,914,903,0,0,0,1943749
2021-10-15,"Tasmania","TAS",237,13,375078,237,222,0,0,0,670360
2021-10-15,"Victoria","VIC",61869,954,12194245,61869,39595,695,157,92,8561187
2021-10-15,"Western Australia","WA",1111,9,1818670,1111,1096,1,1,0,2761126
2021-10-16,"Australian Capital Territory","ACT",1538,11,532101,1538,1035,15,10,5,796801
2021-10-16,"New South Wales","NSW",71099,515,18574518,71099,2802,652,138,73,11609224
2021-10-16,"Northern Territory","NT",224,0,413533,224,215,9,0,0,294807
2021-10-16,"Queensland","QLD",2071,7,4550817,2071,2034,18,1,0,5509097
2021-10-16,"South Australia","SA",915,4,2339838,915,904,0,0,0,1961285
2021-10-16,"Tasmania","TAS",237,13,376483,237,222,0,0,0,675411
2021-10-16,"Victoria","VIC",63836,961,12273459,63836,41232,798,163,106,8660380
2021-10-16,"Western Australia","WA",1112,9,1818670,1112,1097,1,0,0,2789430
2021-10-17,"Australian Capital Territory","ACT",1571,11,533205,1571,1077,16,9,5,803189
2021-10-17,"New South Wales","NSW",71399,525,18643625,71399,2802,619,137,71,11658338
2021-10-17,"Northern Territory","NT",225,0,414788,225,216,9,0,0,295712
2021-10-17,"Queensland","QLD",2071,7,4557783,2071,2036,19,1,0,5538654
2021-10-17,"South Australia","SA",915,4,2345052,915,904,0,0,0,1972963
2021-10-17,"Tasmania","TAS",237,13,378405,237,222,0,0,0,680210
2021-10-17,"Victoria","VIC",65605,968,12346960,65605,41265,777,151,94,8737605
2021-10-17,"Western Australia","WA",1112,9,1818670,1112,1099,1,0,0,2807448
2021-10-18,"Australian Capital Territory","ACT",1588,11,536639,1588,1139,17,9,5,808136
2021-10-18,"New South Wales","NSW",71658,530,18703898,71658,2802,606,132,71,11699455
2021-10-18,"Northern Territory","NT",225,0,415659,225,216,9,0,0,296300
2021-10-18,"Queensland","QLD",2071,7,4563485,2071,2040,18,1,0,5565755
2021-10-18,"South Australia","SA",915,4,2348879,915,904,0,0,0,1981978
2021-10-18,"Tasmania","TAS",237,13,379886,237,222,0,0,0,683857
2021-10-18,"Victoria","VIC",67457,975,12416785,67457,44159,851,155,103,8793444
2021-10-18,"Western Australia","WA",1112,9,1826820,1112,1099,1,0,0,2825000
2021-10-19,"Australian Capital Territory","ACT",1612,11,536776,1612,1176,18,10,5,816238
2021-10-19,"New South Wales","NSW",71923,534,18794495,71923,2802,589,128,69,11781113
2021-10-19,"Northern Territory","NT",225,0,417173,225,216,9,0,0,298490
2021-10-19,"Queensland","QLD",2071,7,4571810,2071,2040,15,1,0,5608691
2021-10-19,"South Australia","SA",916,4,2354072,916,904,0,0,0,2000010
2021-10-19,"Tasmania","TAS",237,13,381537,237,223,0,0,0,689990
2021-10-19,"Victoria","VIC",69179,986,12485487,69179,45721,784,149,100,8893738
2021-10-19,"Western Australia","WA",1112,9,1830450,1112,1100,1,0,0,2846028
2021-10-20,"Australian Capital Territory","ACT",1636,11,540871,1636,1182,20,8,5,823438
2021-10-20,"New South Wales","NSW",72202,541,18883159,72202,2802,552,124,66,11854499
2021-10-20,"Northern Territory","NT",225,0,419268,225,216,9,0,0,300750
2021-10-20,"Queensland","QLD",2072,7,4581585,2072,2044,11,0,0,5654715
2021-10-20,"South Australia","SA",916,4,2359653,916,904,0,0,0,2017764
2021-10-20,"Tasmania","TAS",237,13,383005,237,223,0,0,0,696790
2021-10-20,"Victoria","VIC",70998,998,12564415,70998,47406,786,147,97,8995328
2021-10-20,"Western Australia","WA",1112,9,1832140,1112,1101,1,0,0,2868886
2021-10-21,"Australian Capital Territory","ACT",1664,11,542655,1664,1231,21,10,8,830532
2021-10-21,"New South Wales","NSW",72560,542,18969394,72560,2802,523,124,66,11924554
2021-10-21,"Northern Territory","NT",225,0,420435,225,216,9,0,0,303098
2021-10-21,"Queensland","QLD",2077,7,4589204,2077,2047,11,0,0,5706265
2021-10-21,"South Australia","SA",917,4,2365193,917,905,0,0,0,2035423
2021-10-21,"Tasmania","TAS",237,13,384309,237,223,0,0,0,703014
2021-10-21,"Victoria","VIC",73151,1010,12643959,73151,49256,779,141,96,9093905
2021-10-21,"Western Australia","WA",1112,9,1837640,1112,1101,1,0,0,2892694
2021-10-22,"Australian Capital Territory","ACT",1677,11,543872,1677,1283,20,11,5,838497
2021-10-22,"New South Wales","NSW",72899,547,19045988,72899,2802,482,125,67,11993468
2021-10-22,"Northern Territory","NT",225,0,423214,225,216,9,0,0,305479
2021-10-22,"Queensland","QLD",2082,7,4595543,2082,2047,14,1,0,5756634
2021-10-22,"South Australia","SA",917,4,2370158,917,905,0,0,0,2052656
2021-10-22,"Tasmania","TAS",237,13,384641,237,223,0,0,0,707609
2021-10-22,"Victoria","VIC",75340,1026,12720995,75340,51088,784,145,94,9195931
2021-10-22,"Western Australia","WA",1112,9,1839602,1112,1101,1,0,0,2920047
2021-10-23,"Australian Capital Territory","ACT",1701,11,545317,1701,1293,19,12,4,845908
2021-10-23,"New South Wales","NSW",73212,549,19110106,73212,2802,469,123,67,12060181
2021-10-23,"Northern Territory","NT",225,0,424155,225,216,9,0,0,307539
2021-10-23,"Queensland","QLD",2082,7,4604620,2082,2048,17,1,0,5808992
2021-10-23,"South Australia","SA",917,4,2374714,917,905,0,0,0,2068661
2021-10-23,"Tasmania","TAS",237,13,385470,237,223,0,0,0,711908
2021-10-23,"Victoria","VIC",76886,1035,12793853,76886,52691,770,144,90,9295489
2021-10-23,"Western Australia","WA",1112,9,1839602,1112,1101,1,0,0,2945504
2021-10-24,"Australian Capital Territory","ACT",1710,11,545869,1710,1312,20,11,4,852293
2021-10-24,"New South Wales","NSW",73500,553,19176846,73500,2802,474,116,67,12099297
2021-10-24,"Northern Territory","NT",225,0,425483,225,216,9,0,0,308382
2021-10-24,"Queensland","QLD",2082,7,4614621,2082,2050,16,1,0,5842465
2021-10-24,"South Australia","SA",918,4,2378646,918,907,0,0,0,2082875
2021-10-24,"Tasmania","TAS",237,13,386173,237,223,0,0,0,715403
2021-10-24,"Victoria","VIC",78763,1046,12863477,78763,52728,787,146,93,9372914
2021-10-24,"Western Australia","WA",1112,9,1839602,1112,1101,1,0,0,2964850
2021-10-25,"Australian Capital Territory","ACT",1719,11,547013,1719,1379,20,10,5,855730
2021-10-25,"New South Wales","NSW",73785,557,19236458,73785,2802,474,116,57,12114895
2021-10-25,"Northern Territory","NT",225,0,426385,225,219,6,0,0,308836
2021-10-25,"Queensland","QLD",2082,7,4620599,2082,2053,15,0,0,5878029
2021-10-25,"South Australia","SA",918,4,2382628,918,911,0,0,0,2092321
2021-10-25,"Tasmania","TAS",237,13,387173,237,223,0,0,0,717621
2021-10-25,"Victoria","VIC",80152,1053,12920382,80152,54272,802,152,92,9421011
2021-10-25,"Western Australia","WA",1112,9,1848326,1112,1101,1,0,0,2976507
2021-10-26,"Australian Capital Territory","ACT",1731,11,550136,1731,1427,15,9,5,864273
2021-10-26,"New South Wales","NSW",74057,558,19307810,74057,2802,457,109,57,12161306
2021-10-26,"Northern Territory","NT",225,0,427615,225,220,5,0,0,310789
2021-10-26,"Queensland","QLD",2085,7,4629367,2085,2053,15,0,0,5925947
2021-10-26,"South Australia","SA",918,4,2387192,918,912,0,0,0,2107140
2021-10-26,"Tasmania","TAS",237,13,388070,237,223,0,0,0,721938
2021-10-26,"Victoria","VIC",81651,1057,12976061,81651,55883,817,147,88,9508547
2021-10-26,"Western Australia","WA",1112,9,1852141,1112,1102,1,0,0,3000632
2021-10-27,"Australian Capital Territory","ACT",1741,11,551290,1741,1453,11,6,5,870592
2021-10-27,"New South Wales","NSW",74352,561,19397685,74352,2802,418,97,57,12208576
2021-10-27,"Northern Territory","NT",225,0,429569,225,223,2,0,0,312573
2021-10-27,"Queensland","QLD",2086,7,4639463,2086,2054,13,0,0,5974248
2021-10-27,"South Australia","SA",918,4,2391700,918,912,0,0,0,2123915
2021-10-27,"Tasmania","TAS",237,13,388937,237,224,0,0,0,726141
2021-10-27,"Victoria","VIC",83098,1070,13059271,83098,57868,748,138,87,9586418
2021-10-27,"Western Australia","WA",1112,9,1855889,1112,1102,1,0,0,3026103
2021-10-28,"Australian Capital Territory","ACT",1749,11,552848,1749,1483,10,7,5,875786
2021-10-28,"New South Wales","NSW",74634,563,19487363,74634,2802,381,82,38,12256807
2021-10-28,"Northern Territory","NT",225,0,430934,225,223,2,0,0,314746
2021-10-28,"Queensland","QLD",2087,7,4647853,2087,2058,12,0,0,6022564
2021-10-28,"South Australia","SA",918,4,2396344,918,912,0,0,0,2142698
2021-10-28,"Tasmania","TAS",237,13,389659,237,224,0,0,0,730391
2021-10-28,"Victoria","VIC",84942,1095,13141919,84942,61662,746,137,85,9657191
2021-10-28,"Western Australia","WA",1112,9,1858726,1112,1103,0,0,0,3049472
2021-10-29,"Australian Capital Territory","ACT",1759,11,555293,1759,1517,9,6,5,880858
2021-10-29,"New South Wales","NSW",74887,565,19570203,74887,2802,363,80,32,12305282
2021-10-29,"Northern Territory","NT",225,0,432270,225,223,2,0,0,316787
2021-10-29,"Queensland","QLD",2089,7,4656654,2089,2058,14,0,0,6075199
2021-10-29,"South Australia","SA",918,4,2400740,918,913,0,0,0,2160487
2021-10-29,"Tasmania","TAS",237,13,390274,237,224,0,0,0,734817
2021-10-29,"Victoria","VIC",86563,1105,13212099,86563,61732,738,130,85,9728832
2021-10-29,"Western Australia","WA",1112,9,1861279,1112,1103,0,0,0,3074925
2021-10-30,"Australian Capital Territory","ACT",1768,11,556501,1768,1529,9,6,5,884852
2021-10-30,"New South Wales","NSW",75112,568,19647474,75112,2802,343,81,33,12352238
2021-10-30,"Northern Territory","NT",225,0,433578,225,223,2,0,0,318877
2021-10-30,"Queensland","QLD",2089,7,4664045,2089,2058,12,0,0,6115306
2021-10-30,"South Australia","SA",918,4,2404464,918,913,0,0,0,2178509
2021-10-30,"Tasmania","TAS",237,13,390741,237,224,0,0,0,738651
2021-10-30,"Victoria","VIC",87894,1116,13280583,87894,65687,747,135,83,9798649
2021-10-30,"Western Australia","WA",1112,9,1861279,1112,1103,0,0,0,3100052
2021-10-31,"Australian Capital Territory","ACT",1775,11,557559,1775,1557,9,5,5,887878
2021-10-31,"New South Wales","NSW",75278,569,19722852,75278,2802,340,78,32,12377745
2021-10-31,"Northern Territory","NT",225,0,434257,225,223,2,0,0,319516
2021-10-31,"Queensland","QLD",2089,7,4669467,2089,2058,11,0,0,6144165
2021-10-31,"South Australia","SA",918,4,2408049,918,913,0,0,0,2190507
2021-10-31,"Tasmania","TAS",237,13,391113,237,224,0,0,0,741572
2021-10-31,"Victoria","VIC",88824,1128,13337351,88824,65687,702,128,80,9850522
2021-10-31,"Western Australia","WA",1112,9,1861279,1112,1103,0,0,0,3118062
2021-11-01,"Australian Capital Territory","ACT",1780,13,558585,1780,1600,8,3,3,889465
2021-11-01,"New South Wales","NSW",75407,573,19785709,75407,2802,349,77,33,12388972
2021-11-01,"Northern Territory","NT",225,0,435267,225,224,1,0,0,319790
2021-11-01,"Queensland","QLD",2090,7,4674794,2090,2068,11,0,0,6168639
2021-11-01,"South Australia","SA",918,4,2410786,918,913,0,0,0,2198585
2021-11-01,"Tasmania","TAS",237,13,391731,237,224,0,0,0,744681
2021-11-01,"Victoria","VIC",90261,1132,13383416,90261,67174,699,136,86,9877332
2021-11-01,"Western Australia","WA",1112,9,1868982,1112,1103,0,0,0,3128267
2021-11-02,"Australian Capital Territory","ACT",1788,13,560407,1788,1625,7,4,4,892833
2021-11-02,"New South Wales","NSW",75578,577,19844697,75578,2802,333,72,35,12427677
2021-11-02,"Northern Territory","NT",225,0,436960,225,225,1,0,0,321615
2021-11-02,"Queensland","QLD",2090,7,4681980,2090,2068,11,0,0,6211782
2021-11-02,"South Australia","SA",918,4,2414307,918,913,0,0,0,2214083
2021-11-02,"Tasmania","TAS",237,13,392361,237,224,0,0,0,747231
2021-11-02,"Victoria","VIC",91217,1141,13431418,91217,70671,667,127,76,9936404
2021-11-02,"Western Australia","WA",1112,9,1872208,1112,1103,0,0,0,3150421
2021-11-03,"Australian Capital Territory","ACT",1803,13,561893,1803,1652,5,2,1,898820
2021-11-03,"New South Wales","NSW",75765,581,19959000,75765,2802,309,68,32,12470684
2021-11-03,"Northern Territory","NT",225,0,441761,225,225,1,0,0,323255
2021-11-03,"Queensland","QLD",2089,7,4691512,2089,2069,12,0,0,6253543
2021-11-03,"South Australia","SA",918,4,2418446,918,913,0,0,0,2228817
2021-11-03,"Tasmania","TAS",237,13,393198,237,224,0,0,0,751281
2021-11-03,"Victoria","VIC",92126,1149,13494696,92126,72620,657,117,69,9953423
2021-11-03,"Western Australia","WA",1112,9,1875777,1112,1103,0,0,0,3169632
2021-11-04,"Australian Capital Territory","ACT",1816,13,564321,1816,1662,6,2,2,902455
2021-11-04,"New South Wales","NSW",76073,585,20053661,76073,2802,302,64,31,12510509
2021-11-04,"Northern Territory","NT",226,0,443062,226,225,1,0,0,325414
2021-11-04,"Queensland","QLD",2092,7,4696721,2092,2069,9,0,0,6293712
2021-11-04,"South Australia","SA",918,4,2422164,918,914,0,0,0,2245362
2021-11-04,"Tasmania","TAS",237,13,393814,237,224,0,0,0,756082
2021-11-04,"Victoria","VIC",93339,1158,13544876,93339,74511,660,114,78,10012528
2021-11-04,"Western Australia","WA",1112,9,1878130,1112,1103,0,0,0,3185161
2021-11-05,"Australian Capital Territory","ACT",1822,14,566220,1822,1686,3,1,1,906082
2021-11-05,"New South Wales","NSW",76314,588,20134242,76314,2802,285,61,28,12546950
2021-11-05,"Northern Territory","NT",228,0,444719,228,225,3,0,0,327606
2021-11-05,"Queensland","QLD",2094,7,4708548,2094,2072,7,0,0,6332376
2021-11-05,"South Australia","SA",918,4,2426899,918,914,0,0,0,2261973
2021-11-05,"Tasmania","TAS",237,13,394587,237,224,0,0,0,760059
2021-11-05,"Victoria","VIC",94669,1168,13611031,94669,74553,634,109,73,10069570
2021-11-05,"Western Australia","WA",1112,9,1880859,1112,1103,0,0,0,3208440
2021-11-06,"Australian Capital Territory","ACT",1840,14,567071,1840,1693,2,1,1,909396
2021-11-06,"New South Wales","NSW",76580,591,20206592,76580,2802,270,55,27,12584827
2021-11-06,"Northern Territory","NT",229,0,446021,229,225,4,0,0,332113
2021-11-06,"Queensland","QLD",2095,7,4716398,2095,2076,7,0,0,6372549
2021-11-06,"South Australia","SA",918,4,2430671,918,914,0,0,0,2278721
2021-11-06,"Tasmania","TAS",237,13,395180,237,224,0,0,0,764557
2021-11-06,"Victoria","VIC",95917,1175,13676441,95917,78084,651,106,70,10124084
2021-11-06,"Western Australia","WA",1112,9,1880859,1112,1103,0,0,0,3236280
2021-11-07,"Australian Capital Territory","ACT",1853,14,568573,1853,1707,1,1,1,911319
2021-11-07,"New South Wales","NSW",76817,592,20276868,76817,2802,269,52,24,12600216
2021-11-07,"Northern Territory","NT",229,0,448464,229,225,4,0,0,334221
2021-11-07,"Queensland","QLD",2098,7,4722223,2098,2076,9,0,0,6394027
2021-11-07,"South Australia","SA",918,4,2434315,918,914,0,0,0,2289946
2021-11-07,"Tasmania","TAS",237,13,395595,237,224,0,0,0,768476
2021-11-07,"Victoria","VIC",97043,1184,13733090,97043,79450,568,96,63,10156138
2021-11-07,"Western Australia","WA",1112,9,1880859,1112,1103,0,0,0,3253068
2021-11-08,"Australian Capital Territory","ACT",1866,14,570237,1866,1719,1,1,1,912806
2021-11-08,"New South Wales","NSW",76988,599,20329807,76988,2802,264,48,20,12606343
2021-11-08,"Northern Territory","NT",229,0,453921,229,225,4,0,0,335304
2021-11-08,"Queensland","QLD",2098,7,4728092,2098,2076,10,0,0,6414407
2021-11-08,"South Australia","SA",918,4,2437668,918,914,0,0,0,2297946
2021-11-08,"Tasmania","TAS",237,13,396031,237,224,0,0,0,770848
2021-11-08,"Victoria","VIC",98130,1189,13777569,98130,80767,556,91,54,10171771
2021-11-08,"Western Australia","WA",1112,9,1889085,1112,1103,0,0,0,3264412
2021-11-09,"Australian Capital Territory","ACT",1884,14,573736,1884,1723,1,1,1,915716
2021-11-09,"New South Wales","NSW",77207,603,20396487,77207,2802,254,42,20,12636451
2021-11-09,"Northern Territory","NT",230,0,456299,230,225,5,0,0,339422
2021-11-09,"Queensland","QLD",2099,7,4736216,2099,2077,12,0,0,6449037
2021-11-09,"South Australia","SA",918,4,2441807,918,914,0,0,0,2312676
2021-11-09,"Tasmania","TAS",237,13,396675,237,224,0,0,0,774970
2021-11-09,"Victoria","VIC",99183,1199,13825363,99183,82381,579,90,55,10213752
2021-11-09,"Western Australia","WA",1112,9,1892290,1112,1103,0,0,0,3286351
2021-11-10,"Australian Capital Territory","ACT",1893,14,575434,1893,1732,1,1,1,920222
2021-11-10,"New South Wales","NSW",77417,606,20492291,77417,2802,235,41,17,12664241
2021-11-10,"Northern Territory","NT",231,0,459081,231,225,6,0,0,343053
2021-11-10,"Queensland","QLD",2102,7,4747091,2102,2077,12,0,0,6484734
2021-11-10,"South Australia","SA",918,4,2446952,918,914,0,0,0,2326706
2021-11-10,"Tasmania","TAS",237,13,397472,237,224,0,0,0,780892
2021-11-10,"Victoria","VIC",100162,1213,13896964,100162,83922,471,84,46,10252230
2021-11-10,"Western Australia","WA",1112,9,1895409,1112,1103,0,0,0,3305721
2021-11-11,"Australian Capital Territory","ACT",1902,14,575434,1902,1741,1,1,1,923168
2021-11-11,"New South Wales","NSW",77671,607,20569300,77671,2802,228,40,16,12689476
2021-11-11,"Northern Territory","NT",231,0,461233,231,225,5,0,0,346585
2021-11-11,"Queensland","QLD",2105,7,4756035,2105,2077,12,0,0,6531023
2021-11-11,"South Australia","SA",918,4,2451478,918,914,0,0,0,2341391
2021-11-11,"Tasmania","TAS",237,13,398206,237,224,0,0,0,784965
2021-11-11,"Victoria","VIC",101451,1217,13964069,101451,84563,457,79,48,10289435
2021-11-11,"Western Australia","WA",1112,9,1898256,1112,1103,0,0,0,3325889
2021-11-12,"Australian Capital Territory","ACT",1917,14,584399,1917,1752,0,0,0,926104
2021-11-12,"New South Wales","NSW",77951,609,20646419,77951,2802,236,34,15,12714183
2021-11-12,"Northern Territory","NT",231,0,464644,231,225,5,0,0,349946
2021-11-12,"Queensland","QLD",2109,7,4765508,2109,2078,14,0,0,6584815
2021-11-12,"South Australia","SA",919,4,2455984,919,914,0,0,0,2355746
2021-11-12,"Tasmania","TAS",237,13,398939,237,224,0,0,0,789082
2021-11-12,"Victoria","VIC",102552,1226,14031994,102552,85232,426,82,50,10326790
2021-11-12,"Western Australia","WA",1112,9,1900151,1112,1103,0,0,0,3347269
2021-11-13,"Australian Capital Territory","ACT",1928,14,585817,1928,1755,0,0,0,928456
2021-11-13,"New South Wales","NSW",78200,609,20705334,78200,2802,228,32,16,12737959
2021-11-13,"Northern Territory","NT",231,0,466072,231,225,6,0,0,353125
2021-11-13,"Queensland","QLD",2106,7,4774709,2106,2079,15,0,0,6637966
2021-11-13,"South Australia","SA",920,4,2460734,920,915,0,0,0,2370387
2021-11-13,"Tasmania","TAS",237,13,399596,237,224,0,0,0,793184
2021-11-13,"Victoria","VIC",103760,1230,14092812,103760,85863,405,77,51,10365165
2021-11-13,"Western Australia","WA",1112,9,1900151,1112,1103,0,0,0,3367922
2021-11-14,"Australian Capital Territory","ACT",1943,14,587760,1943,1760,0,0,0,929734
2021-11-14,"New South Wales","NSW",78393,610,20763212,78393,2802,224,32,16,12747299
2021-11-14,"Northern Territory","NT",232,0,467216,232,225,6,0,0,354034
2021-11-14,"Queensland","QLD",2106,7,4781296,2106,2078,14,0,0,6669009
2021-11-14,"South Australia","SA",920,4,2464110,920,915,0,0,0,2380433
2021-11-14,"Tasmania","TAS",237,13,400142,237,224,0,0,0,795695
2021-11-14,"Victoria","VIC",104646,1234,14157030,104646,86114,394,75,46,10386318
2021-11-14,"Western Australia","WA",1112,9,1900151,1112,1103,0,0,0,3382179
2021-11-15,"Australian Capital Territory","ACT",1953,14,589389,1953,1767,1,0,0,930472
2021-11-15,"New South Wales","NSW",78556,611,20813665,78556,2802,216,32,15,12750482
2021-11-15,"Northern Territory","NT",234,0,468326,234,226,6,0,0,354481
2021-11-15,"Queensland","QLD",2109,7,4786932,2109,2078,14,0,0,6699748
2021-11-15,"South Australia","SA",920,4,2468056,920,915,0,0,0,2387260
2021-11-15,"Tasmania","TAS",238,13,400555,238,224,0,0,0,797962
2021-11-15,"Victoria","VIC",105484,1239,14205134,105484,86731,378,78,48,10395969
2021-11-15,"Western Australia","WA",1113,9,1908338,1113,1103,0,0,0,3389687
2021-11-16,"Australian Capital Territory","ACT",1965,14,592931,1965,1769,4,1,1,932993
2021-11-16,"New South Wales","NSW",78766,613,20881558,78766,2802,210,32,16,12769631
2021-11-16,"Northern Territory","NT",243,0,470580,243,226,11,0,0,356817
2021-11-16,"Queensland","QLD",2110,7,4794936,2110,2079,13,0,0,6748062
2021-11-16,"South Australia","SA",921,4,2472802,921,915,0,0,0,2401195
2021-11-16,"Tasmania","TAS",238,13,401435,238,224,0,0,0,801601
2021-11-16,"Victoria","VIC",106262,1247,14258661,106262,90888,394,72,44,10425787
2021-11-16,"Western Australia","WA",1116,9,1911721,1116,1103,0,0,0,3410042
2021-11-17,"Australian Capital Territory","ACT",1971,14,595295,1971,1787,3,1,1,935487
2021-11-17,"New South Wales","NSW",78994,613,20969662,78994,2802,207,33,15,12787441
2021-11-17,"Northern Territory","NT",249,0,472691,249,225,19,0,0,359258
2021-11-17,"Queensland","QLD",2110,7,4805793,2110,2080,12,0,0,6795408
2021-11-17,"South Australia","SA",921,4,2477676,921,916,0,0,0,2415922
2021-11-17,"Tasmania","TAS",238,13,402381,238,224,0,0,0,806189
2021-11-17,"Victoria","VIC",107245,1256,14330671,107245,91733,357,58,35,10452833
2021-11-17,"Western Australia","WA",1116,9,1915001,1116,1103,0,0,0,3430024
2021-11-18,"Australian Capital Territory","ACT",1996,14,597417,1996,1794,3,1,1,937844
2021-11-18,"New South Wales","NSW",79254,616,21050064,79254,2802,199,29,14,12805178
2021-11-18,"Northern Territory","NT",250,0,475383,250,225,25,0,0,361985
2021-11-18,"Queensland","QLD",2111,7,4815676,2111,2080,10,0,0,6838625
2021-11-18,"South Australia","SA",921,4,2483157,921,916,0,0,0,2430439
2021-11-18,"Tasmania","TAS",238,13,403230,238,224,0,0,0,809839
2021-11-18,"Victoria","VIC",108231,1266,14402941,108231,93155,337,63,34,10478453
2021-11-18,"Western Australia","WA",1117,9,1917785,1117,1103,0,0,0,3448676
2021-11-19,"Australian Capital Territory","ACT",2013,14,605064,2013,1816,3,1,1,940146
2021-11-19,"New South Wales","NSW",79468,619,21122957,79468,2802,196,28,15,12821258
2021-11-19,"Northern Territory","NT",252,0,478275,252,228,24,0,0,364581
2021-11-19,"Queensland","QLD",2112,7,4824215,2112,2082,6,0,0,6882937
2021-11-19,"South Australia","SA",922,4,2488117,922,916,0,0,0,2445385
2021-11-19,"Tasmania","TAS",238,13,403907,238,224,0,0,0,812076
2021-11-19,"Victoria","VIC",109495,1274,14475961,109495,94412,330,57,30,10503745
2021-11-19,"Western Australia","WA",1118,9,1919858,1118,1103,0,0,0,3468820
2021-11-20,"Australian Capital Territory","ACT",2026,14,608538,2026,1833,3,1,1,942230
2021-11-20,"New South Wales","NSW",79646,619,21184639,79646,2802,191,28,17,12836690
2021-11-20,"Northern Territory","NT",253,0,481358,253,229,25,0,0,366870
2021-11-20,"Queensland","QLD",2112,7,4832937,2112,2085,7,0,0,6922112
2021-11-20,"South Australia","SA",922,4,2492799,922,916,0,0,0,2460812
2021-11-20,"Tasmania","TAS",238,13,404613,238,224,0,0,0,818383
2021-11-20,"Victoria","VIC",110662,1279,14540011,110662,99806,312,55,24,10523850
2021-11-20,"Western Australia","WA",1119,9,1919858,1119,1103,0,0,0,3488466
2021-11-21,"Australian Capital Territory","ACT",2042,14,610806,2042,1851,5,2,1,943273
2021-11-21,"New South Wales","NSW",79821,621,21239969,79821,2802,192,32,15,12842546
2021-11-21,"Northern Territory","NT",262,0,484363,262,227,29,0,0,367570
2021-11-21,"Queensland","QLD",2112,7,4839945,2112,2085,4,0,0,6945816
2021-11-21,"South Australia","SA",922,4,2496940,922,916,0,0,0,2471885
2021-11-21,"Tasmania","TAS",238,13,405052,238,224,0,0,0,820357
2021-11-21,"Victoria","VIC",111926,1283,14601661,111926,101015,317,56,25,10540037
2021-11-21,"Western Australia","WA",1120,9,1919858,1120,1103,0,0,0,3500016
2021-11-22,"Australian Capital Territory","ACT",2053,14,614305,2053,1855,5,2,1,943620
2021-11-22,"New South Wales","NSW",79997,622,21285374,79997,2802,202,30,15,12844155
2021-11-22,"Northern Territory","NT",265,0,485614,265,227,37,0,0,367901
2021-11-22,"Queensland","QLD",2112,7,4846496,2112,2085,4,0,0,6951772
2021-11-22,"South Australia","SA",922,4,2500726,922,916,0,0,0,2478288
2021-11-22,"Tasmania","TAS",239,13,405705,239,224,0,0,0,820482
2021-11-22,"Victoria","VIC",112942,1286,14651479,112942,102120,316,44,23,10542678
2021-11-22,"Western Australia","WA",1121,9,1929189,1121,1103,0,0,0,3505964
2021-11-23,"Australian Capital Territory","ACT",2072,14,617329,2072,1872,6,3,2,946141
2021-11-23,"New South Wales","NSW",80163,624,21337676,80163,2802,196,34,15,12858357
2021-11-23,"Northern Territory","NT",268,0,484352,268,227,41,0,0,369756
2021-11-23,"Queensland","QLD",2113,7,4854428,2113,2086,4,0,0,7004664
2021-11-23,"South Australia","SA",922,4,2505423,922,916,0,0,0,2493900
2021-11-23,"Tasmania","TAS",239,13,406748,239,224,0,0,0,824236
2021-11-23,"Victoria","VIC",113755,1305,14699906,113755,103037,303,44,23,10574960
2021-11-23,"Western Australia","WA",1121,9,1932069,1121,1103,0,0,0,3525375
2021-11-24,"Australian Capital Territory","ACT",2087,14,623117,2087,1885,6,3,2,948535
2021-11-24,"New South Wales","NSW",80408,626,21417993,80408,2802,195,35,10,12873503
2021-11-24,"Northern Territory","NT",279,0,487871,279,227,43,0,0,371721
2021-11-24,"Queensland","QLD",2114,7,4854902,2114,2197,3,0,0,7039184
2021-11-24,"South Australia","SA",923,4,2512380,923,916,0,0,0,2509097
2021-11-24,"Tasmania","TAS",239,13,407501,239,224,0,0,0,827980
2021-11-24,"Victoria","VIC",114943,1308,14772660,114943,103868,284,52,29,10592650
2021-11-24,"Western Australia","WA",1121,9,1936148,1121,1104,0,0,0,3543379
2021-11-25,"Australian Capital Territory","ACT",2095,14,625470,2095,1904,7,3,3,950566
2021-11-25,"New South Wales","NSW",80681,626,21492919,80681,2802,191,31,10,12886538
2021-11-25,"Northern Territory","NT",280,0,490891,280,227,52,0,0,373700
2021-11-25,"Queensland","QLD",2117,7,4874350,2117,2100,3,0,0,7073994
2021-11-25,"South Australia","SA",926,4,2520448,926,917,0,0,0,2523145
2021-11-25,"Tasmania","TAS",239,13,408219,239,224,0,0,0,831506
2021-11-25,"Victoria","VIC",116189,1313,14848008,116189,104607,310,48,31,10612165
2021-11-25,"Western Australia","WA",1122,9,1936148,1122,1105,0,0,0,3560329
2021-11-26,"Australian Capital Territory","ACT",2103,14,627193,2103,1914,7,3,3,952623
2021-11-26,"New South Wales","NSW",80938,626,21565946,80938,2802,185,27,10,12900336
2021-11-26,"Northern Territory","NT",280,0,502292,280,230,52,0,0,375548
2021-11-26,"Queensland","QLD",2116,7,4883676,2116,2100,5,0,0,7106075
2021-11-26,"South Australia","SA",928,4,2527670,928,919,0,0,0,2537335
2021-11-26,"Tasmania","TAS",239,13,408875,239,224,0,0,0,835386
2021-11-26,"Victoria","VIC",117544,1320,14921427,117544,105344,308,46,26,10632643
2021-11-26,"Western Australia","WA",1122,9,1940447,1122,1105,0,0,0,3577905
2021-11-27,"Australian Capital Territory","ACT",2110,14,630098,2110,1933,6,5,4,954503
2021-11-27,"New South Wales","NSW",81170,626,21627990,81170,2802,174,26,10,12914562
2021-11-27,"Northern Territory","NT",282,0,504614,282,230,52,0,0,377704
2021-11-27,"Queensland","QLD",2117,7,4891912,2117,2102,5,0,0,7138279
2021-11-27,"South Australia","SA",931,4,2535504,931,919,0,0,0,2549853
2021-11-27,"Tasmania","TAS",239,13,409081,239,224,0,0,0,838717
2021-11-27,"Victoria","VIC",118777,1325,14978719,118777,106202,299,42,22,10652938
2021-11-27,"Western Australia","WA",1122,9,1940447,1122,1106,0,0,0,3595677
2021-11-28,"Australian Capital Territory","ACT",2117,14,630867,2117,1941,7,5,4,955170
2021-11-28,"New South Wales","NSW",81355,626,21682140,81355,2802,165,24,9,12919501
2021-11-28,"Northern Territory","NT",286,0,505897,286,230,53,0,0,378398
2021-11-28,"Queensland","QLD",2120,7,4899035,2120,2102,4,0,0,7154657
2021-11-28,"South Australia","SA",931,4,2543746,931,920,0,0,0,2558537
2021-11-28,"Tasmania","TAS",239,13,409866,239,224,0,0,0,840428
2021-11-28,"Victoria","VIC",119815,1329,15031649,119815,107162,283,44,20,10661115
2021-11-28,"Western Australia","WA",1121,9,1940447,1121,1109,0,0,0,3606036
2021-11-29,"Australian Capital Territory","ACT",2124,14,634449,2124,1956,7,5,4,955850
2021-11-29,"New South Wales","NSW",81499,626,21729315,81499,2802,170,25,10,12921201
2021-11-29,"Northern Territory","NT",288,0,508339,288,230,58,0,0,378744
2021-11-29,"Queensland","QLD",2125,7,4906027,2125,2104,7,0,0,7168341
2021-11-29,"South Australia","SA",932,4,2551100,932,921,0,0,0,2563363
2021-11-29,"Tasmania","TAS",239,13,410496,239,226,0,0,0,842144
2021-11-29,"Victoria","VIC",120814,1332,15080046,120814,107988,300,45,17,10664601
2021-11-29,"Western Australia","WA",1121,9,1947634,1121,1109,0,0,0,3612362
2021-11-30,"Australian Capital Territory","ACT",2130,14,636957,2130,1972,8,4,4,957776
2021-11-30,"New South Wales","NSW",81674,629,21791481,81674,2802,160,26,11,12934914
2021-11-30,"Northern Territory","NT",288,0,511221,288,230,58,0,0,380771
2021-11-30,"Queensland","QLD",2127,7,4915095,2127,2104,12,0,0,7196060
2021-11-30,"South Australia","SA",932,4,2559193,932,921,0,0,0,2575294
2021-11-30,"Tasmania","TAS",239,13,405247,239,226,0,0,0,844738
2021-11-30,"Victoria","VIC",121727,1338,15125704,121727,108979,305,41,19,10681153
2021-11-30,"Western Australia","WA",1121,9,1950855,1121,1111,0,0,0,3631147
2021-12-01,"Australian Capital Territory","ACT",2134,14,640189,2134,1985,8,3,2,960008
2021-12-01,"New South Wales","NSW",81916,629,21876884,81916,2802,154,25,11,12948843
2021-12-01,"Northern Territory","NT",291,0,513702,291,230,57,0,0,382625
2021-12-01,"Queensland","QLD",2130,7,4925528,2130,2106,14,0,0,7223572
2021-12-01,"South Australia","SA",934,4,2569923,934,921,0,0,0,2586810
2021-12-01,"Tasmania","TAS",240,13,406102,240,226,0,0,0,847582
2021-12-01,"Victoria","VIC",122890,1344,15199956,122890,109595,299,43,18,10695099
2021-12-01,"Western Australia","WA",1121,9,1950855,1121,1111,0,0,0,3649502
2021-12-02,"Australian Capital Territory","ACT",2142,14,641505,2142,2000,7,3,2,961780
2021-12-02,"New South Wales","NSW",82180,629,21958761,82180,2802,144,24,10,12962486
2021-12-02,"Northern Territory","NT",292,0,516959,292,233,60,0,0,384745
2021-12-02,"Queensland","QLD",2133,7,4935848,2133,2107,14,0,0,7253938
2021-12-02,"South Australia","SA",953,4,2578610,953,922,0,0,0,2597668
2021-12-02,"Tasmania","TAS",240,13,406920,240,226,0,0,0,850260
2021-12-02,"Victoria","VIC",124299,1354,15270299,124299,110225,288,41,20,10709919
2021-12-02,"Western Australia","WA",1121,9,1962139,1121,1111,0,0,0,3666053
2021-12-03,"Australian Capital Territory","ACT",2146,14,644564,2146,2012,4,3,2,963795
2021-12-03,"New South Wales","NSW",82514,629,22039691,82514,2802,140,25,10,12977199
2021-12-03,"Northern Territory","NT",294,1,520037,294,233,61,0,0,386469
2021-12-03,"Queensland","QLD",2139,7,4945853,2139,2107,16,0,0,7289558
2021-12-03,"South Australia","SA",957,4,2588826,957,922,1,0,0,2607866
2021-12-03,"Tasmania","TAS",240,13,407604,240,226,0,0,0,853433
2021-12-03,"Victoria","VIC",125474,1365,15333513,125474,111204,289,43,22,10725284
2021-12-03,"Western Australia","WA",1122,9,1964972,1122,1111,0,0,0,3682329
2021-12-04,"Australian Capital Territory","ACT",2153,14,645604,2153,2020,6,3,0,965755
2021-12-04,"New South Wales","NSW",82837,630,22108126,82837,2802,139,25,10,12993407
2021-12-04,"Northern Territory","NT",294,1,523017,294,233,62,1,0,388228
2021-12-04,"Queensland","QLD",2145,7,4956046,2145,2107,21,0,0,7322649
2021-12-04,"South Australia","SA",962,4,2599235,962,922,1,0,0,2618015
2021-12-04,"Tasmania","TAS",240,13,408152,240,226,0,0,0,856676
2021-12-04,"Victoria","VIC",126823,1374,15401058,126823,111074,288,44,20,10740802
2021-12-04,"Western Australia","WA",1122,9,1964972,1122,1112,0,0,0,3698816
2021-12-05,"Australian Capital Territory","ACT",2156,14,647352,2156,2032,6,2,0,966627
2021-12-05,"New South Wales","NSW",83118,631,22174797,83118,2802,148,26,5,12998858
2021-12-05,"Northern Territory","NT",294,1,524712,294,233,62,1,0,388803
2021-12-05,"Queensland","QLD",2152,7,4964374,2152,2107,25,0,0,7341520
2021-12-05,"South Australia","SA",968,4,2611025,968,922,1,0,0,2623996
2021-12-05,"Tasmania","TAS",240,13,408756,240,226,0,0,0,857465
2021-12-05,"Victoria","VIC",127789,1381,15466507,127789,110983,299,40,16,10747953
2021-12-05,"Western Australia","WA",1122,9,1964972,1122,1112,0,0,0,3708138
2021-12-06,"Australian Capital Territory","ACT",2164,14,648627,2164,2052,6,3,0,967198
2021-12-06,"New South Wales","NSW",83321,631,22235929,83321,2802,152,24,5,13000675
2021-12-06,"Northern Territory","NT",296,1,527144,296,233,64,1,0,388949
2021-12-06,"Queensland","QLD",2155,7,4974953,2155,2107,29,0,0,7356778
2021-12-06,"South Australia","SA",971,4,2626379,971,922,1,0,0,2627267
2021-12-06,"Tasmania","TAS",240,13,409442,240,226,0,0,0,859014
2021-12-06,"Victoria","VIC",128849,1387,15522844,128849,110968,310,45,19,10751059
2021-12-06,"Western Australia","WA",1122,9,1964972,1122,1112,0,0,0,3713031
2021-12-07,"Australian Capital Territory","ACT",2167,14,650659,2167,2068,5,3,1,969746
2021-12-07,"New South Wales","NSW",83572,633,22294635,83572,2802,155,28,5,13015133
2021-12-07,"Northern Territory","NT",298,1,529031,298,245,51,1,0,390327
2021-12-07,"Queensland","QLD",2155,7,4987421,2155,2109,33,0,0,7386573
2021-12-07,"South Australia","SA",975,4,2640042,975,922,2,0,0,2635984
2021-12-07,"Tasmania","TAS",240,13,410182,240,226,0,0,0,861186
2021-12-07,"Victoria","VIC",130029,1394,15575101,130029,115594,297,47,25,10764263
2021-12-07,"Western Australia","WA",1122,9,1978078,1122,1112,0,0,0,3727629
2021-12-08,"Australian Capital Territory","ACT",2175,15,651102,2175,2081,4,2,1,971897
2021-12-08,"New South Wales","NSW",83967,634,22387201,83967,2802,151,25,7,13029027
2021-12-08,"Northern Territory","NT",299,1,532586,299,264,35,1,0,391770
2021-12-08,"Queensland","QLD",2157,7,4996142,2157,2110,34,0,0,7419628
2021-12-08,"South Australia","SA",976,4,2655774,976,926,2,0,0,2645125
2021-12-08,"Tasmania","TAS",240,13,411164,240,226,0,0,0,864536
2021-12-08,"Victoria","VIC",131325,1399,15654591,131325,118604,303,51,27,10776363
2021-12-08,"Western Australia","WA",1122,9,1981699,1122,1112,0,0,0,3740912
2021-12-09,"Australian Capital Territory","ACT",2179,15,654163,2179,2088,5,2,0,974123
2021-12-09,"New South Wales","NSW",84384,635,22472084,84384,2802,151,25,8,13043445
2021-12-09,"Northern Territory","NT",304,1,534807,304,266,39,1,0,393498
2021-12-09,"Queensland","QLD",2157,7,5010839,2157,2110,27,0,0,7456955
2021-12-09,"South Australia","SA",983,4,2668652,983,928,2,0,0,2655158
2021-12-09,"Tasmania","TAS",240,13,411985,240,226,0,0,0,867536
2021-12-09,"Victoria","VIC",132542,1408,15725769,132542,119919,315,52,27,10789666
2021-12-09,"Western Australia","WA",1123,9,1984344,1123,1112,0,0,0,3754101
2021-12-10,"Australian Capital Territory","ACT",2185,15,657871,2185,2097,5,2,0,976306
2021-12-10,"New South Wales","NSW",84895,635,22562307,84895,2802,158,24,9,13058642
2021-12-10,"Northern Territory","NT",307,1,536741,307,266,41,1,0,395056
2021-12-10,"Queensland","QLD",2165,7,5021884,2165,2112,25,0,0,7493594
2021-12-10,"South Australia","SA",991,4,2679503,991,934,2,0,0,2664551
2021-12-10,"Tasmania","TAS",240,13,412608,240,227,0,0,0,872237
2021-12-10,"Victoria","VIC",133734,1410,15792553,133734,121188,313,61,25,10803253
2021-12-10,"Western Australia","WA",1123,9,1988483,1123,1112,0,0,0,3767535
2021-12-11,"Australian Capital Territory","ACT",2196,15,661729,2196,2105,5,2,0,978558
2021-12-11,"New South Wales","NSW",85447,638,22644824,85447,2802,150,25,8,13075717
2021-12-11,"Northern Territory","NT",308,1,539597,308,273,31,0,0,396609
2021-12-11,"Queensland","QLD",2167,7,5031138,2167,2114,25,0,0,7518949
2021-12-11,"South Australia","SA",998,4,2692938,998,940,3,0,0,2673694
2021-12-11,"Tasmania","TAS",240,13,413105,240,227,0,0,0,876215
2021-12-11,"Victoria","VIC",134911,1423,15875448,134911,122040,323,68,29,10817486
2021-12-11,"Western Australia","WA",1123,9,1988483,1123,1112,0,0,0,3780329
2021-12-12,"Australian Capital Territory","ACT",2197,15,662272,2197,2112,4,2,0,979528
2021-12-12,"New South Wales","NSW",85924,640,22735628,85924,2802,156,23,7,13083075
2021-12-12,"Northern Territory","NT",311,1,544387,311,275,34,0,0,396974
2021-12-12,"Queensland","QLD",2168,7,5043040,2168,2114,28,0,0,7537756
2021-12-12,"South Australia","SA",1008,4,2706549,1008,940,3,0,0,2679002
2021-12-12,"Tasmania","TAS",240,13,413760,240,227,0,0,0,877869
2021-12-12,"Victoria","VIC",135959,1425,15942760,135959,123150,310,74,37,10824278
2021-12-12,"Western Australia","WA",1123,9,1988483,1123,1113,0,0,0,3788412
2021-12-13,"Australian Capital Territory","ACT",2200,15,665141,2200,2122,4,2,0,980218
2021-12-13,"New South Wales","NSW",86453,640,22810629,86453,2802,171,24,9,13086155
2021-12-13,"Northern Territory","NT",328,1,540632,328,275,40,0,0,397233
2021-12-13,"Queensland","QLD",2176,7,5052348,2176,2115,28,0,0,7542412
2021-12-13,"South Australia","SA",1020,4,2721639,1020,951,3,0,0,2682633
2021-12-13,"Tasmania","TAS",240,13,414270,240,227,0,0,0,878896
2021-12-13,"Victoria","VIC",137227,1427,15997882,137227,124160,323,77,40,10829393
2021-12-13,"Western Australia","WA",1124,9,1998595,1124,1113,0,0,0,3792857
2021-12-14,"Australian Capital Territory","ACT",2204,15,669280,2204,2129,4,1,0,983695
2021-12-14,"New South Wales","NSW",87248,641,22897191,87248,2802,168,21,9,13115209
2021-12-14,"Northern Territory","NT",330,1,543415,330,275,47,0,0,398886
2021-12-14,"Queensland","QLD",2180,7,5063015,2180,2121,25,0,0,7604821
2021-12-14,"South Australia","SA",1031,4,2736442,1031,957,2,0,0,2694730
2021-12-14,"Tasmania","TAS",240,13,415316,240,227,0,0,0,881253
2021-12-14,"Victoria","VIC",138409,1433,16052349,138409,125823,364,80,44,10855641
2021-12-14,"Western Australia","WA",1125,9,2002621,1125,1113,0,0,0,3809326
2021-12-15,"Australian Capital Territory","ACT",2211,15,672889,2211,2135,3,1,0,989677
2021-12-15,"New South Wales","NSW",88595,642,23001692,88595,2802,166,24,7,13150881
2021-12-15,"Northern Territory","NT",342,1,546116,342,275,61,0,0,400539
2021-12-15,"Queensland","QLD",2188,7,5075340,2188,2122,28,0,0,7657016
2021-12-15,"South Australia","SA",1057,4,2753738,1057,961,2,0,0,2708507
2021-12-15,"Tasmania","TAS",240,13,416301,240,227,0,0,0,884369
2021-12-15,"Victoria","VIC",139804,1436,16129415,139804,126859,365,84,46,10886515
2021-12-15,"Western Australia","WA",1125,9,2006788,1125,1113,0,0,0,3827972
2021-12-16,"Australian Capital Territory","ACT",2222,15,676757,2222,2146,3,1,0,993517
2021-12-16,"New South Wales","NSW",90333,642,23145630,90333,2802,192,26,8,13194149
2021-12-16,"Northern Territory","NT",343,1,549790,343,275,62,0,0,402806
2021-12-16,"Queensland","QLD",2209,7,5087013,2209,2129,30,0,0,7712811
2021-12-16,"South Australia","SA",1081,4,2773136,1081,969,1,0,0,2724109
2021-12-16,"Tasmania","TAS",241,13,417251,241,227,0,0,0,890683
2021-12-16,"Victoria","VIC",141415,1445,16210256,141415,127727,384,87,49,10922708
2021-12-16,"Western Australia","WA",1125,9,2010953,1125,1113,0,0,0,3848107
2021-12-17,"Australian Capital Territory","ACT",2242,15,680461,2242,2152,4,1,0,997733
2021-12-17,"New South Wales","NSW",92532,643,23273213,92532,2802,215,24,8,13242009
2021-12-17,"Northern Territory","NT",351,1,553663,351,275,67,0,0,405049
2021-12-17,"Queensland","QLD",2227,7,5101662,2227,2136,42,0,0,7775816
2021-12-17,"South Australia","SA",1143,4,2790523,1143,972,2,0,0,2739944
2021-12-17,"Tasmania","TAS",243,13,418308,243,227,0,0,0,895933
2021-12-17,"Victoria","VIC",142907,1452,16292557,142907,128886,386,82,43,10962348
2021-12-17,"Western Australia","WA",1125,9,2013127,1125,1113,0,0,0,3868928
2021-12-18,"Australian Capital Territory","ACT",2260,15,685218,2260,2156,3,0,0,1002093
2021-12-18,"New South Wales","NSW",95000,644,23410362,95000,2802,206,26,9,13296286
2021-12-18,"Northern Territory","NT",352,1,554156,352,281,71,1,0,407177
2021-12-18,"Queensland","QLD",2258,7,5117782,2258,2138,51,0,0,7842436
2021-12-18,"South Australia","SA",1216,4,2809755,1216,979,2,0,0,2754525
2021-12-18,"Tasmania","TAS",244,13,419820,244,227,0,0,0,900122
2021-12-18,"Victoria","VIC",144342,1459,16380640,144342,129449,384,84,43,11004195
2021-12-18,"Western Australia","WA",1125,9,2013127,1125,1113,0,0,0,3890079
2021-12-19,"Australian Capital Territory","ACT",2278,15,686399,2278,2160,3,0,0,1002093
2021-12-19,"New South Wales","NSW",97558,644,23559299,97558,2802,227,28,10,13323798
2021-12-19,"Northern Territory","NT",361,1,559550,361,282,76,1,0,407691
2021-12-19,"Queensland","QLD",2297,7,5136084,2297,2141,57,0,0,7877589
2021-12-19,"South Australia","SA",1296,4,2826634,1296,983,4,0,0,2762641
2021-12-19,"Tasmania","TAS",247,13,420489,247,227,0,0,0,902251
2021-12-19,"Victoria","VIC",145570,1463,16456673,145570,131023,392,81,41,11022565
2021-12-19,"Western Australia","WA",1125,9,2013127,1125,1114,0,0,0,3900785
2021-12-20,"Australian Capital Territory","ACT",2291,15,694131,2291,2164,3,0,0,1007085
2021-12-20,"New South Wales","NSW",100040,644,23703667,100040,2802,261,33,11,13337536
2021-12-20,"Northern Territory","NT",363,1,562859,363,282,13,1,0,408114
2021-12-20,"Queensland","QLD",2356,7,5148455,2356,2141,66,0,0,7899467
2021-12-20,"South Australia","SA",1400,4,2846857,1400,990,6,0,0,2768459
2021-12-20,"Tasmania","TAS",251,13,423218,251,225,0,0,0,905918
2021-12-20,"Victoria","VIC",146859,1463,16528164,146859,132230,406,81,43,11032378
2021-12-20,"Western Australia","WA",1125,9,2023891,1125,1114,0,0,0,3906932
2021-12-21,"Australian Capital Territory","ACT",2307,15,700604,2307,2168,3,0,0,1011887
2021-12-21,"New South Wales","NSW",103073,646,23840639,103073,2802,284,39,11,13389445
2021-12-21,"Northern Territory","NT",376,1,564878,376,282,15,1,0,410089
2021-12-21,"Queensland","QLD",2428,7,5183948,2428,2146,75,1,0,7949200
2021-12-21,"South Australia","SA",1554,4,2864767,1554,990,7,0,0,2783206
2021-12-21,"Tasmania","TAS",254,13,424965,254,225,0,0,0,910583
2021-12-21,"Victoria","VIC",148089,1469,16595052,148089,133163,392,73,43,11076979
2021-12-21,"Western Australia","WA",1126,9,2028091,1126,1114,0,0,0,3929242
2021-12-22,"Australian Capital Territory","ACT",2365,15,702646,2365,2176,3,0,0,1017544
2021-12-22,"New South Wales","NSW",106810,648,23992082,106810,2802,302,40,12,13444529
2021-12-22,"Northern Territory","NT",381,1,569621,381,282,10,0,0,412154
2021-12-22,"Queensland","QLD",2613,7,5213831,2613,2146,80,1,0,8002861
2021-12-22,"South Australia","SA",1747,4,2886789,1747,1001,5,0,0,2798770
2021-12-22,"Tasmania","TAS",266,13,428984,266,225,0,0,0,916490
2021-12-22,"Victoria","VIC",149595,1475,16687314,149595,134241,394,70,41,11124558
2021-12-22,"Western Australia","WA",1130,9,2031959,1130,1114,0,0,0,3951054
2021-12-23,"Australian Capital Territory","ACT",2450,15,708560,2450,2190,3,0,0,1022902
2021-12-23,"New South Wales","NSW",112496,649,24152553,112496,2802,347,45,13,13504770
2021-12-23,"Northern Territory","NT",393,1,572226,393,282,11,2,0,414523
2021-12-23,"Queensland","QLD",2977,7,5247580,2977,2146,94,1,0,8057588
2021-12-23,"South Australia","SA",2229,4,2911964,2229,1011,8,1,0,2813941
2021-12-23,"Tasmania","TAS",288,13,432367,288,225,1,0,0,921823
2021-12-23,"Victoria","VIC",151577,1485,16772426,151577,135300,398,72,39,11174152
2021-12-23,"Western Australia","WA",1131,9,2034755,1131,1114,0,0,0,3974168
2021-12-24,"Australian Capital Territory","ACT",2552,15,715777,2552,2203,2,0,0,1028233
2021-12-24,"New South Wales","NSW",118076,650,24316697,118076,2802,382,53,12,13559946
2021-12-24,"Northern Territory","NT",403,1,575056,403,282,10,1,0,416517
2021-12-24,"Queensland","QLD",3563,7,5278248,3563,2146,111,1,0,8104932
2021-12-24,"South Australia","SA",2917,4,2935416,2917,1011,8,1,0,2826322
2021-12-24,"Tasmania","TAS",315,13,435479,315,225,1,0,0,927530
2021-12-24,"Victoria","VIC",153631,1493,16853991,153631,136676,397,75,40,11217189
2021-12-24,"Western Australia","WA",1133,9,2043600,1133,1114,0,0,0,3996127
2021-12-25,"Australian Capital Territory","ACT",2694,15,715777,2694,2203,2,0,0,1028233
2021-12-25,"New South Wales","NSW",124364,650,24465958,124364,2802,388,52,12,13559946
2021-12-25,"Northern Territory","NT",422,1,575216,422,282,19,1,0,416517
2021-12-25,"Queensland","QLD",4328,7,5312219,4328,2146,111,1,0,8104932
2021-12-25,"South Australia","SA",3551,4,2956989,3551,1077,12,4,0,2826322
2021-12-25,"Tasmania","TAS",348,13,437603,348,225,0,0,0,927530
2021-12-25,"Victoria","VIC",155739,1499,16937447,155739,136676,361,71,42,11217189
2021-12-25,"Western Australia","WA",1140,9,2043600,1140,1114,0,0,0,3996127
2021-12-26,"Australian Capital Territory","ACT",2756,15,720076,2756,2203,1,0,0,1028233
2021-12-26,"New South Wales","NSW",130701,650,24575503,130701,2802,458,52,15,13559946
2021-12-26,"Northern Territory","NT",432,1,576423,432,282,18,1,0,416517
2021-12-26,"Queensland","QLD",5033,7,5342073,5033,2148,100,1,0,8104932
2021-12-26,"South Australia","SA",4324,4,2977690,4324,1124,17,3,0,2826322
2021-12-26,"Tasmania","TAS",404,13,439989,404,225,0,0,0,927530
2021-12-26,"Victoria","VIC",157167,1501,17009966,157167,138283,374,77,43,11217189
2021-12-26,"Western Australia","WA",1143,9,2043600,1143,1116,0,0,0,3996127
2021-12-27,"Australian Capital Territory","ACT",2942,15,727827,2942,2239,1,0,0,1033195
2021-12-27,"New South Wales","NSW",137011,653,24672744,137011,2802,521,55,17,13604683
2021-12-27,"Northern Territory","NT",448,1,576997,448,282,15,1,0,417815
2021-12-27,"Queensland","QLD",5798,7,5366599,5798,2148,72,1,0,8142308
2021-12-27,"South Australia","SA",5162,5,2995767,5162,1184,23,4,0,2835375
2021-12-27,"Tasmania","TAS",443,13,441463,443,225,0,0,0,931034
2021-12-27,"Victoria","VIC",159147,1504,17067784,159147,141185,368,80,38,11241408
2021-12-27,"Western Australia","WA",1145,9,2043600,1145,1116,0,0,0,4015250
2021-12-28,"Australian Capital Territory","ACT",3186,15,731228,3186,2239,3,0,0,1033717
2021-12-28,"New South Wales","NSW",143042,654,24766325,143042,2802,557,60,19,13612604
2021-12-28,"Northern Territory","NT",456,1,578833,456,282,20,1,0,418154
2021-12-28,"Queensland","QLD",6961,7,5398606,6961,2151,89,1,0,8146157
2021-12-28,"South Australia","SA",6160,5,3015820,6160,1267,36,5,0,2839325
2021-12-28,"Tasmania","TAS",487,13,444078,487,225,0,0,0,931389
2021-12-28,"Victoria","VIC",161845,1508,17134467,161845,142525,361,69,33,11247055
2021-12-28,"Western Australia","WA",1148,9,2043600,1148,1116,0,0,0,4023826
2021-12-29,"Australian Capital Territory","ACT",3324,15,734132,3324,2239,4,0,0,1034527
2021-12-29,"New South Wales","NSW",154191,657,24924083,154191,2802,625,61,23,13621571
2021-12-29,"Northern Territory","NT",477,1,580515,477,282,20,1,0,418265
2021-12-29,"Queensland","QLD",8532,7,5433431,8532,2152,93,0,0,8153596
2021-12-29,"South Australia","SA",7625,5,3038562,7625,1304,37,3,0,2844524
2021-12-29,"Tasmania","TAS",545,13,446580,545,225,0,0,0,931765
2021-12-29,"Victoria","VIC",165595,1513,17209599,165595,144097,397,62,28,11252128
2021-12-29,"Western Australia","WA",1152,9,2067628,1152,1116,0,0,0,4033077
2021-12-30,"Australian Capital Territory","ACT",3564,15,739670,3564,2239,4,0,0,1036926
2021-12-30,"New South Wales","NSW",166373,658,25021284,166373,2802,746,63,24,13661721
2021-12-30,"Northern Territory","NT",514,1,591670,514,282,20,0,0,419271
2021-12-30,"Queensland","QLD",10752,7,5468623,10752,2153,103,0,0,8183024
2021-12-30,"South Australia","SA",8993,6,3061982,8993,1426,37,4,0,2859105
2021-12-30,"Tasmania","TAS",648,13,449798,648,225,3,0,0,934023
2021-12-30,"Victoria","VIC",170695,1526,17290692,170695,145344,395,55,23,11281728
2021-12-30,"Western Australia","WA",1153,9,2079804,1153,1116,0,0,0,4062629
2021-12-31,"Australian Capital Territory","ACT",4010,15,742831,4010,2239,6,0,0,1039335
2021-12-31,"New South Wales","NSW",187504,664,25169694,187504,2802,832,69,19,13699859
2021-12-31,"Northern Territory","NT",574,1,594996,574,282,24,0,0,420574
2021-12-31,"Queensland","QLD",13863,7,5489414,13863,2188,126,1,0,8223175
2021-12-31,"South Australia","SA",11078,8,3087925,11078,1426,40,4,1,2875069
2021-12-31,"Tasmania","TAS",785,13,451734,785,225,4,0,0,937239
2021-12-31,"Victoria","VIC",176534,1533,17357466,176534,146965,428,54,21,11312029
2021-12-31,"Western Australia","WA",1158,9,2085658,1158,1117,0,0,0,4091426
2022-01-01,"Australian Capital Territory","ACT",4448,15,747111,4448,2239,9,0,0,1039335
2022-01-01,"New South Wales","NSW",210051,668,25288972,210051,2802,901,79,26,13699859
2022-01-01,"Northern Territory","NT",624,1,598453,624,282,21,0,0,420574
2022-01-01,"Queensland","QLD",16125,7,5524389,16125,2188,150,1,0,8223175
2022-01-01,"South Australia","SA",13178,8,3111715,13178,1426,71,4,1,2875069
2022-01-01,"Tasmania","TAS",1224,13,457128,1224,225,2,0,0,937239
2022-01-01,"Victoria","VIC",183901,1542,17420492,183901,146965,451,51,21,11312029
2022-01-01,"Western Australia","WA",1161,9,2085658,1161,1117,0,0,0,4091426
2022-01-02,"Australian Capital Territory","ACT",4919,15,750071,4919,2239,9,1,1,1039335
2022-01-02,"New South Wales","NSW",228307,670,25378991,228307,2802,1066,83,24,13699859
2022-01-02,"Northern Territory","NT",727,1,600929,727,282,26,0,0,420574
2022-01-02,"Queensland","QLD",19707,7,5558371,19707,2188,170,5,0,8223175
2022-01-02,"South Australia","SA",15473,8,3132855,15473,1426,82,7,1,2875069
2022-01-02,"Tasmania","TAS",1628,13,459695,1628,225,2,0,0,937239
2022-01-02,"Victoria","VIC",190999,1545,17468744,190999,158000,472,52,22,11312029
2022-01-02,"Western Australia","WA",1168,9,2085658,1168,1117,0,0,0,4091426
2022-01-03,"Australian Capital Territory","ACT",5323,15,754008,5323,2239,11,2,1,1041938
2022-01-03,"New South Wales","NSW",249064,674,25475756,249064,2802,1204,95,25,13758731
2022-01-03,"Northern Territory","NT",805,1,603079,805,282,21,0,0,421788
2022-01-03,"Queensland","QLD",23941,8,5589172,23941,2189,180,9,1,8269435
2022-01-03,"South Australia","SA",18021,8,3152292,18021,1426,94,9,1,2893768
2022-01-03,"Tasmania","TAS",2100,13,461851,2100,225,2,0,0,940782
2022-01-03,"Victoria","VIC",199528,1548,17512912,199528,159870,491,56,24,11340028
2022-01-03,"Western Australia","WA",1176,9,2085658,1176,1117,0,0,0,4120530
2022-01-04,"Australian Capital Territory","ACT",6244,15,758219,6244,2239,13,1,1,1042454
2022-01-04,"New South Wales","NSW",272160,676,25559132,272160,2802,1344,105,27,13770397
2022-01-04,"Northern Territory","NT",883,1,604985,883,282,24,0,0,422061
2022-01-04,"Queensland","QLD",29626,8,5622493,29626,2189,205,11,2,8276257
2022-01-04,"South Australia","SA",21255,8,3173148,21255,1426,102,11,1,2899672
2022-01-04,"Tasmania","TAS",2805,13,465236,2805,225,2,0,0,941193
2022-01-04,"Victoria","VIC",213490,1550,17573427,213490,163651,516,56,24,11348477
2022-01-04,"Western Australia","WA",1190,9,2085658,1190,1117,0,0,0,4131022
2022-01-05,"Australian Capital Territory","ACT",7006,15,761678,7006,2239,16,1,1,1046876
2022-01-05,"New South Wales","NSW",307173,684,25667976,307173,2802,1491,119,32,13824618
2022-01-05,"Northern Territory","NT",985,1,607845,985,282,21,1,1,423807
2022-01-05,"Queensland","QLD",36401,8,5636265,36401,2189,275,10,2,8317060
2022-01-05,"South Australia","SA",24745,8,3194245,24745,1426,125,12,1,2920414
2022-01-05,"Tasmania","TAS",3671,13,468702,3671,225,4,0,0,944531
2022-01-05,"Victoria","VIC",230919,1561,17633109,230919,178049,591,53,20,11401280
2022-01-05,"Western Australia","WA",1206,9,2108109,1206,1117,0,0,0,4165444
2022-01-06,"Australian Capital Territory","ACT",8021,15,765392,8021,2239,20,2,1,1052863
2022-01-06,"New South Wales","NSW",342133,690,25779207,342133,2802,1609,131,38,13894098
2022-01-06,"Northern Territory","NT",1230,1,610627,1230,282,23,2,1,426325
2022-01-06,"Queensland","QLD",46731,9,5671077,46731,2189,296,12,2,8378134
2022-01-06,"South Australia","SA",27813,8,3213408,27813,1426,123,12,1,2942298
2022-01-06,"Tasmania","TAS",4422,13,472330,4422,225,5,0,0,948742
2022-01-06,"Victoria","VIC",252662,1567,17697970,252662,189983,631,51,22,11462132
2022-01-06,"Western Australia","WA",1215,9,2116726,1215,1117,0,0,0,4201791
2022-01-07,"Australian Capital Territory","ACT",9429,15,770790,9429,2239,24,3,3,1059637
2022-01-07,"New South Wales","NSW",380550,701,25891932,380550,2802,1738,134,33,13965323
2022-01-07,"Northern Territory","NT",1505,1,614332,1505,282,19,2,1,428867
2022-01-07,"Queensland","QLD",57677,9,5707524,57677,2189,327,14,3,8440769
2022-01-07,"South Australia","SA",31513,9,3233897,31513,1426,144,16,1,2963635
2022-01-07,"Tasmania","TAS",5908,13,477389,5908,225,8,0,0,956138
2022-01-07,"Victoria","VIC",274123,1573,17766172,274123,202878,644,58,24,11525658
2022-01-07,"Western Australia","WA",1221,9,2123251,1221,1117,0,0,0,4239628
2022-01-08,"Australian Capital Territory","ACT",10777,15,774936,10777,2239,24,5,4,1065709
2022-01-08,"New South Wales","NSW",425593,710,26008847,425593,2802,1795,145,40,14040845
2022-01-08,"Northern Territory","NT",1938,1,617430,1938,282,17,1,1,431999
2022-01-08,"Queensland","QLD",68783,11,5741224,68783,2189,366,17,3,8500347
2022-01-08,"South Australia","SA",35786,14,3258681,35786,1426,164,16,2,2983575
2022-01-08,"Tasmania","TAS",6948,13,481338,6948,225,10,0,0,962263
2022-01-08,"Victoria","VIC",298779,1582,17855690,298779,213815,731,109,24,11586902
2022-01-08,"Western Australia","WA",1229,9,2123251,1229,1117,0,0,0,4277321
2022-01-09,"Australian Capital Territory","ACT",12176,15,780190,12176,2239,27,4,4,1069280
2022-01-09,"New South Wales","NSW",455529,726,26107833,455529,2802,1927,151,38,14088207
2022-01-09,"Northern Territory","NT",2238,1,620475,2238,282,24,1,1,433100
2022-01-09,"Queensland","QLD",82440,11,5779171,82440,2189,402,22,5,8534443
2022-01-09,"South Australia","SA",40294,14,3282159,40294,1426,176,18,2,2995240
2022-01-09,"Tasmania","TAS",7513,13,484190,7513,225,15,0,0,967517
2022-01-09,"Victoria","VIC",321471,1586,17939683,321471,220808,752,104,23,11624659
2022-01-09,"Western Australia","WA",1231,9,2123251,1231,1117,0,0,0,4300652
2022-01-10,"Australian Capital Territory","ACT",13248,15,784934,13248,2239,25,4,3,1072256
2022-01-10,"New South Wales","NSW",475731,744,26192166,475731,2802,2030,159,47,14116780
2022-01-10,"Northern Territory","NT",2625,1,622625,2625,282,26,2,1,433877
2022-01-10,"Queensland","QLD",88292,11,5800484,88292,2189,440,21,7,8552797
2022-01-10,"South Australia","SA",44313,16,3304004,44313,1426,188,21,4,3004576
2022-01-10,"Tasmania","TAS",7898,13,486644,7898,225,17,0,0,971500
2022-01-10,"Victoria","VIC",340124,1588,18017776,340124,220808,818,118,28,11648299
2022-01-10,"Western Australia","WA",1239,9,2134916,1239,1117,0,0,0,4312916
2022-01-11,"Australian Capital Territory","ACT",15306,16,792448,15306,2239,28,4,3,1072256
2022-01-11,"New South Wales","NSW",501389,755,26263491,501389,2802,2186,170,51,14200849
2022-01-11,"Northern Territory","NT",3014,1,624836,3014,282,32,2,1,437096
2022-01-11,"Queensland","QLD",104659,12,5850466,104659,2189,529,27,6,8606005
2022-01-11,"South Australia","SA",47190,17,3322437,47190,1426,211,22,4,3025026
2022-01-11,"Tasmania","TAS",8250,13,489308,8250,225,18,0,0,977565
2022-01-11,"Victoria","VIC",361231,1601,18077446,361231,220808,861,117,27,11718096
2022-01-11,"Western Australia","WA",1254,9,2141065,1254,1117,0,0,0,4351946
2022-01-12,"Australian Capital Territory","ACT",16359,16,796976,16359,8438,23,4,3,1087190
2022-01-12,"New South Wales","NSW",526025,776,26397902,526025,2802,2242,175,54,14300038
2022-01-12,"Northern Territory","NT",3332,1,628937,3332,282,22,2,1,440112
2022-01-12,"Queensland","QLD",122735,12,5908005,122735,2210,555,30,8,8678957
2022-01-12,"South Australia","SA",50830,24,3341835,50830,1980,190,27,6,3047169
2022-01-12,"Tasmania","TAS",8982,13,491786,8982,225,22,0,0,984875
2022-01-12,"Victoria","VIC",384616,1622,18139076,384616,268496,946,112,31,11799698
2022-01-12,"Western Australia","WA",1260,9,2145877,1260,1145,0,0,0,4392094
2022-01-13,"Australian Capital Territory","ACT",17661,16,802090,17661,8438,24,3,2,1095252
2022-01-13,"New South Wales","NSW",566353,797,26486066,566353,2802,2383,182,60,14404691
2022-01-13,"Northern Territory","NT",3826,1,631034,3826,282,33,2,1,443755
2022-01-13,"Queensland","QLD",134820,18,5941837,134820,2210,586,26,10,8751588
2022-01-13,"South Australia","SA",54408,28,3361893,54408,1980,225,26,7,3071339
2022-01-13,"Tasmania","TAS",9227,13,494361,9227,225,23,0,0,992944
2022-01-13,"Victoria","VIC",407587,1647,18201482,407587,294076,953,111,29,11883563
2022-01-13,"Western Australia","WA",1276,9,2150934,1276,1145,0,0,0,4433350
2022-01-14,"Australian Capital Territory","ACT",18490,16,805614,18490,8438,27,3,2,1103083
2022-01-14,"New South Wales","NSW",590798,826,26595123,590798,2802,2527,185,60,14508655
2022-01-14,"Northern Territory","NT",4210,1,633457,4210,282,37,2,1,447242
2022-01-14,"Queensland","QLD",148255,21,5985728,148255,2210,589,41,15,8821677
2022-01-14,"South Australia","SA",60027,34,3386689,60027,1980,246,20,8,3095599
2022-01-14,"Tasmania","TAS",9597,13,496259,9597,225,24,0,0,1002019
2022-01-14,"Victoria","VIC",429131,1665,18263927,429131,294076,976,112,30,11969053
2022-01-14,"Western Australia","WA",1285,9,2155088,1285,1145,0,0,0,4476226
2022-01-15,"Australian Capital Territory","ACT",19065,16,809116,19065,8438,30,3,3,1110524
2022-01-15,"New South Wales","NSW",617714,846,26677704,617714,2802,2576,193,58,14610705
2022-01-15,"Northern Territory","NT",4786,2,635433,4786,282,36,2,1,450581
2022-01-15,"Queensland","QLD",161871,27,6028413,161871,2210,649,46,14,8890075
2022-01-15,"South Australia","SA",64266,38,3405244,64266,1980,236,26,7,3119318
2022-01-15,"Tasmania","TAS",9899,13,498430,9899,225,22,1,0,1008739
2022-01-15,"Victoria","VIC",443091,1688,18323879,443091,294076,1054,115,30,12053576
2022-01-15,"Western Australia","WA",1293,9,2155088,1293,1145,0,0,0,4519243
2022-01-16,"Australian Capital Territory","ACT",19687,18,811544,19687,8438,41,3,2,1115357
2022-01-16,"New South Wales","NSW",638431,866,26800451,638431,2802,2650,191,61,14668888
2022-01-16,"Northern Territory","NT",5064,2,638893,5064,282,44,0,0,451683
2022-01-16,"Queensland","QLD",174676,30,6070836,174676,2210,670,49,16,8924242
2022-01-16,"South Australia","SA",66618,40,3422524,66618,1980,220,26,6,3133091
2022-01-16,"Tasmania","TAS",10188,13,500006,10188,225,22,1,0,1013343
2022-01-16,"Victoria","VIC",462488,1701,18382910,462488,294076,1114,122,35,12102240
2022-01-16,"Western Australia","WA",1297,9,2155088,1297,1145,0,0,0,4545169
2022-01-17,"Australian Capital Territory","ACT",20468,19,817106,20468,8438,52,4,2,1119255
2022-01-17,"New South Wales","NSW",656007,883,26886218,656007,2802,2776,203,61,14696355
2022-01-17,"Northern Territory","NT",5184,2,640120,5184,282,39,1,0,452560
2022-01-17,"Queensland","QLD",185195,37,6101751,185195,2210,702,47,15,8947442
2022-01-17,"South Australia","SA",71153,40,3437397,71153,1980,227,26,5,3143743
2022-01-17,"Tasmania","TAS",10580,13,502459,10580,225,21,1,0,1019062
2022-01-17,"Victoria","VIC",475605,1707,18432608,475605,294076,1229,129,38,12131999
2022-01-17,"Western Australia","WA",1309,9,2166786,1309,1145,0,0,0,4558876
2022-01-18,"Australian Capital Territory","ACT",21444,20,817106,21444,8438,63,6,2,1129206
2022-01-18,"New South Wales","NSW",672074,920,26953767,672074,2802,2850,209,63,14804102
2022-01-18,"Northern Territory","NT",5275,2,641594,5275,282,43,1,0,454755
2022-01-18,"Queensland","QLD",195173,53,6134256,195173,2210,819,50,18,9002664
2022-01-18,"South Australia","SA",73410,42,3450716,73410,1980,285,24,5,3165952
2022-01-18,"Tasmania","TAS",10940,13,504715,10940,225,25,2,0,1027487
2022-01-18,"Victoria","VIC",484038,1729,18472333,484038,294076,1152,127,43,12211302
2022-01-18,"Western Australia","WA",1323,9,2175202,1323,1145,0,0,0,4602828
2022-01-19,"Australian Capital Territory","ACT",22852,20,825284,22852,8438,60,5,2,1138296
2022-01-19,"New South Wales","NSW",691353,952,27038749,691353,2802,2863,217,66,14905674
2022-01-19,"Northern Territory","NT",5348,2,643787,5348,282,53,1,0,457921
2022-01-19,"Queensland","QLD",209139,64,6175557,209139,2210,835,52,18,9063410
2022-01-19,"South Australia","SA",77183,48,3466125,77183,1980,294,23,4,3189443
2022-01-19,"Tasmania","TAS",11504,13,507050,11504,225,29,2,0,1033857
2022-01-19,"Victoria","VIC",487895,1747,18522171,487895,294076,1173,125,42,12288220
2022-01-19,"Western Australia","WA",1328,9,2184020,1328,1145,0,0,0,4643434
2022-01-20,"Australian Capital Territory","ACT",23068,20,826473,23068,8438,62,3,2,1146577
2022-01-20,"New South Wales","NSW",708704,977,27112002,708704,2802,2781,212,68,15008190
2022-01-20,"Northern Territory","NT",5472,2,644901,5472,282,57,1,0,461527
2022-01-20,"Queensland","QLD",220364,73,6213132,220364,2210,850,48,20,9125237
2022-01-20,"South Australia","SA",80392,59,3481127,80392,1980,290,29,6,3214372
2022-01-20,"Tasmania","TAS",11798,13,508663,11798,225,31,3,0,1042328
2022-01-20,"Victoria","VIC",499009,1762,18573238,499009,294076,1206,122,45,12367716
2022-01-20,"Western Australia","WA",1338,9,2189742,1338,1145,0,0,0,4687116
2022-01-21,"Australian Capital Territory","ACT",23269,22,827676,23269,8438,62,2,1,1156105
2022-01-21,"New South Wales","NSW",723448,1023,27193256,723448,2802,2743,209,68,15111535
2022-01-21,"Northern Territory","NT",5572,2,648446,5572,282,62,2,0,464659
2022-01-21,"Queensland","QLD",231413,86,6250211,231413,2210,855,54,22,9187878
2022-01-21,"South Australia","SA",83237,65,3495810,83237,1980,298,33,7,3241019
2022-01-21,"Tasmania","TAS",11792,14,510703,11792,225,31,3,0,1049190
2022-01-21,"Victoria","VIC",509934,1782,18616357,509934,294076,1096,121,34,12462436
2022-01-21,"Western Australia","WA",1348,9,2193964,1348,1257,0,0,0,4733431
2022-01-22,"Australian Capital Territory","ACT",23527,22,829821,23527,8438,63,1,1,1164585
2022-01-22,"New South Wales","NSW",735190,1053,27249464,735190,2802,2762,204,68,15212316
2022-01-22,"Northern Territory","NT",2421,2,649927,2421,282,63,1,0,467647
2022-01-22,"Queensland","QLD",242069,96,6286635,242069,2210,884,52,18,9246026
2022-01-22,"South Australia","SA",85549,68,3508375,85549,1980,276,37,7,3265428
2022-01-22,"Tasmania","TAS",10801,15,511699,10801,225,31,2,0,1056120
2022-01-22,"Victoria","VIC",519083,1802,18655536,519083,294076,1029,120,39,12555133
2022-01-22,"Western Australia","WA",1359,9,2189742,1359,1257,0,0,0,4774952
2022-01-23,"Australian Capital Territory","ACT",24172,22,831265,24172,8438,67,3,2,1170118
2022-01-23,"New South Wales","NSW",756085,1087,27326136,756085,2802,2712,189,72,15267860
2022-01-23,"Northern Territory","NT",5881,2,651292,5881,282,75,2,0,468851
2022-01-23,"Queensland","QLD",254322,106,6317433,254322,2210,863,47,14,9274331
2022-01-23,"South Australia","SA",87765,68,3520691,87765,1980,278,28,6,3280912
2022-01-23,"Tasmania","TAS",12845,15,513685,12845,225,39,3,0,1058658
2022-01-23,"Victoria","VIC",533485,1816,18687971,533485,294076,1002,120,44,12614595
2022-01-23,"Western Australia","WA",1386,9,2194485,1386,1257,0,0,0,4798758
2022-01-24,"Australian Capital Territory","ACT",24031,24,833611,24031,8438,68,3,1,1174449
2022-01-24,"New South Wales","NSW",757575,1111,27374617,757575,2802,2816,196,72,15293210
2022-01-24,"Northern Territory","NT",5986,2,651509,5986,282,78,2,0,469778
2022-01-24,"Queensland","QLD",257284,119,6337344,257284,2210,878,50,14,9293679
2022-01-24,"South Australia","SA",90512,70,3530447,90512,1980,294,29,6,3291663
2022-01-24,"Tasmania","TAS",12525,15,514627,12525,225,41,3,0,1063963
2022-01-24,"Victoria","VIC",531135,1833,18709646,531135,294076,998,119,47,12654589
2022-01-24,"Western Australia","WA",1400,9,2211781,1400,1257,0,0,0,4813929
2022-01-25,"Australian Capital Territory","ACT",24811,25,836449,24811,8438,67,3,1,1183946
2022-01-25,"New South Wales","NSW",767185,1140,27432133,767185,2802,2943,183,72,15392650
2022-01-25,"Northern Territory","NT",6083,2,652428,6083,282,72,3,0,472352
2022-01-25,"Queensland","QLD",262941,130,6357884,262941,2210,928,51,13,9345897
2022-01-25,"South Australia","SA",93165,75,3540180,93165,1980,287,32,5,3314334
2022-01-25,"Tasmania","TAS",12687,16,516245,12687,225,35,3,0,1070863
2022-01-25,"Victoria","VIC",537864,1862,18740372,537864,294076,1057,119,45,12742368
2022-01-25,"Western Australia","WA",1418,9,2222201,1418,1257,2,1,0,4855317
2022-01-26,"Australian Capital Territory","ACT",25389,25,839234,25389,8438,67,5,1,1193635
2022-01-26,"New South Wales","NSW",780656,1169,27499879,780656,2802,2794,175,75,15484313
2022-01-26,"Northern Territory","NT",6273,2,653302,6273,282,71,3,0,475101
2022-01-26,"Queensland","QLD",271876,139,6389792,271876,2210,889,47,13,9402447
2022-01-26,"South Australia","SA",95742,88,3553667,95742,1980,288,26,4,3338889
2022-01-26,"Tasmania","TAS",12919,17,517812,12919,225,28,2,0,1077397
2022-01-26,"Victoria","VIC",544936,1896,18775207,544936,294076,1089,113,40,12832241
2022-01-26,"Western Australia","WA",1442,9,2230569,1442,1257,1,1,0,4897583
2022-01-27,"Australian Capital Territory","ACT",26014,25,842501,26014,8438,73,4,1,1198003
2022-01-27,"New South Wales","NSW",840496,1198,27565594,840496,2802,2722,181,72,15495584
2022-01-27,"Northern Territory","NT",6592,2,654974,6592,282,95,4,0,475848
2022-01-27,"Queensland","QLD",279451,154,6416046,279451,2210,829,48,15,9417349
2022-01-27,"South Australia","SA",97953,101,3563903,97953,1980,288,27,5,3346302
2022-01-27,"Tasmania","TAS",13208,17,519189,13208,225,24,2,0,1079979
2022-01-27,"Victoria","VIC",551550,1911,18806425,551550,294076,1057,117,40,12861478
2022-01-27,"Western Australia","WA",1454,9,2231286,1454,1257,2,1,0,4909772
2022-01-28,"Australian Capital Territory","ACT",26430,26,845394,26430,8438,66,5,1,1206178
2022-01-28,"New South Wales","NSW",853515,1233,27603057,853515,2802,2737,189,78,15584702
2022-01-28,"Northern Territory","NT",13244,2,656246,13244,282,105,3,0,478347
2022-01-28,"Queensland","QLD",285309,172,6435105,285309,2210,818,54,15,9472620
2022-01-28,"South Australia","SA",100669,106,3573070,100669,1980,285,24,4,3368049
2022-01-28,"Tasmania","TAS",13361,17,520500,13361,225,19,1,0,1085014
2022-01-28,"Victoria","VIC",557889,1950,18830892,557889,294076,988,114,40,12942954
2022-01-28,"Western Australia","WA",1462,9,2238413,1462,1257,3,1,0,4952116
2022-01-29,"Australian Capital Territory","ACT",26898,26,847684,26898,8438,61,5,1,1213571
2022-01-29,"New South Wales","NSW",866923,1282,27661157,866923,2802,2693,186,73,15684421
2022-01-29,"Northern Territory","NT",14147,2,657745,14147,282,111,5,0,481061
2022-01-29,"Queensland","QLD",292523,184,6460947,292523,2210,833,53,12,9526693
2022-01-29,"South Australia","SA",102069,111,3582987,102069,1980,283,29,3,3388799
2022-01-29,"Tasmania","TAS",13610,17,521839,13610,225,17,1,0,1089335
2022-01-29,"Victoria","VIC",564216,1981,18862314,564216,294076,953,114,39,13021483
2022-01-29,"Western Australia","WA",1485,9,2245424,1485,1257,2,1,0,4993438
2022-01-30,"Australian Capital Territory","ACT",27279,26,850637,27279,8438,62,3,1,1218197
2022-01-30,"New South Wales","NSW",880334,1334,27711928,880334,2802,2663,182,73,15735827
2022-01-30,"Northern Territory","NT",15041,2,658850,15041,282,121,3,0,482292
2022-01-30,"Queensland","QLD",298443,197,6483868,298443,2210,745,41,12,9552273
2022-01-30,"South Australia","SA",103702,113,3592093,103702,1980,289,25,2,3400702
2022-01-30,"Tasmania","TAS",13921,18,523712,13921,225,20,1,0,1094005
2022-01-30,"Victoria","VIC",819266,2001,18887486,819266,294076,889,111,35,13071768
2022-01-30,"Western Australia","WA",1504,9,2250859,1504,1257,1,1,0,5017782
2022-01-31,"Australian Capital Territory","ACT",27547,26,851417,27547,8438,62,2,1,1221291
2022-01-31,"New South Wales","NSW",893232,1361,27749194,893232,2802,2779,185,67,15755021
2022-01-31,"Northern Territory","NT",15758,2,659752,15758,282,114,5,0,482939
2022-01-31,"Queensland","QLD",302987,200,6499443,302987,2210,821,50,12,9567307
2022-01-31,"South Australia","SA",105382,119,3600973,105382,1980,281,25,2,3407810
2022-01-31,"Tasmania","TAS",14039,18,524517,14039,225,16,1,0,1096853
2022-01-31,"Victoria","VIC",822146,2009,18908345,822146,294076,873,102,33,13101350
2022-01-31,"Western Australia","WA",1527,9,2264848,1527,1257,1,1,0,5031564
2022-02-01,"Australian Capital Territory","ACT",27813,26,853693,27813,8438,64,1,1,1233923
2022-02-01,"New South Wales","NSW",905794,1391,27785428,905794,2802,2749,186,70,15828350
2022-02-01,"Northern Territory","NT",16877,2,660779,16877,282,132,4,0,485341
2022-02-01,"Queensland","QLD",306816,210,6513321,306816,2210,868,54,23,9609175
2022-02-01,"South Australia","SA",106862,122,3608004,106862,1980,273,22,5,3425457
2022-02-01,"Tasmania","TAS",14155,18,525704,14155,225,16,1,0,1103026
2022-02-01,"Victoria","VIC",833216,2043,18931880,833216,294076,851,106,33,13168998
2022-02-01,"Western Australia","WA",1551,9,2272227,1551,1257,1,0,0,5071901
2022-02-02,"Australian Capital Territory","ACT",36897,26,855622,36897,8438,61,1,1,1241713
2022-02-02,"New South Wales","NSW",917502,1418,27827606,917502,2802,2623,170,72,15907281
2022-02-02,"Northern Territory","NT",10398,3,663856,10398,282,129,5,0,487626
2022-02-02,"Queensland","QLD",312987,226,6535713,312987,2210,837,50,24,9654355
2022-02-02,"South Australia","SA",108804,123,3618083,108804,1980,233,21,5,3444026
2022-02-02,"Tasmania","TAS",14348,18,527659,14348,225,13,2,0,1109102
2022-02-02,"Victoria","VIC",847544,2068,18966910,847544,294076,768,99,31,13235180
2022-02-02,"Western Australia","WA",1580,9,2285934,1580,1257,1,0,0,5113624
2022-02-03,"Australian Capital Territory","ACT",37362,26,857256,37362,8438,63,1,1,1249344
2022-02-03,"New South Wales","NSW",930042,1456,27866454,930042,2802,2578,160,68,15976241
2022-02-03,"Northern Territory","NT",19149,4,665367,19149,282,141,6,0,489984
2022-02-03,"Queensland","QLD",318238,235,6555435,318238,2210,820,47,23,9702999
2022-02-03,"South Australia","SA",110446,124,3627205,110446,1980,226,18,5,3462374
2022-02-03,"Tasmania","TAS",14555,19,529342,14555,225,13,2,0,1114718
2022-02-03,"Victoria","VIC",859435,2102,18996221,859435,294076,752,82,29,13301486
2022-02-03,"Western Australia","WA",1608,9,2294291,1608,1257,1,0,0,5152726
2022-02-04,"Australian Capital Territory","ACT",37771,27,859166,37771,8438,65,1,1,1256873
2022-02-04,"New South Wales","NSW",940596,1487,27905803,940596,2802,2494,160,75,16047536
2022-02-04,"Northern Territory","NT",20592,4,666739,20592,282,148,6,0,492214
2022-02-04,"Queensland","QLD",322030,248,6569505,322030,2210,798,52,23,9747698
2022-02-04,"South Australia","SA",111485,127,3636726,111485,1980,223,15,5,3479829
2022-02-04,"Tasmania","TAS",14759,19,530871,14759,225,13,2,0,1120831
2022-02-04,"Victoria","VIC",870416,2138,19020958,870416,294076,707,79,29,13365429
2022-02-04,"Western Australia","WA",1640,9,2302043,1640,1257,1,0,0,5193869
2022-02-05,"Australian Capital Territory","ACT",38123,28,861182,38123,8438,63,1,1,1264222
2022-02-05,"New South Wales","NSW",948918,1505,27935437,948918,2802,2337,152,70,16113704
2022-02-05,"Northern Territory","NT",21560,4,677375,21560,282,151,4,0,494662
2022-02-05,"Queensland","QLD",327778,269,6593428,327778,2210,789,48,23,9793225
2022-02-05,"South Australia","SA",112774,129,3645308,112774,1980,218,16,4,3496473
2022-02-05,"Tasmania","TAS",14898,19,532301,14898,225,10,2,0,1126521
2022-02-05,"Victoria","VIC",877922,2179,19043054,877922,294076,687,80,31,13431810
2022-02-05,"Western Australia","WA",1666,9,2309727,1666,1257,0,0,0,5232139
2022-02-06,"Australian Capital Territory","ACT",38432,28,861959,38432,8438,60,2,1,1268945
2022-02-06,"New South Wales","NSW",956722,1533,27971134,956722,2802,2321,147,66,16139464
2022-02-06,"Northern Territory","NT",22492,5,678807,22492,282,158,3,0,495548
2022-02-06,"Queensland","QLD",331384,278,6607871,331384,2210,726,47,23,9812528
2022-02-06,"South Australia","SA",114076,130,3654002,114076,1980,218,13,5,3506704
2022-02-06,"Tasmania","TAS",15085,20,533344,15085,225,11,1,0,1129342
2022-02-06,"Victoria","VIC",884841,2185,19063678,884841,294076,652,73,28,13473301
2022-02-06,"Western Australia","WA",1712,9,2315187,1712,1257,1,0,0,5255505
2022-02-07,"Australian Capital Territory","ACT",38698,29,862794,38698,8438,57,2,1,1271445
2022-02-07,"New South Wales","NSW",964010,1547,28007047,964010,2802,2099,137,60,16149327
2022-02-07,"Northern Territory","NT",23286,5,680176,23286,282,158,3,0,496113
2022-02-07,"Queensland","QLD",333714,297,6617729,333714,2210,724,43,23,9824980
2022-02-07,"South Australia","SA",115419,135,3661366,115419,1980,224,16,5,3512667
2022-02-07,"Tasmania","TAS",15209,20,534412,15209,225,15,1,0,1130848
2022-02-07,"Victoria","VIC",892936,2192,19080016,892936,294076,638,72,26,13498349
2022-02-07,"Western Australia","WA",1748,9,2324967,1748,1257,1,0,0,5268326
2022-02-08,"Australian Capital Territory","ACT",39165,30,865402,39165,8438,55,1,1,1281980
2022-02-08,"New South Wales","NSW",973601,1565,28036288,973601,2802,2068,132,61,16208281
2022-02-08,"Northern Territory","NT",24408,5,681671,24408,282,178,5,0,497931
2022-02-08,"Queensland","QLD",335649,309,6626385,335649,2210,705,45,22,9857710
2022-02-08,"South Australia","SA",116752,139,3669728,116752,1980,204,15,2,3526566
2022-02-08,"Tasmania","TAS",15376,20,535668,15376,225,15,1,0,1135121
2022-02-08,"Victoria","VIC",902483,2212,19099420,902483,294076,575,72,30,13560095
2022-02-08,"Western Australia","WA",1813,9,2340077,1813,1257,1,0,0,5301636
2022-02-09,"Australian Capital Territory","ACT",39613,31,866863,39613,8438,54,4,1,1288695
2022-02-09,"New South Wales","NSW",983812,1585,28076725,983812,2802,1906,132,61,16273302
2022-02-09,"Northern Territory","NT",25536,5,683117,25536,282,174,4,0,499674
2022-02-09,"Queensland","QLD",339556,333,6644138,339556,2210,686,44,22,9893830
2022-02-09,"South Australia","SA",118448,141,3679693,118448,1980,210,18,3,3540504
2022-02-09,"Tasmania","TAS",15535,22,537137,15535,225,15,1,0,1140124
2022-02-09,"Victoria","VIC",912175,2233,19127580,912175,294076,542,71,27,13619932
2022-02-09,"Western Australia","WA",1905,9,2353277,1905,1257,1,0,0,5334384
2022-02-10,"Australian Capital Territory","ACT",40076,31,868799,40076,8438,51,3,1,1294353
2022-02-10,"New South Wales","NSW",993813,1609,28108892,993813,2802,1795,121,55,16332970
2022-02-10,"Northern Territory","NT",26767,7,685702,26767,282,168,3,0,501589
2022-02-10,"Queensland","QLD",342748,341,6659396,342748,2210,633,48,22,9931728
2022-02-10,"South Australia","SA",120167,148,3689100,120167,1980,206,16,5,3554503
2022-02-10,"Tasmania","TAS",15714,23,538390,15714,225,17,1,0,1145209
2022-02-10,"Victoria","VIC",921401,2249,19151446,921401,294076,543,75,23,13678869
2022-02-10,"Western Australia","WA",2043,9,2361441,2043,1257,1,0,0,5366745
2022-02-11,"Australian Capital Territory","ACT",40538,31,870593,40538,8438,50,3,1,1299559
2022-02-11,"New South Wales","NSW",1002667,1628,28153064,1002667,2802,1716,108,48,16387789
2022-02-11,"Northern Territory","NT",27847,9,687152,27847,282,164,3,0,503094
2022-02-11,"Queensland","QLD",345876,355,6674118,345876,2210,584,43,22,9965017
2022-02-11,"South Australia","SA",121701,150,3698595,121701,1980,210,16,5,3567653
2022-02-11,"Tasmania","TAS",15854,23,539559,15854,225,16,1,0,1150347
2022-02-11,"Victoria","VIC",929674,2262,19173643,929674,294076,553,82,23,13736136
2022-02-11,"Western Australia","WA",2140,10,2361441,2140,1257,1,0,0,5398901
2022-02-12,"Australian Capital Territory","ACT",40946,31,872141,40946,8438,51,3,1,1304772
2022-02-12,"New South Wales","NSW",1010764,1660,28184715,1010764,2802,1650,104,47,16442035
2022-02-12,"Northern Territory","NT",29234,9,688675,29234,282,170,2,0,505155
2022-02-12,"Queensland","QLD",346909,368,6678643,346909,2210,538,51,22,9999864
2022-02-12,"South Australia","SA",123208,151,3707814,123208,1980,213,17,4,3581254
2022-02-12,"Tasmania","TAS",16021,23,542421,16021,225,17,1,0,1154850
2022-02-12,"Victoria","VIC",936671,2281,19193507,936671,294076,487,79,20,13793556
2022-02-12,"Western Australia","WA",2186,10,2368012,2186,1257,0,0,0,5430979
2022-02-13,"Australian Capital Territory","ACT",41380,31,873846,41380,8438,50,4,2,1308021
2022-02-13,"New South Wales","NSW",1017339,1682,28211485,1017339,2802,1614,93,42,16466130
2022-02-13,"Northern Territory","NT",29815,10,689777,29815,282,164,1,0,505990
2022-02-13,"Queensland","QLD",352092,372,6703478,352092,2210,496,45,20,10014812
2022-02-13,"South Australia","SA",124424,153,3715758,124424,1980,211,17,5,3589175
2022-02-13,"Tasmania","TAS",16141,23,543391,16141,225,10,1,0,1157078
2022-02-13,"Victoria","VIC",943668,2299,19212685,943668,294076,465,62,17,13829079
2022-02-13,"Western Australia","WA",2253,10,2368012,2253,1257,0,0,0,5451250
2022-02-14,"Australian Capital Territory","ACT",41728,31,874930,41728,8438,51,4,2,1309479
2022-02-14,"New South Wales","NSW",1023487,1696,28235519,1023487,2802,1649,100,47,16475815
2022-02-14,"Northern Territory","NT",30582,10,690701,30582,282,164,1,0,506506
2022-02-14,"Queensland","QLD",353399,378,6709383,353399,2210,514,41,20,10022264
2022-02-14,"South Australia","SA",125570,156,3722606,125570,1980,214,18,5,3592817
2022-02-14,"Tasmania","TAS",16249,23,544164,16249,225,12,1,0,1157261
2022-02-14,"Victoria","VIC",950524,2301,19227531,950524,294076,465,66,18,13845857
2022-02-14,"Western Australia","WA",2325,10,2385590,2325,1257,0,0,0,5461423
2022-02-15,"Australian Capital Territory","ACT",42163,31,876607,42163,8438,49,4,2,1317649
2022-02-15,"New South Wales","NSW",1031634,1712,28252170,1031634,2802,1583,96,47,16522419
2022-02-15,"Northern Territory","NT",31639,10,691620,31639,282,156,1,0,508048
2022-02-15,"Queensland","QLD",354992,388,6715904,354992,2210,491,35,20,10047460
2022-02-15,"South Australia","SA",126811,160,3729458,126811,1980,219,18,5,3603286
2022-02-15,"Tasmania","TAS",36027,23,545058,36027,225,10,1,0,1160861
2022-02-15,"Victoria","VIC",958482,2321,19243677,958482,294076,441,67,14,13893050
2022-02-15,"Western Australia","WA",2383,10,2393641,2383,1257,0,0,0,5488927
2022-02-16,"Australian Capital Territory","ACT",42720,31,878504,42720,8438,48,3,2,1318453
2022-02-16,"New South Wales","NSW",1042028,1739,28295745,1042028,2802,1478,92,46,16565759
2022-02-16,"Northern Territory","NT",22677,13,693794,22677,282,143,1,0,509575
2022-02-16,"Queensland","QLD",358147,400,6726629,358147,2210,432,38,20,10075153
2022-02-16,"South Australia","SA",128503,164,3739715,128503,1980,227,19,5,3614342
2022-02-16,"Tasmania","TAS",11985,23,546352,11985,225,13,2,0,1165057
2022-02-16,"Victoria","VIC",966482,2339,19266955,966482,294076,397,68,13,13936359
2022-02-16,"Western Australia","WA",2509,10,2403413,2509,1257,0,0,0,5514070
2022-02-17,"Australian Capital Territory","ACT",43246,32,880256,43246,8438,47,3,2,1329896
2022-02-17,"New South Wales","NSW",1051937,1753,28340061,1051937,2802,1447,92,47,16604324
2022-02-17,"Northern Territory","NT",33563,13,694928,33563,282,137,1,0,510950
2022-02-17,"Queensland","QLD",360602,439,6741755,360602,2210,408,35,20,10101266
2022-02-17,"South Australia","SA",130020,167,3748797,130020,1980,221,13,2,3625447
2022-02-17,"Tasmania","TAS",37325,23,548005,37325,225,16,2,0,1169361
2022-02-17,"Victoria","VIC",974792,2348,19290638,974792,294076,401,78,16,13978570
2022-02-17,"Western Australia","WA",2693,10,2411925,2693,1257,0,0,0,5539225
2022-02-18,"Australian Capital Territory","ACT",43768,33,882388,43768,8438,45,2,1,1334828
2022-02-18,"New South Wales","NSW",1061146,1768,28375561,1061146,2802,1381,92,44,16643523
2022-02-18,"Northern Territory","NT",34504,14,696678,34504,282,127,1,0,512519
2022-02-18,"Queensland","QLD",363099,448,6753527,363099,2210,408,34,20,10126818
2022-02-18,"South Australia","SA",131612,167,3757818,131612,1980,177,13,2,3636478
2022-02-18,"Tasmania","TAS",37953,23,549217,37953,225,11,2,0,1172310
2022-02-18,"Victoria","VIC",981580,2362,19309157,981580,294076,379,64,17,14018105
2022-02-18,"Western Australia","WA",2892,10,2421902,2892,1257,0,0,0,5566178
2022-02-19,"Australian Capital Territory","ACT",44100,33,884657,44100,8438,40,2,1,1339166
2022-02-19,"New South Wales","NSW",1068671,1780,28405579,1068671,2802,1297,81,40,16685205
2022-02-19,"Northern Territory","NT",35321,14,698043,35321,282,127,2,0,514221
2022-02-19,"Queensland","QLD",365194,458,6763418,365194,2210,414,36,20,10152271
2022-02-19,"South Australia","SA",133034,169,3766685,133034,1980,182,12,4,3646601
2022-02-19,"Tasmania","TAS",38534,24,550255,38534,225,12,2,0,1177379
2022-02-19,"Victoria","VIC",987729,2382,19327504,987729,294076,365,55,13,14060051
2022-02-19,"Western Australia","WA",3136,10,2429225,3136,1257,0,0,0,5592675
2022-02-20,"Australian Capital Territory","ACT",44651,33,885916,44651,8438,35,1,1,1342119
2022-02-20,"New South Wales","NSW",1074210,1801,28428916,1074210,2802,1280,77,35,16703369
2022-02-20,"Northern Territory","NT",35782,15,699074,35782,282,132,2,0,514924
2022-02-20,"Queensland","QLD",367287,460,6772839,367287,2210,386,38,20,10164437
2022-02-20,"South Australia","SA",134236,169,3774467,134236,1980,190,13,4,3653144
2022-02-20,"Tasmania","TAS",39063,24,551342,39063,225,9,2,0,1179390
2022-02-20,"Victoria","VIC",992430,2391,19344636,992430,294076,358,51,12,14086267
2022-02-20,"Western Australia","WA",3358,10,2434828,3358,1257,2,0,0,5611948
2022-02-21,"Australian Capital Territory","ACT",45086,34,887301,45086,8438,37,1,1,1343751
2022-02-21,"New South Wales","NSW",1079070,1808,28443932,1079070,2802,1288,74,33,16710693
2022-02-21,"Northern Territory","NT",36270,15,699976,36270,282,123,3,0,515340
2022-02-21,"Queensland","QLD",368795,466,6778594,368795,2210,401,37,20,10169506
2022-02-21,"South Australia","SA",135548,169,3781556,135548,1980,190,13,3,3656142
2022-02-21,"Tasmania","TAS",39631,24,552030,39631,225,10,2,0,1179529
2022-02-21,"Victoria","VIC",997897,2394,19355856,997897,294076,361,49,11,14100573
2022-02-21,"Western Australia","WA",3572,10,2443492,3572,1257,6,0,0,5621683
2022-02-22,"Australian Capital Territory","ACT",45662,34,888830,45662,8438,41,1,1,1351086
2022-02-22,"New South Wales","NSW",1087737,1822,28480054,1087737,2802,1293,71,31,16745287
2022-02-22,"Northern Territory","NT",36282,16,701207,36282,282,123,3,0,516478
2022-02-22,"Queensland","QLD",370287,471,6783901,370287,2210,394,34,11,10190484
2022-02-22,"South Australia","SA",137087,172,3790363,137087,1980,205,12,3,3665469
2022-02-22,"Tasmania","TAS",40451,24,553321,40451,225,11,2,0,1184854
2022-02-22,"Victoria","VIC",1004555,2408,19371231,1004555,294076,345,48,8,14137666
2022-02-22,"Western Australia","WA",3572,10,2456037,3572,1257,3,0,0,5647860
2022-02-23,"Australian Capital Territory","ACT",46591,34,891348,46591,8438,40,2,0,1355753
2022-02-23,"New South Wales","NSW",1096649,1828,28516047,1096649,2802,1246,69,29,16779010
2022-02-23,"Northern Territory","NT",37538,16,702796,37538,282,131,4,0,517595
2022-02-23,"Queensland","QLD",372898,508,6796461,372898,2210,379,35,11,10213833
2022-02-23,"South Australia","SA",139136,172,3800961,139136,1980,192,14,3,3674724
2022-02-23,"Tasmania","TAS",41292,24,554696,41292,225,10,2,0,1187783
2022-02-23,"Victoria","VIC",1011363,2426,19394127,1011363,294076,319,46,8,14171827
2022-02-23,"Western Australia","WA",4452,10,2469211,4452,1257,5,0,0,5672159
2022-02-24,"Australian Capital Territory","ACT",47247,34,893862,47247,8438,41,3,0,1360119
2022-02-24,"New South Wales","NSW",1104868,1840,28553702,1104868,2802,1211,59,27,16808928
2022-02-24,"Northern Territory","NT",38280,19,703362,38280,282,108,7,0,518806
2022-02-24,"Queensland","QLD",375446,516,6807988,375446,2210,334,30,11,10234482
2022-02-24,"South Australia","SA",141055,175,3802642,141055,1980,151,13,4,3684224
2022-02-24,"Tasmania","TAS",42145,24,555899,42145,225,12,2,0,1190979
2022-02-24,"Victoria","VIC",1017977,2442,19415349,1017977,294076,322,43,5,14203296
2022-02-24,"Western Australia","WA",5164,10,2482375,5164,1257,7,2,0,5696885
2022-02-25,"Australian Capital Territory","ACT",48187,34,896116,48187,8438,41,3,0,1364253
2022-02-25,"New South Wales","NSW",1112348,1846,28585420,1112348,2802,1144,64,28,16838450
2022-02-25,"Northern Territory","NT",38927,21,704837,38927,282,101,7,0,520042
2022-02-25,"Queensland","QLD",377688,523,6817601,377688,2210,350,30,11,10254894
2022-02-25,"South Australia","SA",142901,177,3824500,142901,1980,112,13,4,3693351
2022-02-25,"Tasmania","TAS",42973,25,557045,42973,225,11,2,0,1194269
2022-02-25,"Victoria","VIC",1024401,2453,19434412,1024401,294076,301,38,4,14235238
2022-02-25,"Western Australia","WA",6195,10,2495797,6195,1257,12,2,0,5721919
2022-02-26,"Australian Capital Territory","ACT",48670,34,898010,48670,8438,41,2,0,1368014
2022-02-26,"New South Wales","NSW",1119317,1857,28612535,1119317,2802,1130,59,24,16870085
2022-02-26,"Northern Territory","NT",39532,22,706126,39532,282,98,7,0,521234
2022-02-26,"Queensland","QLD",379501,531,6826171,379501,2210,341,25,11,10273198
2022-02-26,"South Australia","SA",144789,177,3834769,144789,1980,109,12,4,3702037
2022-02-26,"Tasmania","TAS",43771,25,558350,43771,225,10,2,0,1197159
2022-02-26,"Victoria","VIC",1030026,2468,19452040,1030026,294076,281,43,5,14266133
2022-02-26,"Western Australia","WA",7252,10,2506388,7252,1257,15,0,0,5747663
2022-02-27,"Australian Capital Territory","ACT",49088,34,899965,49088,8438,43,2,0,1370393
2022-02-27,"New South Wales","NSW",1125301,1864,28638739,1125301,2802,1146,58,21,16884423
2022-02-27,"Northern Territory","NT",39878,22,709761,39878,282,101,6,0,521832
2022-02-27,"Queensland","QLD",380917,532,6832604,380917,2210,295,24,11,10280893
2022-02-27,"South Australia","SA",146341,179,3843741,146341,1980,114,11,2,3707513
2022-02-27,"Tasmania","TAS",44447,25,559253,44447,225,9,2,0,1198604
2022-02-27,"Victoria","VIC",1034951,2485,19468005,1034951,294076,274,38,5,14284567
2022-02-27,"Western Australia","WA",8250,10,2513145,8250,1257,13,0,0,5764500
2022-02-28,"Australian Capital Territory","ACT",49541,35,901577,49541,8438,44,0,0,1371266
2022-02-28,"New South Wales","NSW",1131123,1870,28658490,1131123,2802,1136,55,16,16890143
2022-02-28,"Northern Territory","NT",40268,22,710823,40268,282,96,4,0,522025
2022-02-28,"Queensland","QLD",381739,533,6836070,381739,2210,311,25,11,10283337
2022-02-28,"South Australia","SA",147871,180,3851083,147871,1980,109,10,2,3710016
2022-02-28,"Tasmania","TAS",45156,25,560057,45156,225,11,0,0,1199640
2022-02-28,"Victoria","VIC",1040760,2488,19481752,1040760,294076,283,42,7,14293590
2022-02-28,"Western Australia","WA",9364,10,2523730,9364,1257,13,0,0,5773566
2022-03-01,"Australian Capital Territory","ACT",50214,35,903545,50214,8438,45,0,0,1377002
2022-03-01,"New South Wales","NSW",1139946,1879,28681852,1139946,2802,1098,49,18,16917392
2022-03-01,"Northern Territory","NT",40824,24,712544,40824,282,86,4,0,523014
2022-03-01,"Queensland","QLD",382355,543,6838188,382355,2210,316,26,11,10294100
2022-03-01,"South Australia","SA",149704,182,3861111,149704,1980,111,9,2,3717773
2022-03-01,"Tasmania","TAS",46104,25,561211,46104,225,13,2,0,1202059
2022-03-01,"Victoria","VIC",1047417,2506,19495293,1047417,294076,255,41,5,14318949
2022-03-01,"Western Australia","WA",10459,10,2539623,10459,1257,16,0,0,5796726
2022-03-02,"Australian Capital Territory","ACT",51244,35,906541,51244,8438,40,0,0,1381247
2022-03-02,"New South Wales","NSW",1150562,1884,28716945,1150562,2802,1072,45,19,16939829
2022-03-02,"Northern Territory","NT",41443,26,713771,41443,282,76,2,0,524047
2022-03-02,"Queensland","QLD",383553,567,6842695,383553,2210,312,26,6,10307371
2022-03-02,"South Australia","SA",151934,184,3873259,151934,1980,112,9,1,3724249
2022-03-02,"Tasmania","TAS",46969,25,562494,46969,225,12,2,0,1203816
2022-03-02,"Victoria","VIC",1054422,2534,19518627,1054422,294076,264,37,5,14340743
2022-03-02,"Western Australia","WA",12198,10,2557189,12198,1257,16,0,0,5817118
2022-03-03,"Australian Capital Territory","ACT",51916,35,908915,51916,8438,39,2,0,1384223
2022-03-03,"New South Wales","NSW",1161847,1893,28747133,1161847,2802,1035,43,17,16960666
2022-03-03,"Northern Territory","NT",41998,29,714749,41998,282,48,2,0,525137
2022-03-03,"Queensland","QLD",386380,573,6853231,386380,2210,315,26,6,10320475
2022-03-03,"South Australia","SA",154481,189,3885185,154481,1980,104,9,1,3731083
2022-03-03,"Tasmania","TAS",48080,25,563672,48080,225,12,3,0,1206558
2022-03-03,"Victoria","VIC",1061413,2557,19538190,1061413,294076,262,33,5,14360920
2022-03-03,"Western Australia","WA",14591,11,2575382,14591,1257,22,0,0,5836908
2022-03-04,"Australian Capital Territory","ACT",52944,35,912180,52944,8438,35,2,1,1386856
2022-03-04,"New South Wales","NSW",1171277,1895,28778326,1171277,2802,1000,42,18,16981855
2022-03-04,"Northern Territory","NT",42569,30,716327,42569,282,48,2,0,526457
2022-03-04,"Queensland","QLD",388686,580,6861490,388686,2210,284,25,6,10333457
2022-03-04,"South Australia","SA",156703,191,3896083,156703,1980,106,9,1,3737344
2022-03-04,"Tasmania","TAS",49012,25,565004,49012,225,14,4,0,1209441
2022-03-04,"Victoria","VIC",1067863,2583,19557576,1067863,294076,245,28,7,14381562
2022-03-04,"Western Australia","WA",16684,11,2591556,16684,1257,21,0,0,5856442
2022-03-05,"Australian Capital Territory","ACT",53607,35,914674,53607,8438,39,2,1,1389483
2022-03-05,"New South Wales","NSW",1181247,1905,28808745,1181247,2802,995,45,18,17005277
2022-03-05,"Northern Territory","NT",42967,31,717745,42967,282,48,2,0,527618
2022-03-05,"Queensland","QLD",390178,592,6868714,390178,2210,276,21,6,10347759
2022-03-05,"South Australia","SA",158707,191,3907123,158707,1980,100,10,2,3743903
2022-03-05,"Tasmania","TAS",49949,26,566177,49949,225,16,4,0,1211769
2022-03-05,"Victoria","VIC",1073519,2611,19570868,1073519,294076,250,28,8,14403267
2022-03-05,"Western Australia","WA",18933,11,2604842,18933,1257,28,0,0,5876507
2022-03-06,"Australian Capital Territory","ACT",54149,35,916774,54149,8438,36,2,1,1391147
2022-03-06,"New South Wales","NSW",1190007,1910,28838850,1190007,2802,1009,43,16,17017041
2022-03-06,"Northern Territory","NT",43194,31,718773,43194,282,54,2,0,528150
2022-03-06,"Queensland","QLD",391016,594,6871530,391016,2210,265,22,6,10354498
2022-03-06,"South Australia","SA",160520,193,3917010,160520,1980,103,12,2,3747785
2022-03-06,"Tasmania","TAS",50705,26,567176,50705,225,18,5,0,1212832
2022-03-06,"Victoria","VIC",1078462,2615,19586019,1078462,294076,219,27,7,14417796
2022-03-06,"Western Australia","WA",21179,11,2612795,21179,1257,33,0,0,5888223
2022-03-07,"Australian Capital Territory","ACT",54683,35,918568,54683,8438,39,2,1,1392034
2022-03-07,"New South Wales","NSW",1198992,1915,28864144,1198992,2802,1066,43,15,17021406
2022-03-07,"Northern Territory","NT",43429,32,719479,43429,282,47,3,0,528356
2022-03-07,"Queensland","QLD",392329,595,6878049,392329,2210,267,20,6,10358189
2022-03-07,"South Australia","SA",162307,216,3925159,162307,1980,106,15,2,3749625
2022-03-07,"Tasmania","TAS",51484,26,567956,51484,225,21,5,0,1212965
2022-03-07,"Victoria","VIC",1084018,2617,19598972,1084018,294076,227,29,7,14424387
2022-03-07,"Western Australia","WA",23519,12,2621623,23519,1257,36,0,0,5893449
2022-03-08,"Australian Capital Territory","ACT",55231,35,920303,55231,8438,43,2,2,1394935
2022-03-08,"New South Wales","NSW",1211989,1920,28885562,1211989,2802,1070,43,16,17045294
2022-03-08,"Northern Territory","NT",43865,33,720602,43865,282,45,1,0,529424
2022-03-08,"Queensland","QLD",393563,600,6882484,393563,2210,268,20,5,10372369
2022-03-08,"South Australia","SA",164675,216,3935482,164675,1980,97,13,2,3756037
2022-03-08,"Tasmania","TAS",52526,26,569147,52526,225,14,4,0,1217181
2022-03-08,"Victoria","VIC",1091012,2623,19613443,1091012,294076,203,29,4,14446870
2022-03-08,"Western Australia","WA",26329,12,2638425,26329,1257,48,0,0,5897130
2022-03-09,"Australian Capital Territory","ACT",56474,35,923986,56474,8438,37,2,1,1398277
2022-03-09,"New South Wales","NSW",1225133,1929,28918288,1225133,2802,1038,39,16,17067193
2022-03-09,"Northern Territory","NT",43986,33,722068,43986,282,33,1,0,530558
2022-03-09,"Queensland","QLD",395386,613,6890281,395386,2210,262,19,5,10388719
2022-03-09,"South Australia","SA",167466,219,3948516,167466,1980,90,15,2,3762264
2022-03-09,"Tasmania","TAS",53645,26,570536,53645,225,14,4,0,1219465
2022-03-09,"Victoria","VIC",1097997,2632,19633556,1097997,294076,196,32,3,14468674
2022-03-09,"Western Australia","WA",29839,12,2658216,29839,1257,67,0,0,5914617
2022-03-10,"Australian Capital Territory","ACT",57278,35,926214,57278,8438,37,2,1,1401592
2022-03-10,"New South Wales","NSW",1241363,1933,28962875,1241363,2802,991,39,14,17090704
2022-03-10,"Northern Territory","NT",44240,34,724211,44240,282,33,2,0,531867
2022-03-10,"Queensland","QLD",396978,618,6898236,396978,2210,252,17,5,10404326
2022-03-10,"South Australia","SA",170346,223,3960758,170346,1980,91,11,2,3768809
2022-03-10,"Tasmania","TAS",54812,26,571626,54812,225,16,5,0,1221574
2022-03-10,"Victoria","VIC",1105640,2640,19653136,1105640,294076,188,32,3,14491310
2022-03-10,"Western Australia","WA",34250,12,2676646,34250,1257,80,3,0,5930975
2022-03-11,"Australian Capital Territory","ACT",58021,38,929355,58021,8438,31,1,1,1404769
2022-03-11,"New South Wales","NSW",1255335,1940,29001059,1255335,2802,998,39,15,17114909
2022-03-11,"Northern Territory","NT",44484,35,725418,44484,282,29,1,0,533295
2022-03-11,"Queensland","QLD",398456,626,6904940,398456,2210,250,16,5,10421686
2022-03-11,"South Australia","SA",173096,224,3972606,173096,1980,88,10,2,3775424
2022-03-11,"Tasmania","TAS",55939,26,572696,55939,225,16,4,0,1224162
2022-03-11,"Victoria","VIC",1112363,2650,19671659,1112363,294076,185,27,3,14514103
2022-03-11,"Western Australia","WA",39227,12,2692347,39227,1257,92,3,0,5945723
2022-03-12,"Australian Capital Territory","ACT",58687,38,931858,58687,8438,30,1,1,1409850
2022-03-12,"New South Wales","NSW",1268153,1944,29034553,1268153,2802,996,40,15,17143966
2022-03-12,"Northern Territory","NT",44711,35,726790,44711,282,23,1,0,534850
2022-03-12,"Queensland","QLD",399874,632,6911014,399874,2210,247,15,4,10439876
2022-03-12,"South Australia","SA",175679,225,3984377,175679,1980,98,9,1,3782941
2022-03-12,"Tasmania","TAS",57066,26,574132,57066,225,14,4,0,1226524
2022-03-12,"Victoria","VIC",1118305,2661,19688532,1118305,294076,175,22,4,14541141
2022-03-12,"Western Australia","WA",43474,12,2703866,43474,1257,102,5,0,5962859
2022-03-13,"Australian Capital Territory","ACT",59305,38,933472,59305,8438,29,1,1,1411276
2022-03-13,"New South Wales","NSW",1281223,1951,29077696,1281223,2802,965,44,20,17163054
2022-03-13,"Northern Territory","NT",44862,35,727924,44862,282,26,2,0,535432
2022-03-13,"Queensland","QLD",401400,635,6916785,401400,2210,243,17,1,10453072
2022-03-13,"South Australia","SA",177881,226,3994096,177881,1980,108,10,1,3788224
2022-03-13,"Tasmania","TAS",57995,26,574814,57995,225,14,4,0,1228045
2022-03-13,"Victoria","VIC",1123413,2665,19702832,1123413,294076,195,25,8,14560832
2022-03-13,"Western Australia","WA",46986,13,2713088,46986,1257,122,5,0,5974586
2022-03-14,"Australian Capital Territory","ACT",59881,38,935219,59881,8438,38,3,0,1413058
2022-03-14,"New South Wales","NSW",1290113,1952,29108697,1290113,2802,1005,47,15,17169584
2022-03-14,"Northern Territory","NT",45059,35,728538,45059,282,26,2,0,535792
2022-03-14,"Queensland","QLD",402479,637,6920359,402479,2210,233,19,1,10460185
2022-03-14,"South Australia","SA",180412,226,4002622,180412,1980,113,10,1,3791145
2022-03-14,"Tasmania","TAS",58913,26,575361,58913,225,13,3,0,1230262
2022-03-14,"Victoria","VIC",1128832,2666,19713410,1128832,294076,198,25,7,14569656
2022-03-14,"Western Australia","WA",51081,13,2726146,51081,1257,101,3,0,5979433
2022-03-15,"Australian Capital Territory","ACT",60654,39,937262,60654,8438,40,4,0,1415075
2022-03-15,"New South Wales","NSW",1300770,1958,29139497,1300770,2802,1032,38,19,17197852
2022-03-15,"Northern Territory","NT",45348,35,729448,45348,282,31,2,0,536860
2022-03-15,"Queensland","QLD",403639,647,6924344,403639,2210,246,19,1,10475462
2022-03-15,"South Australia","SA",183191,229,4011171,183191,1980,129,10,1,3793357
2022-03-15,"Tasmania","TAS",60285,26,576345,60285,225,14,3,0,1232234
2022-03-15,"Victoria","VIC",1136213,2670,19725282,1136213,294076,197,24,6,14577349
2022-03-15,"Western Australia","WA",56309,14,2744560,56309,1257,112,5,0,5995350
2022-03-16,"Australian Capital Territory","ACT",61857,39,940102,61857,8438,39,4,0,1418454
2022-03-16,"New South Wales","NSW",1331155,1963,29188484,1331155,2802,1016,36,15,17222728
2022-03-16,"Northern Territory","NT",45469,35,730983,45469,282,24,2,0,538098
2022-03-16,"Queensland","QLD",633972,655,6931324,633972,2210,255,21,1,10492368
2022-03-16,"South Australia","SA",186743,229,4021340,186743,1980,136,10,2,3801183
2022-03-16,"Tasmania","TAS",62187,27,577805,62187,225,18,2,0,1235496
2022-03-16,"Victoria","VIC",1145594,2678,19739595,1145594,294076,201,24,6,14602472
2022-03-16,"Western Australia","WA",62354,15,2760296,62354,1257,123,6,0,6010237
2022-03-17,"Australian Capital Territory","ACT",63148,39,943506,63148,8438,39,3,1,1422379
2022-03-17,"New South Wales","NSW",1351197,1968,29235979,1351197,2802,1036,34,17,17249310
2022-03-17,"Northern Territory","NT",45690,35,731800,45690,282,23,2,0,539356
2022-03-17,"Queensland","QLD",640104,665,6941102,640104,2210,263,19,1,10508548
2022-03-17,"South Australia","SA",191573,232,4036511,191573,1980,132,8,3,3808386
2022-03-17,"Tasmania","TAS",64093,27,579234,64093,225,25,3,0,1237866
2022-03-17,"Victoria","VIC",1155302,2685,19762609,1155302,294076,197,23,4,14625205
2022-03-17,"Western Australia","WA",69465,16,2780227,69465,1257,140,4,0,6024151
2022-03-18,"Australian Capital Territory","ACT",64219,39,946433,64219,8438,37,4,1,1425372
2022-03-18,"New South Wales","NSW",1371165,1974,29273985,1371165,2802,1060,32,15,17275711
2022-03-18,"Northern Territory","NT",45830,35,732825,45830,282,21,1,0,540763
2022-03-18,"Queensland","QLD",647290,676,6948462,647290,2210,245,20,1,10525198
2022-03-18,"South Australia","SA",196308,235,4050035,196308,1980,136,5,3,3815495
2022-03-18,"Tasmania","TAS",65938,27,580758,65938,225,23,3,0,1240154
2022-03-18,"Victoria","VIC",1164063,2694,19783260,1164063,294076,199,23,5,14646824
2022-03-18,"Western Australia","WA",75600,16,2796502,75600,1257,134,4,0,6038505
2022-03-19,"Australian Capital Territory","ACT",65281,39,949766,65281,8438,34,2,1,1428498
2022-03-19,"New South Wales","NSW",1390158,1986,29321601,1390158,2802,1090,29,13,17305381
2022-03-19,"Northern Territory","NT",46037,35,733655,46037,282,16,1,0,541969
2022-03-19,"Queensland","QLD",653383,686,6958273,653383,2210,235,18,1,10543243
2022-03-19,"South Australia","SA",200353,235,4063714,200353,1980,147,7,3,3822813
2022-03-19,"Tasmania","TAS",67437,27,582631,67437,225,24,2,0,1242880
2022-03-19,"Victoria","VIC",1171736,2696,19801658,1171736,294076,210,23,5,14671403
2022-03-19,"Western Australia","WA",81395,20,2810546,81395,1257,147,3,0,6052731
2022-03-20,"Australian Capital Territory","ACT",66273,39,952194,66273,8438,38,4,1,1430113
2022-03-20,"New South Wales","NSW",1406915,1990,29374198,1406915,2802,1124,33,15,17323548
2022-03-20,"Northern Territory","NT",46188,35,734057,46188,282,15,1,0,542634
2022-03-20,"Queensland","QLD",660484,686,6965217,660484,2210,228,17,1,10555483
2022-03-20,"South Australia","SA",203881,238,4075540,203881,1980,148,7,3,3828992
2022-03-20,"Tasmania","TAS",68577,27,583824,68577,225,20,2,0,1244298
2022-03-20,"Victoria","VIC",1178237,2696,19818623,1178237,294076,215,21,6,14691758
2022-03-20,"Western Australia","WA",86991,22,2821207,86991,1257,155,3,0,6063269
2022-03-21,"Australian Capital Territory","ACT",67243,39,954441,67243,8438,39,4,0,1432090
2022-03-21,"New South Wales","NSW",1421842,1994,29408046,1421842,2802,1163,34,15,17331174
2022-03-21,"Northern Territory","NT",46360,35,734798,46360,282,16,0,0,543035
2022-03-21,"Queensland","QLD",666182,688,6970877,666182,2210,243,14,1,10561241
2022-03-21,"South Australia","SA",207490,238,4085713,207490,1980,150,9,2,3832455
2022-03-21,"Tasmania","TAS",69755,27,584769,69755,225,24,2,0,1246392
2022-03-21,"Victoria","VIC",1185646,2696,19831384,1185646,294076,248,20,5,14702408
2022-03-21,"Western Australia","WA",92431,22,2836830,92431,1257,163,4,0,6067846
2022-03-22,"Australian Capital Territory","ACT",68169,39,956038,68169,8438,38,3,1,1435082
2022-03-22,"New South Wales","NSW",1442735,1998,29438118,1442735,2802,1177,41,13,17356277
2022-03-22,"Northern Territory","NT",46676,36,735521,46676,282,14,1,0,543991
2022-03-22,"Queensland","QLD",672275,697,6977889,672275,2210,252,9,1,10575577
2022-03-22,"South Australia","SA",211753,242,4097390,211753,1980,165,11,2,3838774
2022-03-22,"Tasmania","TAS",71590,28,585983,71590,225,25,2,0,1249814
2022-03-22,"Victoria","VIC",1195179,2703,19799696,1195179,294076,256,24,5,14707068
2022-03-22,"Western Australia","WA",99468,23,2855840,99468,1257,180,6,0,6080341
2022-03-23,"Australian Capital Territory","ACT",69419,39,960164,69419,8438,42,3,1,1438292
2022-03-23,"New South Wales","NSW",1466800,2003,29497056,1466800,2802,1162,44,13,17380393
2022-03-23,"Northern Territory","NT",46980,36,736391,46980,282,18,1,0,544921
2022-03-23,"Queensland","QLD",681130,704,6990545,681130,2210,252,7,1,10591278
2022-03-23,"South Australia","SA",216878,244,4112982,216878,1980,161,8,1,3844641
2022-03-23,"Tasmania","TAS",73572,28,587958,73572,225,32,0,0,1252101
2022-03-23,"Victoria","VIC",1205520,2714,19831384,1205520,294076,243,23,4,14745376
2022-03-23,"Western Australia","WA",107872,24,2876300,107872,1257,194,9,0,6092037
2022-03-24,"Australian Capital Territory","ACT",70659,39,963829,70659,8438,42,3,1,1441240
2022-03-24,"New South Wales","NSW",1491562,2011,29541462,1491562,2802,1180,43,13,17399288
2022-03-24,"Northern Territory","NT",47344,37,737037,47344,282,18,1,0,546050
2022-03-24,"Queensland","QLD",691564,710,7005025,691564,2210,271,11,1,10604699
2022-03-24,"South Australia","SA",222149,246,4129610,222149,1980,157,10,1,3850003
2022-03-24,"Tasmania","TAS",75575,29,590037,75575,225,28,0,0,1254558
2022-03-24,"Victoria","VIC",1215677,2725,19842436,1215677,294076,244,25,2,14763092
2022-03-24,"Western Australia","WA",116423,31,2897196,116423,1257,209,9,0,6102986
2022-03-25,"Australian Capital Territory","ACT",71683,40,967052,71683,8438,42,3,0,1443877
2022-03-25,"New South Wales","NSW",1515164,2018,29598206,1515164,2802,1182,43,15,17421878
2022-03-25,"Northern Territory","NT",47660,37,738112,47660,282,20,1,0,547220
2022-03-25,"Queensland","QLD",702561,713,7018859,702561,2210,265,14,1,10619356
2022-03-25,"South Australia","SA",227182,250,4146281,227182,1980,157,6,1,3856412
2022-03-25,"Tasmania","TAS",77349,29,591527,77349,225,24,0,0,1256404
2022-03-25,"Victoria","VIC",1224825,2734,19860220,1224825,294076,253,19,4,14782681
2022-03-25,"Western Australia","WA",124525,33,2916003,124525,1257,209,10,0,6114560
2022-03-26,"Australian Capital Territory","ACT",72571,40,970109,72571,8438,42,3,0,1446665
2022-03-26,"New South Wales","NSW",1534948,2022,29649365,1534948,2802,1177,44,15,17447023
2022-03-26,"Northern Territory","NT",47945,37,738880,47945,282,22,2,0,548282
2022-03-26,"Queensland","QLD",712260,722,7031844,712260,2210,295,19,1,10635154
2022-03-26,"South Australia","SA",231536,257,4160608,231536,1980,151,5,1,3862928
2022-03-26,"Tasmania","TAS",79040,29,593473,79040,225,28,1,0,1258586
2022-03-26,"Victoria","VIC",1233052,2743,19877518,1233052,294076,250,18,4,14804353
2022-03-26,"Western Australia","WA",131952,35,2932032,131952,1257,194,8,0,6125923
2022-03-27,"Australian Capital Territory","ACT",73344,40,972364,73344,8438,45,3,0,1448769
2022-03-27,"New South Wales","NSW",1552368,2023,29701401,1552368,2802,1171,47,18,17462701
2022-03-27,"Northern Territory","NT",48226,37,739358,48226,282,14,3,0,548875
2022-03-27,"Queensland","QLD",721628,723,7049419,721628,2210,284,13,1,10645385
2022-03-27,"South Australia","SA",235808,257,4174300,235808,1980,158,6,2,3868100
2022-03-27,"Tasmania","TAS",80521,29,594528,80521,225,29,1,0,1259450
2022-03-27,"Victoria","VIC",1240399,2748,19894888,1240399,294076,260,19,4,14821939
2022-03-27,"Western Australia","WA",139123,39,2943318,139123,1257,215,10,0,6134517
2022-03-28,"Australian Capital Territory","ACT",74017,40,974628,74017,8438,46,4,0,1450059
2022-03-28,"New South Wales","NSW",1568484,2026,29750882,1568484,2802,1270,55,17,17469205
2022-03-28,"Northern Territory","NT",48505,37,739827,48505,282,16,3,0,549207
2022-03-28,"Queensland","QLD",729336,723,7062871,729336,2210,299,14,1,10650459
2022-03-28,"South Australia","SA",240617,260,4186303,240617,1980,181,7,2,3871053
2022-03-28,"Tasmania","TAS",82222,29,595728,82222,225,27,1,0,1261625
2022-03-28,"Victoria","VIC",1248045,2748,19909041,1248045,294076,252,21,6,14830329
2022-03-28,"Western Australia","WA",146070,39,2958936,146070,1257,210,9,0,6138216
2022-03-29,"Australian Capital Territory","ACT",75421,40,978035,75421,8438,49,4,0,1452615
2022-03-29,"New South Wales","NSW",1589941,2035,29785582,1589941,2802,1283,53,18,17490380
2022-03-29,"Northern Territory","NT",48900,37,740830,48900,282,12,2,0,550063
2022-03-29,"Queensland","QLD",737136,732,7061537,737136,2210,325,14,2,10663027
2022-03-29,"South Australia","SA",245469,261,4198416,245469,1980,170,7,2,3876458
2022-03-29,"Tasmania","TAS",84542,30,597210,84542,225,22,0,0,1264406
2022-03-29,"Victoria","VIC",1259745,2753,19934391,1259745,294076,284,33,6,14848778
2022-03-29,"Western Australia","WA",154901,45,2980357,154901,1257,219,6,0,6147857
2022-03-30,"Australian Capital Territory","ACT",76537,40,981468,76537,8438,48,5,1,1455289
2022-03-30,"New South Wales","NSW",1615125,2050,29846083,1615125,2802,1301,46,14,17508486
2022-03-30,"Northern Territory","NT",49400,38,741734,49400,282,14,2,0,550931
2022-03-30,"Queensland","QLD",747434,737,7073517,747434,2210,393,15,2,10675454
2022-03-30,"South Australia","SA",251561,263,4214850,251561,1980,180,8,1,3881039
2022-03-30,"Tasmania","TAS",87010,31,599166,87010,225,22,2,0,1266212
2022-03-30,"Victoria","VIC",1271422,2760,19958896,1271422,294076,280,18,5,14864933
2022-03-30,"Western Australia","WA",164614,48,3000727,164614,1257,208,6,0,6157095
2022-03-31,"Australian Capital Territory","ACT",77714,42,984783,77714,8438,47,3,1,1457523
2022-03-31,"New South Wales","NSW",1637192,2067,29897052,1637192,2802,1326,39,16,17525010
2022-03-31,"Northern Territory","NT",49920,39,742499,49920,282,22,2,0,551833
2022-03-31,"Queensland","QLD",758060,742,7087049,758060,2210,362,16,5,10688756
2022-03-31,"South Australia","SA",257567,263,4230153,257567,1980,175,8,1,3885528
2022-03-31,"Tasmania","TAS",89538,31,601509,89538,225,29,2,0,1268332
2022-03-31,"Victoria","VIC",1282623,2764,19982645,1282623,294076,312,14,4,14879325
2022-03-31,"Western Australia","WA",174227,51,3020522,174227,1257,219,7,0,6165748
2022-04-01,"Australian Capital Territory","ACT",78696,43,988380,78696,8438,46,2,1,1459401
2022-04-01,"New South Wales","NSW",1662645,2069,29955528,1662645,2802,1345,43,13,17543146
2022-04-01,"Northern Territory","NT",50377,39,743285,50377,282,19,3,0,552837
2022-04-01,"Queensland","QLD",765308,745,7100393,765308,2210,403,14,5,10701175
2022-04-01,"South Australia","SA",263402,265,4246526,263402,1980,169,7,1,3890232
2022-04-01,"Tasmania","TAS",91622,31,603531,91622,225,30,0,0,1269529
2022-04-01,"Victoria","VIC",1292898,2770,20005579,1292898,294076,310,12,3,14893021
2022-04-01,"Western Australia","WA",182820,53,3036804,182820,1257,211,7,0,6174757
2022-04-02,"Australian Capital Territory","ACT",79515,43,990207,79515,8438,43,2,1,1461448
2022-04-02,"New South Wales","NSW",1682942,2082,29999038,1682942,2802,1302,47,16,17561714
2022-04-02,"Northern Territory","NT",50713,40,743572,50713,282,14,1,0,553994
2022-04-02,"Queensland","QLD",776011,751,7110852,776011,2210,422,15,5,10713115
2022-04-02,"South Australia","SA",268518,267,4261412,268518,1980,184,8,1,3894858
2022-04-02,"Tasmania","TAS",93458,31,606262,93458,225,36,1,0,1271085
2022-04-02,"Victoria","VIC",1301816,2773,20025277,1301816,294076,306,15,2,14906291
2022-04-02,"Western Australia","WA",190502,54,3051590,190502,1257,215,6,0,6183809
2022-04-03,"Australian Capital Territory","ACT",80229,43,992727,80229,8438,41,2,1,1462650
2022-04-03,"New South Wales","NSW",1699684,2093,30041036,1699684,2802,1355,50,19,17572420
2022-04-03,"Northern Territory","NT",51019,40,743640,51019,282,14,1,0,554484
2022-04-03,"Queensland","QLD",785417,751,7122635,785417,2210,418,16,5,10719791
2022-04-03,"South Australia","SA",273233,268,4274119,273233,1980,188,8,0,3898329
2022-04-03,"Tasmania","TAS",95129,31,606548,95129,225,37,1,0,1271303
2022-04-03,"Victoria","VIC",1310669,2775,20044617,1310669,294076,307,18,3,14917506
2022-04-03,"Western Australia","WA",196802,57,3061928,196802,1257,221,7,0,6190581
2022-04-04,"Australian Capital Territory","ACT",80964,43,994781,80964,8438,45,4,2,1463508
2022-04-04,"New South Wales","NSW",1715188,2099,30087665,1715188,2802,1418,56,18,17577002
2022-04-04,"Northern Territory","NT",51323,40,744106,51323,282,14,1,0,554780
2022-04-04,"Queensland","QLD",793885,752,7129269,793885,2210,437,14,5,10723085
2022-04-04,"South Australia","SA",278548,268,4287456,278548,1980,209,8,0,3900179
2022-04-04,"Tasmania","TAS",96847,31,607863,96847,225,40,1,0,1272838
2022-04-04,"Victoria","VIC",1320175,2776,20057243,1320175,294076,305,17,3,14922731
2022-04-04,"Western Australia","WA",202669,63,3076480,202669,1257,231,6,0,6193405
2022-04-05,"Australian Capital Territory","ACT",81821,44,997010,81821,8438,41,5,2,1465869
2022-04-05,"New South Wales","NSW",1734331,2111,30125851,1734331,2802,1467,56,17,17593842
2022-04-05,"Northern Territory","NT",51849,40,746586,51849,282,18,1,0,555507
2022-04-05,"Queensland","QLD",803831,760,7135847,803831,2210,479,15,5,10734566
2022-04-05,"South Australia","SA",284451,272,4300302,284451,1980,206,11,1,3903745
2022-04-05,"Tasmania","TAS",99280,31,609605,99280,225,44,2,0,1274581
2022-04-05,"Victoria","VIC",1331499,2784,20074813,1331499,294076,339,18,4,14935716
2022-04-05,"Western Australia","WA",210729,68,3095583,210729,1257,242,6,0,6201340
2022-04-06,"Australian Capital Territory","ACT",82940,44,1000531,82940,8438,42,4,2,1469708
2022-04-06,"New South Wales","NSW",1758447,2126,30184499,1758447,2802,1444,51,18,17609625
2022-04-06,"Northern Territory","NT",52334,40,747764,52334,282,20,1,0,556247
2022-04-06,"Queensland","QLD",811525,761,7145947,811525,2210,468,14,5,10744969
2022-04-06,"South Australia","SA",290824,274,4317217,290824,1980,208,12,1,3907371
2022-04-06,"Tasmania","TAS",101728,32,612161,101728,225,39,1,0,1275611
2022-04-06,"Victoria","VIC",1342014,2787,20100977,1342014,294076,331,16,4,14947931
2022-04-06,"Western Australia","WA",219165,73,3112129,219165,1257,259,9,0,6208516
2022-04-07,"Australian Capital Territory","ACT",84013,44,1004638,84013,8438,49,3,2,1471533
2022-04-07,"New South Wales","NSW",1780611,2142,30241039,1780611,2802,1437,48,15,17625790
2022-04-07,"Northern Territory","NT",52843,40,748633,52843,282,24,1,0,557123
2022-04-07,"Queensland","QLD",820041,768,7155363,820041,2210,444,17,5,10755928
2022-04-07,"South Australia","SA",297732,277,4334889,297732,1980,210,12,2,3910994
2022-04-07,"Tasmania","TAS",104083,32,613952,104083,225,43,1,0,1276722
2022-04-07,"Victoria","VIC",1354194,2791,20123255,1354194,294076,283,12,2,14960244
2022-04-07,"Western Australia","WA",227121,76,3129905,227121,1257,256,8,0,6215537
2022-04-08,"Australian Capital Territory","ACT",85177,45,1007650,85177,8438,55,3,2,1473486
2022-04-08,"New South Wales","NSW",1800954,2150,30293115,1800954,2802,1435,44,13,17642170
2022-04-08,"Northern Territory","NT",53364,40,749610,53364,282,28,1,0,557976
2022-04-08,"Queensland","QLD",831012,777,7167303,831012,2210,479,15,5,10765741
2022-04-08,"South Australia","SA",304102,283,4352844,304102,1980,202,11,1,3914869
2022-04-08,"Tasmania","TAS",105954,33,615262,105954,225,41,1,0,1278176
2022-04-08,"Victoria","VIC",1364840,2795,20147720,1364840,294076,335,12,3,14971518
2022-04-08,"Western Australia","WA",235090,78,3144416,235090,1257,243,6,0,6223003
2022-04-09,"Australian Capital Territory","ACT",86102,46,1010836,86102,8438,62,3,2,1475465
2022-04-09,"New South Wales","NSW",1818468,2160,30337448,1818468,2802,1437,47,18,17659214
2022-04-09,"Northern Territory","NT",53832,40,750563,53832,282,24,1,0,559026
2022-04-09,"Queensland","QLD",841085,779,7177090,841085,2210,480,16,5,10777032
2022-04-09,"South Australia","SA",309603,284,4367293,309603,1980,201,13,1,3918728
2022-04-09,"Tasmania","TAS",107738,33,617394,107738,225,38,1,0,1279631
2022-04-09,"Victoria","VIC",1372752,2802,20167488,1372752,294076,366,15,3,14983464
2022-04-09,"Western Australia","WA",241465,81,3155873,241465,1257,236,8,0,6230398
2022-04-10,"Australian Capital Territory","ACT",86887,46,1012784,86887,8438,62,3,2,1476466
2022-04-10,"New South Wales","NSW",1834119,2168,30380749,1834119,2802,1492,56,20,17664930
2022-04-10,"Northern Territory","NT",54226,40,751091,54226,282,33,1,0,559521
2022-04-10,"Queensland","QLD",849753,780,7185794,849753,2210,500,15,5,10781515
2022-04-10,"South Australia","SA",314508,285,4379827,314508,1980,222,11,2,3921213
2022-04-10,"Tasmania","TAS",109089,34,618706,109089,225,42,1,0,1279775
2022-04-10,"Victoria","VIC",1382188,2803,20187219,1382188,294076,356,16,1,14991169
2022-04-10,"Western Australia","WA",246776,83,3164473,246776,1257,234,10,0,6234485
2022-04-11,"Australian Capital Territory","ACT",87634,47,1014829,87634,8438,62,2,2,1477270
2022-04-11,"New South Wales","NSW",1847530,2171,30413027,1847530,2802,1568,62,22,17667708
2022-04-11,"Northern Territory","NT",54601,40,751662,54601,282,31,1,0,559746
2022-04-11,"Queensland","QLD",856879,780,7193027,856879,2210,518,14,5,10783788
2022-04-11,"South Australia","SA",320753,285,4391496,320753,1980,236,13,2,3922809
2022-04-11,"Tasmania","TAS",110577,34,620061,110577,225,56,1,0,1279797
2022-04-11,"Victoria","VIC",1391087,2804,20202400,1391087,294076,381,20,1,14995449
2022-04-11,"Western Australia","WA",251701,83,3175698,251701,1257,240,8,0,6236998
2022-04-12,"Australian Capital Territory","ACT",88543,47,1017569,88543,8438,61,2,2,1479205
2022-04-12,"New South Wales","NSW",1862752,2182,30444800,1862752,2802,1584,70,24,17692590
2022-04-12,"Northern Territory","NT",55099,40,752528,55099,282,29,1,0,560607
2022-04-12,"Queensland","QLD",863536,786,7197358,863536,2210,572,16,5,10793795
2022-04-12,"South Australia","SA",326028,291,4404292,326028,1980,232,12,2,3926314
2022-04-12,"Tasmania","TAS",112565,36,621565,112565,225,55,3,0,1282065
2022-04-12,"Victoria","VIC",1399921,2816,20218677,1399921,294076,376,19,2,15009767
2022-04-12,"Western Australia","WA",257997,86,3190843,257997,1257,236,7,0,6244282
2022-04-13,"Australian Capital Territory","ACT",89510,47,1020099,89510,8438,61,2,2,1481228
2022-04-13,"New South Wales","NSW",1880983,2190,30490434,1880983,2802,1583,71,24,17711896
2022-04-13,"Northern Territory","NT",55603,40,753635,55603,282,32,2,0,561589
2022-04-13,"Queensland","QLD",871410,796,7207305,871410,2210,597,16,5,10804132
2022-04-13,"South Australia","SA",331603,293,4419454,331603,1980,220,11,1,3929440
2022-04-13,"Tasmania","TAS",114340,39,623809,114340,225,48,1,0,1283375
2022-04-13,"Victoria","VIC",1410187,2830,20241526,1410187,294076,391,19,2,15022243
2022-04-13,"Western Australia","WA",265376,88,3203555,265376,1257,215,4,0,6251402
2022-04-14,"Australian Capital Territory","ACT",90567,48,1023189,90567,8438,56,1,1,1483034
2022-04-14,"New South Wales","NSW",1898783,2211,30536969,1898783,2802,1582,71,23,17728257
2022-04-14,"Northern Territory","NT",56146,40,754424,56146,282,30,2,0,562598
2022-04-14,"Queensland","QLD",880572,800,7216645,880572,2210,590,16,4,10814059
2022-04-14,"South Australia","SA",337601,294,4434754,337601,1980,238,11,1,3933202
2022-04-14,"Tasmania","TAS",116097,41,626111,116097,225,50,1,0,1284585
2022-04-14,"Victoria","VIC",1420083,2844,20262105,1420083,294076,392,19,4,15035265
2022-04-14,"Western Australia","WA",273462,90,3218726,273462,1257,200,5,0,6258859
2022-04-15,"Australian Capital Territory","ACT",91487,48,1026091,91487,8438,56,1,1,1485051
2022-04-15,"New South Wales","NSW",1914104,2227,30577083,1914104,2802,1488,72,19,17745356
2022-04-15,"Northern Territory","NT",56573,40,755366,56573,282,29,2,0,563815
2022-04-15,"Queensland","QLD",889316,802,7225591,889316,2210,574,21,4,10825299
2022-04-15,"South Australia","SA",342673,301,4448462,342673,1980,209,11,1,3937485
2022-04-15,"Tasmania","TAS",117574,42,627618,117574,225,55,1,0,1285922
2022-04-15,"Victoria","VIC",1429747,2851,20282874,1429747,294076,374,14,4,15048187
2022-04-15,"Western Australia","WA",281400,91,3230225,281400,1257,197,4,0,6266858
2022-04-16,"Australian Capital Territory","ACT",92330,48,1027901,92330,8438,60,2,1,1485572
2022-04-16,"New South Wales","NSW",1927579,2245,30616949,1927579,2802,1491,72,20,17746510
2022-04-16,"Northern Territory","NT",56957,40,756054,56957,282,28,2,0,563853
2022-04-16,"Queensland","QLD",896979,803,7233166,896979,2210,538,22,4,10826000
2022-04-16,"South Australia","SA",347014,302,4459980,347014,1980,223,8,1,3937661
2022-04-16,"Tasmania","TAS",118906,42,628711,118906,225,54,1,0,1285922
2022-04-16,"Victoria","VIC",1438461,2859,20300305,1438461,294076,403,21,8,15049820
2022-04-16,"Western Australia","WA",287652,98,3236344,287652,1257,205,8,0,6267193
2022-04-17,"Australian Capital Territory","ACT",92996,48,1029451,92996,8438,60,2,1,1485866
2022-04-17,"New South Wales","NSW",1937226,2251,30638085,1937226,2802,1527,64,18,17748686
2022-04-17,"Northern Territory","NT",57297,40,756558,57297,282,26,0,0,564154
2022-04-17,"Queensland","QLD",902836,803,7236961,902836,2210,563,19,4,10827836
2022-04-17,"South Australia","SA",350464,302,4467692,350464,1980,225,12,1,3938754
2022-04-17,"Tasmania","TAS",120096,43,629691,120096,225,47,1,0,1286261
2022-04-17,"Victoria","VIC",1446614,2861,20312385,1446614,294076,401,25,10,15051923
2022-04-17,"Western Australia","WA",292712,106,3243796,292712,1257,220,7,0,6270666
2022-04-18,"Australian Capital Territory","ACT",93713,48,1030928,93713,8438,58,2,1,1485992
2022-04-18,"New South Wales","NSW",1948300,2255,30662695,1948300,2802,1576,67,22,17749292
2022-04-18,"Northern Territory","NT",57683,41,756953,57683,282,30,2,0,564167
2022-04-18,"Queensland","QLD",912820,807,7241381,912820,2210,551,19,4,10828256
2022-04-18,"South Australia","SA",354720,302,4477070,354720,1980,261,13,1,3939191
2022-04-18,"Tasmania","TAS",121460,43,630304,121460,225,44,1,0,1286293
2022-04-18,"Victoria","VIC",1454532,2862,20325127,1454532,294076,431,30,10,15052518
2022-04-18,"Western Australia","WA",297993,106,3249576,297993,1257,227,6,0,6271529
2022-04-19,"Australian Capital Territory","ACT",94486,48,1032711,94486,8438,64,2,1,1486178
2022-04-19,"New South Wales","NSW",1959097,2263,30683553,1959097,2802,1623,70,21,17750968
2022-04-19,"Northern Territory","NT",58151,41,757350,58151,282,43,3,0,564181
2022-04-19,"Queensland","QLD",919287,807,7245058,919287,2210,564,20,4,10828995
2022-04-19,"South Australia","SA",359350,305,4487420,359350,1980,245,11,2,3939495
2022-04-19,"Tasmania","TAS",122876,43,631524,122876,225,47,1,0,1286867
2022-04-19,"Victoria","VIC",1460939,2869,20337360,1460939,294076,443,31,10,15054342
2022-04-19,"Western Australia","WA",303621,106,3263973,303621,1257,247,6,0,6272715
2022-04-20,"Australian Capital Territory","ACT",95625,48,1035328,95625,8438,63,2,1,1488919
2022-04-20,"New South Wales","NSW",1974486,2278,30711751,1974486,2802,1639,72,24,17768316
2022-04-20,"Northern Territory","NT",58703,42,758345,58703,282,44,2,0,565722
2022-04-20,"Queensland","QLD",919282,813,7251076,919282,2210,594,25,4,10840692
2022-04-20,"South Australia","SA",364513,307,4499433,364513,1980,252,14,2,3944044
2022-04-20,"Tasmania","TAS",124687,43,632804,124687,225,56,2,0,1288090
2022-04-20,"Victoria","VIC",1471330,2883,20353228,1471330,294076,437,34,12,15069542
2022-04-20,"Western Australia","WA",311513,106,3279127,311513,1257,244,10,0,6281455
2022-04-21,"Australian Capital Territory","ACT",96854,49,1037722,96854,8438,61,3,1,1491301
2022-04-21,"New South Wales","NSW",1991862,2294,30754118,1991862,2802,1641,69,22,17784982
2022-04-21,"Northern Territory","NT",59357,43,759199,59357,282,49,1,0,567668
2022-04-21,"Queensland","QLD",928268,828,7260427,928268,2210,578,17,4,10852434
2022-04-21,"South Australia","SA",369418,310,4512427,369418,1980,241,11,3,3948713
2022-04-21,"Tasmania","TAS",126122,44,634724,126122,225,58,1,0,1289684
2022-04-21,"Victoria","VIC",1481728,2894,20373828,1481728,294076,444,35,11,15085029
2022-04-21,"Western Australia","WA",320793,108,3294197,320793,1257,248,9,0,6290915
2022-04-22,"Australian Capital Territory","ACT",97825,50,1040171,97825,8438,57,2,1,1493514
2022-04-22,"New South Wales","NSW",2007078,2307,30794827,2007078,2802,1632,63,18,17803734
2022-04-22,"Northern Territory","NT",59876,43,760376,59876,282,46,1,0,569888
2022-04-22,"Queensland","QLD",937536,833,7270118,937536,2210,528,18,4,10864419
2022-04-22,"South Australia","SA",374771,314,4523637,374771,1980,246,10,2,3953319
2022-04-22,"Tasmania","TAS",127387,46,636501,127387,225,41,1,0,1291284
2022-04-22,"Victoria","VIC",1490679,2910,20392796,1490679,294076,428,30,8,15100342
2022-04-22,"Western Australia","WA",329473,113,3307189,329473,1257,258,9,0,6299162
2022-04-23,"Australian Capital Territory","ACT",98760,51,1042942,98760,8438,55,2,0,1495423
2022-04-23,"New South Wales","NSW",2019630,2323,30827242,2019630,2802,1617,60,20,17823166
2022-04-23,"Northern Territory","NT",60381,44,761562,60381,282,47,2,0,571730
2022-04-23,"Queensland","QLD",945593,840,7279889,945593,2210,513,15,4,10875959
2022-04-23,"South Australia","SA",378572,318,4535183,378572,1980,237,12,1,3958191
2022-04-23,"Tasmania","TAS",127475,47,637960,127475,225,44,1,0,1292952
2022-04-23,"Victoria","VIC",1498799,2923,20407438,1498799,294076,449,35,8,15115523
2022-04-23,"Western Australia","WA",337135,114,3317513,337135,1257,248,7,0,6306860
2022-04-24,"Australian Capital Territory","ACT",99471,51,1044436,99471,8438,58,3,0,1496305
2022-04-24,"New South Wales","NSW",2030706,2331,30857481,2030706,2802,1588,64,20,17831584
2022-04-24,"Northern Territory","NT",60698,44,761995,60698,282,50,1,0,572360
2022-04-24,"Queensland","QLD",952792,843,7285988,952792,2210,474,14,4,10879732
2022-04-24,"South Australia","SA",382474,323,4544096,382474,1980,256,11,2,3960211
2022-04-24,"Tasmania","TAS",129511,47,638823,129511,225,49,1,0,1293502
2022-04-24,"Victoria","VIC",1505903,2925,20421565,1505903,294076,438,33,8,15122887
2022-04-24,"Western Australia","WA",343010,117,3325230,343010,1257,239,8,0,6311412
2022-04-25,"Australian Capital Territory","ACT",100107,51,1045915,100107,8438,58,3,0,1496863
2022-04-25,"New South Wales","NSW",2038610,2335,30879427,2038610,2802,1631,64,22,17834675
2022-04-25,"Northern Territory","NT",61031,44,762538,61031,282,51,1,0,572780
2022-04-25,"Queensland","QLD",957675,845,7290671,957675,2210,478,12,4,10881712
2022-04-25,"South Australia","SA",385770,329,4551567,385770,1980,247,11,1,3961223
2022-04-25,"Tasmania","TAS",130379,47,639737,130379,225,43,1,0,1293779
2022-04-25,"Victoria","VIC",1513546,2929,20433459,1513546,294076,441,31,9,15125557
2022-04-25,"Western Australia","WA",348703,118,3332801,348703,1257,240,9,0,6313460
2022-04-26,"Australian Capital Territory","ACT",100927,51,1047230,100927,8438,69,5,0,1497164
2022-04-26,"New South Wales","NSW",2048439,2353,30900725,2048439,2802,1695,67,22,17835901
2022-04-26,"Northern Territory","NT",61393,44,763019,61393,282,47,1,0,572811
2022-04-26,"Queensland","QLD",962305,846,7294981,962305,2210,484,13,4,10882350
2022-04-26,"South Australia","SA",389539,335,4558717,389539,1980,254,10,1,3961371
2022-04-26,"Tasmania","TAS",131328,48,640725,131328,225,38,1,0,1293911
2022-04-26,"Victoria","VIC",1521951,2944,20444223,1521951,294076,455,33,9,15127139
2022-04-26,"Western Australia","WA",355277,126,3349488,355277,1257,249,11,0,6313867
2022-04-27,"Australian Capital Territory","ACT",101899,51,1049875,101899,8438,69,4,0,1499176
2022-04-27,"New South Wales","NSW",2060584,2363,30922873,2060584,2802,1743,73,25,17854694
2022-04-27,"Northern Territory","NT",61923,44,764020,61923,282,56,1,0,574070
2022-04-27,"Queensland","QLD",967435,855,7298870,967435,2210,527,12,4,10895137
2022-04-27,"South Australia","SA",394395,338,4569901,394395,1980,247,10,1,3966049
2022-04-27,"Tasmania","TAS",132543,49,641926,132543,225,40,1,0,1295521
2022-04-27,"Victoria","VIC",1531632,2957,20459742,1531632,294076,456,32,8,15142054
2022-04-27,"Western Australia","WA",363601,136,3366307,363601,1257,253,9,0,6322261
2022-04-28,"Australian Capital Territory","ACT",102178,51,1052353,102178,8438,69,3,0,1501231
2022-04-28,"New South Wales","NSW",2074309,2382,30962009,2074309,2802,1701,76,23,17872168
2022-04-28,"Northern Territory","NT",62479,47,764837,62479,282,56,2,0,574908
2022-04-28,"Queensland","QLD",974270,862,7308483,974270,2210,542,15,4,10906725
2022-04-28,"South Australia","SA",398505,342,4580909,398505,1980,240,11,1,3970977
2022-04-28,"Tasmania","TAS",133747,49,643254,133747,225,40,1,0,1297467
2022-04-28,"Victoria","VIC",1541564,2967,20479396,1541564,294076,445,35,7,15156568
2022-04-28,"Western Australia","WA",372414,143,3381286,372414,1257,237,6,0,6329444
2022-04-29,"Australian Capital Territory","ACT",103220,51,1055059,103220,8438,65,3,0,1503404
2022-04-29,"New South Wales","NSW",2086171,2389,30997241,2086171,2802,1645,68,18,17890320
2022-04-29,"Northern Territory","NT",62895,47,765681,62895,282,47,2,0,575783
2022-04-29,"Queensland","QLD",981974,868,7316915,981974,2210,492,11,4,10917220
2022-04-29,"South Australia","SA",402538,345,4591924,402538,1980,222,11,1,3975100
2022-04-29,"Tasmania","TAS",134837,50,644325,134837,225,37,3,0,1299062
2022-04-29,"Victoria","VIC",1552351,2974,20500080,1552351,294076,428,35,7,15170481
2022-04-29,"Western Australia","WA",380409,145,3393736,380409,1257,233,4,0,6336468
2022-04-30,"Australian Capital Territory","ACT",104125,52,1057382,104125,8438,68,3,0,1505258
2022-04-30,"New South Wales","NSW",2097620,2409,31030951,2097620,2802,1623,69,19,17908097
2022-04-30,"Northern Territory","NT",63289,47,766424,63289,282,45,2,0,576501
2022-04-30,"Queensland","QLD",986439,873,7324883,986439,2210,468,9,4,10927793
2022-04-30,"South Australia","SA",406475,349,4601713,406475,1980,250,15,2,3980004
2022-04-30,"Tasmania","TAS",135886,50,644520,135886,225,41,3,0,1300958
2022-04-30,"Victoria","VIC",1561415,2993,20516623,1561415,294076,448,30,3,15184513
2022-04-30,"Western Australia","WA",387111,149,3402609,387111,1257,234,8,0,6343346
2022-05-01,"Australian Capital Territory","ACT",104941,52,1058736,104941,8438,69,3,0,1505969
2022-05-01,"New South Wales","NSW",2106848,2414,31059819,2106848,2802,1604,75,23,17915892
2022-05-01,"Northern Territory","NT",63568,47,767095,63568,282,50,1,0,576711
2022-05-01,"Queensland","QLD",992300,873,7333768,992300,2210,446,14,4,10930822
2022-05-01,"South Australia","SA",409717,351,4609567,409717,1980,229,16,1,3981930
2022-05-01,"Tasmania","TAS",136706,51,646486,136706,225,43,3,0,1301580
2022-05-01,"Victoria","VIC",1569069,3000,20531489,1569069,294076,437,30,3,15190786
2022-05-01,"Western Australia","WA",392423,149,3409610,392423,1257,221,7,0,6347318
2022-05-02,"Australian Capital Territory","ACT",105739,53,1060431,105739,8438,66,2,0,1506383
2022-05-02,"New South Wales","NSW",2114467,2419,31082643,2114467,2802,1656,72,24,17917702
2022-05-02,"Northern Territory","NT",63812,47,767475,63812,282,44,2,0,576733
2022-05-02,"Queensland","QLD",997619,873,7338497,997619,2210,453,11,4,10932435
2022-05-02,"South Australia","SA",413321,354,4616895,413321,1980,257,15,2,3982837
2022-05-02,"Tasmania","TAS",137577,54,647302,137577,225,46,2,0,1301768
2022-05-02,"Victoria","VIC",1576692,3001,20543926,1576692,294076,456,26,4,15193238
2022-05-02,"Western Australia","WA",398092,149,3419973,398092,1257,240,6,0,6348727
2022-05-03,"Australian Capital Territory","ACT",106705,54,1063319,106705,8438,64,4,0,1507862
2022-05-03,"New South Wales","NSW",2124002,2442,31104434,2124002,2802,1513,71,24,17934743
2022-05-03,"Northern Territory","NT",64151,47,767828,64151,282,37,1,0,576774
2022-05-03,"Queensland","QLD",1000257,873,7342821,1000257,2210,466,15,4,10932919
2022-05-03,"South Australia","SA",416371,357,4624318,416371,1980,228,17,2,3986820
2022-05-03,"Tasmania","TAS",138637,55,648343,138637,225,49,2,0,1303249
2022-05-03,"Victoria","VIC",1586516,3013,20557740,1586516,294076,482,25,6,15205533
2022-05-03,"Western Australia","WA",405848,150,3435129,405848,1257,249,8,0,6355455
2022-05-04,"Australian Capital Territory","ACT",107769,55,1065465,107769,8438,67,4,0,1509587
2022-05-04,"New South Wales","NSW",2316269,2463,31140146,2316269,2802,1510,68,21,17952240
2022-05-04,"Northern Territory","NT",64540,47,768775,64540,282,37,1,0,577459
2022-05-04,"Queensland","QLD",1007459,881,7349401,1007459,2210,504,21,4,10944345
2022-05-04,"South Australia","SA",420264,369,4633439,420264,1980,221,11,1,3990905
2022-05-04,"Tasmania","TAS",139708,56,649683,139708,225,50,2,0,1304699
2022-05-04,"Victoria","VIC",1597465,3024,20576892,1597465,294076,473,25,6,15218906
2022-05-04,"Western Australia","WA",415563,152,3449617,415563,1257,242,10,0,6361951
2022-05-05,"Australian Capital Territory","ACT",108830,55,1067967,108830,8438,70,4,0,1511455
2022-05-05,"New South Wales","NSW",2334360,2484,31183516,2334360,2802,1529,62,24,17971356
2022-05-05,"Northern Territory","NT",64983,47,769615,64983,282,38,1,0,578049
2022-05-05,"Queensland","QLD",1015120,892,7360877,1015120,2210,467,14,4,10956793
2022-05-05,"South Australia","SA",424182,373,4643455,424182,1980,218,11,1,3996381
2022-05-05,"Tasmania","TAS",140786,56,650976,140786,225,46,3,0,1306061
2022-05-05,"Victoria","VIC",1608992,3038,20596320,1608992,294076,492,29,7,15233588
2022-05-05,"Western Australia","WA",425704,158,3463866,425704,1257,271,9,0,6367705
2022-05-06,"Australian Capital Territory","ACT",109879,56,1070552,109879,8438,66,5,0,1513361
2022-05-06,"New South Wales","NSW",2345156,2491,31209434,2345156,2802,1499,54,19,17990337
2022-05-06,"Northern Territory","NT",65362,48,770458,65362,282,46,1,0,578716
2022-05-06,"Queensland","QLD",1023149,903,7369514,1023149,2210,463,15,4,10969506
2022-05-06,"South Australia","SA",427205,374,4650543,427205,1980,221,10,1,4001822
2022-05-06,"Tasmania","TAS",141893,56,651884,141893,225,46,2,0,1307727
2022-05-06,"Victoria","VIC",1619166,3047,20614947,1619166,294076,502,31,8,15248202
2022-05-06,"Western Australia","WA",433295,158,3478166,433295,1257,282,9,0,6376286
2022-05-07,"Australian Capital Territory","ACT",110854,56,1070552,110854,8438,69,4,0,1515908
2022-05-07,"New South Wales","NSW",2356827,2510,31242263,2356827,2802,1481,54,19,18008607
2022-05-07,"Northern Territory","NT",65660,49,770458,65660,282,36,0,0,579238
2022-05-07,"Queensland","QLD",1029811,908,7381233,1029811,2210,454,12,4,10981546
2022-05-07,"South Australia","SA",430509,376,4660144,430509,1980,214,13,1,4006913
2022-05-07,"Tasmania","TAS",142796,58,653175,142796,225,48,1,0,1309160
2022-05-07,"Victoria","VIC",1628531,3056,20631534,1628531,294076,494,35,6,15262848
2022-05-07,"Western Australia","WA",442538,164,3490350,442538,1257,275,11,0,6383572
2022-05-08,"Australian Capital Territory","ACT",111642,56,1070552,111642,8438,76,6,1,1516454
2022-05-08,"New South Wales","NSW",2365718,2516,31270656,2365718,2802,1504,57,17,18014475
2022-05-08,"Northern Territory","NT",65883,49,770458,65883,282,38,0,0,579367
2022-05-08,"Queensland","QLD",1034484,910,7388982,1034484,2210,426,12,4,10984713
2022-05-08,"South Australia","SA",433297,381,4667865,433297,1980,214,9,1,4008810
2022-05-08,"Tasmania","TAS",143529,59,653998,143529,225,43,1,0,1309613
2022-05-08,"Victoria","VIC",1637275,3060,20648572,1637275,294076,491,38,8,15268509
2022-05-08,"Western Australia","WA",451285,165,3499739,451285,1257,281,8,0,6386768
2022-05-09,"Australian Capital Territory","ACT",112407,56,1076621,112407,8438,72,3,1,1516624
2022-05-09,"New South Wales","NSW",2373235,2519,31293499,2373235,2802,1548,54,17,18016121
2022-05-09,"Northern Territory","NT",66083,49,771968,66083,282,38,0,0,579377
2022-05-09,"Queensland","QLD",1041450,910,7394088,1041450,2210,439,12,4,10985881
2022-05-09,"South Australia","SA",436318,381,4674481,436318,1980,228,10,1,4009493
2022-05-09,"Tasmania","TAS",144351,59,654900,144351,225,44,1,0,1309674
2022-05-09,"Victoria","VIC",1646973,3060,20662004,1646973,294076,491,43,5,15270165
2022-05-09,"Western Australia","WA",461553,165,3513188,461553,1257,279,6,0,6387962
2022-05-10,"Australian Capital Territory","ACT",113368,57,1079944,113368,8438,73,5,2,1518116
2022-05-10,"New South Wales","NSW",2383412,2536,31316199,2383412,2802,1538,55,17,18034497
2022-05-10,"Northern Territory","NT",66420,49,772673,66420,282,34,0,0,579908
2022-05-10,"Queensland","QLD",1046192,913,7400059,1046192,2210,456,14,4,10996928
2022-05-10,"South Australia","SA",440223,384,4683286,440223,1980,222,6,1,4014511
2022-05-10,"Tasmania","TAS",145424,60,655706,145424,225,40,1,0,1311189
2022-05-10,"Victoria","VIC",1659560,3078,20675734,1659560,294076,519,34,7,15283780
2022-05-10,"Western Australia","WA",473909,171,3534149,473909,1257,286,8,0,6395133
2022-05-11,"Australian Capital Territory","ACT",114564,59,1083106,114564,8438,76,4,2,1520150
2022-05-11,"New South Wales","NSW",2395359,2547,31354467,2395359,2802,1452,48,19,18054443
2022-05-11,"Northern Territory","NT",66771,49,773735,66771,282,27,0,0,580507
2022-05-11,"Queensland","QLD",1052748,923,7409481,1052748,2210,459,14,0,11009884
2022-05-11,"South Australia","SA",444558,392,4694211,444558,1980,232,7,1,4019881
2022-05-11,"Tasmania","TAS",146451,60,656918,146451,225,48,1,0,1313112
2022-05-11,"Victoria","VIC",1673414,3095,20699300,1673414,294076,533,33,5,15299086
2022-05-11,"Western Australia","WA",490899,174,3554845,490899,1257,275,7,0,6403014
2022-05-12,"Australian Capital Territory","ACT",115688,59,1085781,115688,8438,74,5,1,1521812
2022-05-12,"New South Wales","NSW",2407720,2570,31393027,2407720,2802,1403,56,17,18075031
2022-05-12,"Northern Territory","NT",67094,49,774508,67094,282,18,0,0,581058
2022-05-12,"Queensland","QLD",1060169,926,7420262,1060169,2210,437,16,0,11022738
2022-05-12,"South Australia","SA",449227,399,4706279,449227,1980,210,7,2,4025943
2022-05-12,"Tasmania","TAS",147502,61,658341,147502,225,42,1,0,1314947
2022-05-12,"Victoria","VIC",1687614,3110,20720470,1687614,294076,545,29,8,15314631
2022-05-12,"Western Australia","WA",507544,180,3570362,507544,1257,275,8,0,6410652
2022-05-13,"Australian Capital Territory","ACT",116905,59,1088553,116905,8438,74,4,1,1523641
2022-05-13,"New South Wales","NSW",2419692,2583,31428338,2419692,2802,1398,60,18,18095741
2022-05-13,"Northern Territory","NT",67404,50,774629,67404,282,16,0,0,581684
2022-05-13,"Queensland","QLD",1067417,938,7430386,1067417,2210,407,11,0,11035795
2022-05-13,"South Australia","SA",453773,402,4716578,453773,1980,229,10,2,4031461
2022-05-13,"Tasmania","TAS",148617,63,659415,148617,225,39,1,0,1316774
2022-05-13,"Victoria","VIC",1700696,3128,20742607,1700696,294076,491,25,6,15331198
2022-05-13,"Western Australia","WA",523052,183,3592786,523052,1257,279,12,0,6418706
2022-05-14,"Australian Capital Territory","ACT",117906,59,1088553,117906,8438,71,5,2,1526449
2022-05-14,"New South Wales","NSW",2430646,2602,31460606,2430646,2802,1377,58,20,18114385
2022-05-14,"Northern Territory","NT",67677,50,774629,67677,282,18,0,0,582136
2022-05-14,"Queensland","QLD",1073547,943,7439870,1073547,2210,414,12,0,11046495
2022-05-14,"South Australia","SA",457589,407,4727565,457589,1980,217,11,0,4036846
2022-05-14,"Tasmania","TAS",149542,63,660863,149542,225,43,1,0,1318335
2022-05-14,"Victoria","VIC",1712856,3150,20762596,1712856,294076,524,24,4,15346169
2022-05-14,"Western Australia","WA",536214,185,3607581,536214,1257,292,10,0,6426137
2022-05-15,"Australian Capital Territory","ACT",118791,59,1088553,118791,8438,75,6,2,1526921
2022-05-15,"New South Wales","NSW",2439682,2606,31490239,2439682,2802,1377,59,18,18120039
2022-05-15,"Northern Territory","NT",67906,50,774629,67906,282,19,0,0,582320
2022-05-15,"Queensland","QLD",1078359,945,7446927,1078359,2210,417,17,0,11049371
2022-05-15,"South Australia","SA",461385,407,4736647,461385,1980,231,9,1,4038831
2022-05-15,"Tasmania","TAS",150359,64,661896,150359,225,47,1,0,1319060
2022-05-15,"Victoria","VIC",1723053,3160,20779993,1723053,294076,528,27,4,15351688
2022-05-15,"Western Australia","WA",548613,189,3618229,548613,1257,294,10,0,6429478
2022-05-16,"Australian Capital Territory","ACT",119548,59,1094801,119548,8438,75,5,1,1527023
2022-05-16,"New South Wales","NSW",2447877,2610,31514416,2447877,2802,1437,65,20,18123067
2022-05-16,"Northern Territory","NT",68139,50,776965,68139,282,22,1,0,582326
2022-05-16,"Queensland","QLD",1084961,945,7452195,1084961,2210,435,17,0,11050971
2022-05-16,"South Australia","SA",464841,409,4745163,464841,1980,248,7,3,4039690
2022-05-16,"Tasmania","TAS",151231,65,662392,151231,225,44,1,0,1319250
2022-05-16,"Victoria","VIC",1734100,3165,20794566,1734100,294076,526,31,2,15354127
2022-05-16,"Western Australia","WA",560662,190,3636071,560662,1257,314,11,0,6430767
2022-05-17,"Australian Capital Territory","ACT",120638,60,1097725,120638,8438,80,5,2,1529407
2022-05-17,"New South Wales","NSW",2458811,2626,31537654,2458811,2802,1442,59,19,18141472
2022-05-17,"Northern Territory","NT",68481,50,777749,68481,282,21,2,0,582774
2022-05-17,"Queensland","QLD",1089495,957,7457776,1089495,2210,492,14,0,11061447
2022-05-17,"South Australia","SA",468607,411,4754036,468607,1980,246,7,3,4045229
2022-05-17,"Tasmania","TAS",152437,66,663355,152437,225,40,2,0,1320960
2022-05-17,"Victoria","VIC",1747754,3185,20809061,1747754,294076,516,31,3,15368742
2022-05-17,"Western Australia","WA",576315,204,3658279,576315,1257,325,11,0,6437834
2022-05-18,"Australian Capital Territory","ACT",121713,60,1100545,121713,8438,74,4,1,1531211
2022-05-18,"New South Wales","NSW",2471023,2640,31572392,2471023,2802,1395,57,19,18161275
2022-05-18,"Northern Territory","NT",68824,50,778589,68824,282,25,2,0,583263
2022-05-18,"Queensland","QLD",1110497,964,7467988,1110497,2210,511,16,0,11074536
2022-05-18,"South Australia","SA",472745,417,4765923,472745,1980,247,10,1,4050399
2022-05-18,"Tasmania","TAS",153611,67,664930,153611,225,45,2,0,1322761
2022-05-18,"Victoria","VIC",1761778,3207,20834403,1761778,294076,510,31,5,15385579
2022-05-18,"Western Australia","WA",592541,207,3678817,592541,1257,327,12,0,6445406
2022-05-19,"Australian Capital Territory","ACT",122718,61,1103121,122718,8438,82,4,2,1533019
2022-05-19,"New South Wales","NSW",2481957,2662,31611333,2481957,2802,1283,46,16,18182433
2022-05-19,"Northern Territory","NT",69103,50,779920,69103,282,27,4,0,583786
2022-05-19,"Queensland","QLD",1117569,966,7479625,1117569,2210,493,12,0,11087433
2022-05-19,"South Australia","SA",477237,422,4777987,477237,1980,246,11,1,4056719
2022-05-19,"Tasmania","TAS",154673,69,666066,154673,225,43,2,0,1324664
2022-05-19,"Victoria","VIC",1774871,3221,20855191,1774871,294076,512,32,7,15402618
2022-05-19,"Western Australia","WA",609598,213,3698816,609598,1257,300,10,0,6453317
2022-05-20,"Australian Capital Territory","ACT",123655,61,1106446,123655,8438,84,4,2,1534985
2022-05-20,"New South Wales","NSW",2492007,2672,31643712,2492007,2802,1226,41,15,18203878
2022-05-20,"Northern Territory","NT",69386,51,780202,69386,282,23,2,0,584399
2022-05-20,"Queensland","QLD",1123991,975,7489253,1123991,2210,478,11,0,11101148
2022-05-20,"South Australia","SA",481125,425,4789253,481125,1980,218,13,1,4062097
2022-05-20,"Tasmania","TAS",155657,69,667425,155657,225,44,1,0,1326428
2022-05-20,"Victoria","VIC",1787284,3244,20875884,1787284,294076,514,35,8,15419752
2022-05-20,"Western Australia","WA",624774,218,3716599,624774,1257,304,11,0,6461163
2022-05-21,"Australian Capital Territory","ACT",124514,62,1106446,124514,8438,89,3,2,1536705
2022-05-21,"New South Wales","NSW",2501639,2686,31674695,2501639,2802,1187,41,13,18222951
2022-05-21,"Northern Territory","NT",69610,51,780202,69610,282,19,2,0,584805
2022-05-21,"Queensland","QLD",1130212,979,7498989,1130212,2210,420,12,0,11113176
2022-05-21,"South Australia","SA",484296,430,4798463,484296,1980,211,11,1,4067330
2022-05-21,"Tasmania","TAS",156619,69,668685,156619,225,50,1,0,1328020
2022-05-21,"Victoria","VIC",1799209,3265,20894990,1799209,294076,552,25,7,15435464
2022-05-21,"Western Australia","WA",639019,219,3730493,639019,1257,301,12,0,6467913
2022-05-22,"Australian Capital Territory","ACT",125272,62,1106446,125272,8438,92,4,2,1537365
2022-05-22,"New South Wales","NSW",2510162,2693,31700074,2510162,2802,1165,36,10,18229057
2022-05-22,"Northern Territory","NT",69793,51,780202,69793,282,17,2,0,584948
2022-05-22,"Queensland","QLD",1134716,979,7505586,1134716,2210,432,17,0,11115533
2022-05-22,"South Australia","SA",487349,432,4807183,487349,1980,224,8,0,4068951
2022-05-22,"Tasmania","TAS",157401,70,669485,157401,225,47,1,0,1328903
2022-05-22,"Victoria","VIC",1808516,3275,20910273,1808516,294076,541,29,8,15440782
2022-05-22,"Western Australia","WA",650576,219,3739824,650576,1257,326,11,0,6470666
2022-05-23,"Australian Capital Territory","ACT",125828,62,1111367,125828,8438,91,4,2,1537624
2022-05-23,"New South Wales","NSW",2517185,2698,31720053,2517185,2802,1236,35,9,18231352
2022-05-23,"Northern Territory","NT",69942,51,781641,69942,282,17,2,0,584966
2022-05-23,"Queensland","QLD",1140554,985,7510510,1140554,2210,401,17,0,11116820
2022-05-23,"South Australia","SA",490800,432,4814907,490800,1980,238,10,0,4069567
2022-05-23,"Tasmania","TAS",158115,71,670220,158115,225,51,1,0,1329094
2022-05-23,"Victoria","VIC",1817339,3280,20922368,1817339,294076,555,29,8,15443261
2022-05-23,"Western Australia","WA",660064,219,3755048,660064,1257,323,9,0,6471939
2022-05-24,"Australian Capital Territory","ACT",126633,62,1114063,126633,8438,90,3,2,1539481
2022-05-24,"New South Wales","NSW",2525905,2712,31743981,2525905,2802,1234,38,9,18248719
2022-05-24,"Northern Territory","NT",70166,51,782339,70166,282,17,1,0,585403
2022-05-24,"Queensland","QLD",1143995,1003,7516712,1143995,2210,451,17,0,11126729
2022-05-24,"South Australia","SA",494284,446,4823698,494284,1980,232,9,0,4074338
2022-05-24,"Tasmania","TAS",159022,71,671182,159022,225,46,1,0,1330625
2022-05-24,"Victoria","VIC",1828849,3296,20935504,1828849,294076,545,36,7,15456758
2022-05-24,"Western Australia","WA",672008,225,3772477,672008,1257,312,12,0,6477979
2022-05-25,"Australian Capital Territory","ACT",127556,62,1116112,127556,8438,88,1,1,1541554
2022-05-25,"New South Wales","NSW",2534852,2723,31776500,2534852,2802,1209,35,7,18266873
2022-05-25,"Northern Territory","NT",70455,51,783107,70455,282,11,1,0,585900
2022-05-25,"Queensland","QLD",1149145,1013,7526035,1149145,2210,426,15,0,11139433
2022-05-25,"South Australia","SA",498300,447,4835804,498300,1980,236,10,0,4079492
2022-05-25,"Tasmania","TAS",159926,71,672608,159926,225,51,2,0,1332131
2022-05-25,"Victoria","VIC",1841738,3313,20956145,1841738,294076,567,37,8,15472391
2022-05-25,"Western Australia","WA",684326,227,3788899,684326,1257,301,7,0,6484728
2022-05-26,"Australian Capital Territory","ACT",128440,62,1119131,128440,8438,85,1,1,1543289
2022-05-26,"New South Wales","NSW",2545751,2753,31809774,2545751,2802,1204,37,11,18285700
2022-05-26,"Northern Territory","NT",70784,51,783973,70784,282,12,1,0,586435
2022-05-26,"Queensland","QLD",1154678,1032,7550101,1154678,2210,445,12,0,11151499
2022-05-26,"South Australia","SA",502166,448,4847499,502166,1980,238,9,0,4084815
2022-05-26,"Tasmania","TAS",160850,71,673795,160850,225,50,1,0,1333731
2022-05-26,"Victoria","VIC",1854018,3332,20974955,1854018,294076,559,34,8,15487771
2022-05-26,"Western Australia","WA",695963,229,3804481,695963,1257,312,6,0,6491547
2022-05-27,"Australian Capital Territory","ACT",129263,62,1121046,129263,8438,83,3,1,1544737
2022-05-27,"New South Wales","NSW",2554405,2762,31837354,2554405,2802,1173,34,10,18304506
2022-05-27,"Northern Territory","NT",71036,53,784912,71036,282,16,1,0,586988
2022-05-27,"Queensland","QLD",1159860,1039,7573551,1159860,2210,422,9,0,11163720
2022-05-27,"South Australia","SA",505292,449,4856967,505292,1980,226,10,0,4090019
2022-05-27,"Tasmania","TAS",161679,71,674784,161679,225,50,1,0,1335329
2022-05-27,"Victoria","VIC",1864749,3341,20993232,1864749,294076,571,33,7,15504509
2022-05-27,"Western Australia","WA",705723,240,3817779,705723,1257,322,9,0,6498739
2022-05-28,"Australian Capital Territory","ACT",130085,63,1121046,130085,8438,77,2,1,1546510
2022-05-28,"New South Wales","NSW",2561945,2787,31860268,2561945,2802,1139,33,8,18323630
2022-05-28,"Northern Territory","NT",71224,53,784912,71224,282,16,0,0,587438
2022-05-28,"Queensland","QLD",1164247,1042,7591233,1164247,2210,379,7,0,11174748
2022-05-28,"South Australia","SA",507925,449,4865689,507925,1980,207,9,0,4095179
2022-05-28,"Tasmania","TAS",162415,71,676246,162415,225,52,2,0,1336985
2022-05-28,"Victoria","VIC",1873486,3363,21008571,1873486,294076,540,32,6,15519529
2022-05-28,"Western Australia","WA",714388,247,3828904,714388,1257,305,7,0,6504932
2022-05-29,"Australian Capital Territory","ACT",130668,63,1121046,130668,8438,82,2,1,1547471
2022-05-29,"New South Wales","NSW",2568490,2791,31860268,2568490,2802,1146,33,7,18330495
2022-05-29,"Northern Territory","NT",71399,53,784912,71399,282,21,0,0,587588
2022-05-29,"Queensland","QLD",1167294,1044,7598256,1167294,2210,374,7,0,11178165
2022-05-29,"South Australia","SA",510237,449,4872379,510237,1980,217,9,0,4097202
2022-05-29,"Tasmania","TAS",162997,72,677336,162997,225,50,1,0,1337424
2022-05-29,"Victoria","VIC",1880858,3379,21021761,1880858,294076,507,30,4,15524454
2022-05-29,"Western Australia","WA",721488,254,3836531,721488,1257,315,8,0,6507797
2022-05-30,"Australian Capital Territory","ACT",131269,63,1125367,131269,8438,88,3,1,1547859
2022-05-30,"New South Wales","NSW",2574203,2792,31902775,2574203,2802,1181,34,9,18332442
2022-05-30,"Northern Territory","NT",71599,53,786590,71599,282,11,0,0,587605
2022-05-30,"Queensland","QLD",1171832,1045,7602899,1171832,2210,365,4,0,11180024
2022-05-30,"South Australia","SA",512623,449,4878896,512623,1980,216,8,0,4098075
2022-05-30,"Tasmania","TAS",163606,73,677841,163606,225,46,1,0,1337544
2022-05-30,"Victoria","VIC",1887450,3382,21032772,1887450,294076,550,37,4,15526818
2022-05-30,"Western Australia","WA",727713,258,3846198,727713,1257,317,10,0,6508781
2022-05-31,"Australian Capital Territory","ACT",131938,64,1125367,131938,8438,93,4,2,1548619
2022-05-31,"New South Wales","NSW",2581518,2811,31927812,2581518,2802,1185,36,8,18349186
2022-05-31,"Northern Territory","NT",71867,53,787201,71867,282,15,0,0,587977
2022-05-31,"Queensland","QLD",1174627,1056,7608065,1174627,2210,359,4,0,11189488
2022-05-31,"South Australia","SA",515349,449,4886357,515349,1980,232,6,0,4102674
2022-05-31,"Tasmania","TAS",164429,74,678754,164429,225,48,1,0,1339340
2022-05-31,"Victoria","VIC",1896495,3402,21045077,1896495,294076,527,31,7,15540321
2022-05-31,"Western Australia","WA",735834,262,3860657,735834,1257,318,10,0,6515032
2022-06-01,"Australian Capital Territory","ACT",132735,65,1128522,132735,8438,84,5,1,1550208
2022-06-01,"New South Wales","NSW",2589877,2820,31959329,2589877,2802,1143,31,6,18367371
2022-06-01,"Northern Territory","NT",72098,53,787893,72098,282,15,1,0,588502
2022-06-01,"Queensland","QLD",1178966,1062,7617601,1178966,2210,326,5,0,11201071
2022-06-01,"South Australia","SA",518852,450,4895418,518852,1980,244,6,0,4107645
2022-06-01,"Tasmania","TAS",165223,76,680094,165223,225,48,1,0,1340665
2022-06-01,"Victoria","VIC",1905869,3419,21062550,1905869,294076,528,30,9,15555227
2022-06-01,"Western Australia","WA",744179,263,3873765,744179,1257,298,8,0,6521504
2022-06-02,"Australian Capital Territory","ACT",133582,65,1131275,133582,8438,82,4,1,1551998
2022-06-02,"New South Wales","NSW",2597439,2843,31989335,2597439,2802,1066,30,7,18386051
2022-06-02,"Northern Territory","NT",72311,55,788623,72311,282,13,1,0,588882
2022-06-02,"Queensland","QLD",1183268,1073,7626551,1183268,2210,316,7,0,11212810
2022-06-02,"South Australia","SA",521160,452,4904025,521160,1980,241,9,0,4112475
2022-06-02,"Tasmania","TAS",165979,77,681199,165979,225,42,1,0,1342151
2022-06-02,"Victoria","VIC",1915847,3428,21078605,1915847,294076,525,28,8,15569715
2022-06-02,"Western Australia","WA",752392,272,3885426,752392,1257,285,6,0,6528096
2022-06-03,"Australian Capital Territory","ACT",134286,65,1132366,134286,8438,81,1,0,1553964
2022-06-03,"New South Wales","NSW",2604827,2854,32020949,2604827,2802,1254,34,10,18405448
2022-06-03,"Northern Territory","NT",72487,55,789352,72487,282,20,0,0,589246
2022-06-03,"Queensland","QLD",1187384,1079,7634766,1187384,2210,305,3,0,11223430
2022-06-03,"South Australia","SA",523875,457,4912657,523875,1980,232,10,0,4116770
2022-06-03,"Tasmania","TAS",166705,77,682743,166705,225,42,1,0,1343443
2022-06-03,"Victoria","VIC",1924943,3450,21094316,1924943,294076,514,29,10,15584841
2022-06-03,"Western Australia","WA",759435,278,3896089,759435,1257,275,9,0,6534807
2022-06-04,"Australian Capital Territory","ACT",134773,65,1132366,134773,8438,72,1,0,1555275
2022-06-04,"New South Wales","NSW",2611421,2872,32046723,2611421,2802,1227,28,8,18422883
2022-06-04,"Northern Territory","NT",72679,55,789352,72679,282,19,0,0,589714
2022-06-04,"Queensland","QLD",1190807,1090,7643434,1190807,2210,286,6,0,11233786
2022-06-04,"South Australia","SA",526664,461,4920353,526664,1980,230,9,0,4121085
2022-06-04,"Tasmania","TAS",167280,78,684004,167280,225,39,1,0,1344929
2022-06-04,"Victoria","VIC",1933388,3466,21107519,1933388,294076,509,29,10,15598569
2022-06-04,"Western Australia","WA",765677,288,3904117,765677,1257,278,11,0,6540636
2022-06-05,"Australian Capital Territory","ACT",135081,65,1132366,135081,8438,77,0,0,1555849
2022-06-05,"New South Wales","NSW",2616589,2877,32066232,2616589,2802,1264,33,7,18428224
2022-06-05,"Northern Territory","NT",72811,55,789352,72811,282,13,0,0,589833
2022-06-05,"Queensland","QLD",1193523,1091,7650187,1193523,2210,282,5,0,11236741
2022-06-05,"South Australia","SA",528861,463,4926305,528861,1980,232,8,0,4122480
2022-06-05,"Tasmania","TAS",167809,79,685037,167809,225,42,0,0,1345491
2022-06-05,"Victoria","VIC",1940465,3482,21120068,1940465,294076,499,28,9,15603295
2022-06-05,"Western Australia","WA",771045,293,3910400,771045,1257,280,15,0,6542787
2022-06-06,"Australian Capital Territory","ACT",135368,65,1132366,135368,8438,92,0,0,1556063
2022-06-06,"New South Wales","NSW",2620999,2880,32080982,2620999,2802,1314,38,11,18430432
2022-06-06,"Northern Territory","NT",72947,55,790805,72947,282,12,0,0,589849
2022-06-06,"Queensland","QLD",1197076,1091,7654773,1197076,2210,299,6,0,11237870
2022-06-06,"South Australia","SA",531052,464,4932532,531052,1980,241,9,0,4123115
2022-06-06,"Tasmania","TAS",168248,79,685195,168248,225,43,0,0,1345627
2022-06-06,"Victoria","VIC",1941786,3496,21130668,1941786,294076,476,25,7,15604964
2022-06-06,"Western Australia","WA",775894,294,3916206,775894,1257,279,16,0,6543483
2022-06-07,"Australian Capital Territory","ACT",137942,67,1139226,137942,8438,92,1,0,1557295
2022-06-07,"New South Wales","NSW",2627377,2888,32095588,2627377,2802,1307,36,8,18446699
2022-06-07,"Northern Territory","NT",73169,55,791440,73169,282,12,0,0,590187
2022-06-07,"Queensland","QLD",1199629,1091,7660076,1199629,2210,316,4,0,11246577
2022-06-07,"South Australia","SA",533867,469,4939513,533867,1980,234,7,0,4127358
2022-06-07,"Tasmania","TAS",169022,79,686151,169022,225,39,0,0,1346862
2022-06-07,"Victoria","VIC",1950179,3508,21142349,1950179,294076,514,24,8,15616932
2022-06-07,"Western Australia","WA",781496,296,3926332,781496,1257,290,15,0,6543961
2022-06-08,"Australian Capital Territory","ACT",137664,68,1141309,137664,8438,89,1,0,1558688
2022-06-08,"New South Wales","NSW",2635180,2898,32128642,2635180,2802,1283,38,13,18463442
2022-06-08,"Northern Territory","NT",73417,55,792120,73417,282,14,0,0,590668
2022-06-08,"Queensland","QLD",1203921,1106,7668957,1203921,2210,312,12,0,11257592
2022-06-08,"South Australia","SA",536889,469,4948073,536889,1980,237,5,0,4132300
2022-06-08,"Tasmania","TAS",169684,79,687177,169684,225,38,0,0,1348449
2022-06-08,"Victoria","VIC",1958895,3533,21159438,1958895,294076,522,29,8,15631015
2022-06-08,"Western Australia","WA",789195,304,3938677,789195,1257,283,15,0,6549889
2022-06-09,"Australian Capital Territory","ACT",138407,68,1143297,138407,8438,87,0,0,1560074
2022-06-09,"New South Wales","NSW",2643350,2919,32169296,2643350,2802,1263,40,14,18479969
2022-06-09,"Northern Territory","NT",73665,56,792729,73665,282,16,0,0,591097
2022-06-09,"Queensland","QLD",1208173,1115,7676745,1208173,2210,297,11,0,11267253
2022-06-09,"South Australia","SA",539750,469,4956480,539750,1980,234,5,0,4137138
2022-06-09,"Tasmania","TAS",170302,80,688157,170302,225,37,1,0,1349898
2022-06-09,"Victoria","VIC",1967334,3555,21174054,1967334,294076,517,29,5,15643969
2022-06-09,"Western Australia","WA",797041,309,3950090,797041,1257,293,16,0,6555643
2022-06-10,"Australian Capital Territory","ACT",139231,69,1144997,139231,8438,83,1,0,1561476
2022-06-10,"New South Wales","NSW",2650901,2930,32198317,2650901,2802,1250,41,14,18497975
2022-06-10,"Northern Territory","NT",73878,56,793426,73878,282,13,0,0,591474
2022-06-10,"Queensland","QLD",1211959,1116,7685464,1211959,2210,301,9,0,11277532
2022-06-10,"South Australia","SA",542092,471,4965049,542092,1980,235,5,0,4141425
2022-06-10,"Tasmania","TAS",170983,81,689119,170983,225,34,1,0,1351015
2022-06-10,"Victoria","VIC",1975359,3574,21188609,1975359,294076,512,28,5,15657644
2022-06-10,"Western Australia","WA",804215,315,3960198,804215,1257,279,16,0,6561629
2022-06-11,"Australian Capital Territory","ACT",139927,69,1144997,139927,8438,79,1,0,1562918
2022-06-11,"New South Wales","NSW",2657155,2952,32229455,2657155,2802,1224,39,14,18512690
2022-06-11,"Northern Territory","NT",74049,56,793426,74049,282,13,0,0,591899
2022-06-11,"Queensland","QLD",1215299,1123,7693246,1215299,2210,329,10,0,11285487
2022-06-11,"South Australia","SA",544447,484,4971421,544447,1980,244,5,0,4145281
2022-06-11,"Tasmania","TAS",171576,81,690047,171576,225,41,2,0,1352066
2022-06-11,"Victoria","VIC",1981583,3597,21201291,1981583,294076,454,27,4,15669779
2022-06-11,"Western Australia","WA",810373,320,3968211,810373,1257,272,11,0,6566359
2022-06-12,"Australian Capital Territory","ACT",140570,69,1144997,140570,8438,80,2,0,1563310
2022-06-12,"New South Wales","NSW",2662542,2957,32253121,2662542,2802,1255,45,12,18517350
2022-06-12,"Northern Territory","NT",74212,56,793426,74212,282,18,0,0,592069
2022-06-12,"Queensland","QLD",1217682,1124,7698645,1217682,2210,329,7,0,11287704
2022-06-12,"South Australia","SA",546581,484,4976954,546581,1980,246,5,0,4146537
2022-06-12,"Tasmania","TAS",172065,81,690843,172065,225,39,3,0,1352427
2022-06-12,"Victoria","VIC",1986349,3613,21213537,1986349,294076,454,27,5,15673493
2022-06-12,"Western Australia","WA",815273,322,3973206,815273,1257,261,7,0,6568286
2022-06-13,"Australian Capital Territory","ACT",140570,69,1144997,140570,8438,80,2,0,1563474
2022-06-13,"New South Wales","NSW",2667142,2960,32271574,2667142,2802,1287,40,13,18519369
2022-06-13,"Northern Territory","NT",74322,56,793426,74322,282,18,1,0,592081
2022-06-13,"Queensland","QLD",1220195,1125,7702422,1220195,2210,358,5,0,11289078
2022-06-13,"South Australia","SA",548603,486,4981911,548603,1980,244,5,0,4147090
2022-06-13,"Tasmania","TAS",172554,81,691439,172554,225,49,3,0,1352625
2022-06-13,"Victoria","VIC",1991428,3616,21218540,1991428,294076,444,23,6,15674717
2022-06-13,"Western Australia","WA",820075,324,3978199,820075,1257,253,7,0,6568953
2022-06-14,"Australian Capital Territory","ACT",141660,69,1144997,141660,8438,93,3,1,1563797
2022-06-14,"New South Wales","NSW",2672176,2963,32288465,2672176,2802,1341,39,14,18520452
2022-06-14,"Northern Territory","NT",74485,56,793426,74485,282,22,2,0,592092
2022-06-14,"Queensland","QLD",1224031,1131,7707094,1224031,2210,373,8,0,11296409
2022-06-14,"South Australia","SA",551400,486,4987431,551400,1980,226,8,0,4147311
2022-06-14,"Tasmania","TAS",172898,81,692120,172898,225,45,2,0,1352752
2022-06-14,"Victoria","VIC",1993547,3631,21225526,1993547,294076,473,28,6,15675979
2022-06-14,"Western Australia","WA",826139,330,3987531,826139,1257,278,12,0,6573566
2022-06-15,"Australian Capital Territory","ACT",142629,69,1153222,142629,8438,97,2,1,1565233
2022-06-15,"New South Wales","NSW",2679407,2977,32309670,2679407,2802,1355,42,13,18537273
2022-06-15,"Northern Territory","NT",74722,56,796123,74722,282,21,1,0,592515
2022-06-15,"Queensland","QLD",1228242,1144,7714776,1228242,2210,391,5,0,11306064
2022-06-15,"South Australia","SA",554174,495,4993959,554174,1980,246,8,0,4151224
2022-06-15,"Tasmania","TAS",173999,81,693206,173999,225,43,2,0,1353940
2022-06-15,"Victoria","VIC",2002075,3649,21238689,2002075,294076,476,35,8,15689115
2022-06-15,"Western Australia","WA",832371,333,4000849,832371,1257,258,9,0,6578284
2022-06-16,"Australian Capital Territory","ACT",143656,69,1155692,143656,8438,89,2,1,1566545
2022-06-16,"New South Wales","NSW",2688494,2994,32343647,2688494,2802,1334,43,16,18553316
2022-06-16,"Northern Territory","NT",74982,56,796746,74982,282,22,2,0,592855
2022-06-16,"Queensland","QLD",1232417,1157,7723027,1232417,2210,386,4,0,11314631
2022-06-16,"South Australia","SA",557199,501,5003043,557199,1980,222,8,0,4155354
2022-06-16,"Tasmania","TAS",174866,82,694350,174866,225,38,1,0,1355468
2022-06-16,"Victoria","VIC",2009557,3671,21252063,2009557,294076,465,27,9,15701794
2022-06-16,"Western Australia","WA",838548,347,4010645,838548,1257,262,10,0,6583335
2022-06-17,"Australian Capital Territory","ACT",144597,75,1157877,144597,8438,87,2,1,1567792
2022-06-17,"New South Wales","NSW",2696819,3002,32375307,2696819,2802,1372,42,19,18569557
2022-06-17,"Northern Territory","NT",75257,56,797353,75257,282,18,1,0,593160
2022-06-17,"Queensland","QLD",1236839,1168,7730629,1236839,2210,402,7,0,11323645
2022-06-17,"South Australia","SA",559972,506,5012233,559972,1980,210,5,0,4159920
2022-06-17,"Tasmania","TAS",175659,84,695234,175659,225,30,1,0,1356552
2022-06-17,"Victoria","VIC",2017103,3689,21275050,2017103,294076,438,24,7,15714734
2022-06-17,"Western Australia","WA",843834,348,4017876,843834,1257,260,11,0,6588200
2022-06-18,"Australian Capital Territory","ACT",145462,75,1157877,145462,8438,86,2,1,1567792
2022-06-18,"New South Wales","NSW",2704938,3027,32405071,2704938,2802,1344,45,18,18584301
2022-06-18,"Northern Territory","NT",75469,56,797353,75469,282,19,1,0,593415
2022-06-18,"Queensland","QLD",1240855,1176,7738709,1240855,2210,428,8,0,11331494
2022-06-18,"South Australia","SA",562299,506,5019148,562299,1980,211,7,0,4163934
2022-06-18,"Tasmania","TAS",176509,85,696253,176509,225,31,2,0,1357624
2022-06-18,"Victoria","VIC",2023704,3718,21283044,2023704,294076,419,25,8,15725586
2022-06-18,"Western Australia","WA",847886,349,4024245,847886,1257,277,13,0,6592161
2022-06-19,"Australian Capital Territory","ACT",146271,75,1157877,146271,8438,90,2,0,1569970
2022-06-19,"New South Wales","NSW",2711286,3034,32428724,2711286,2802,1406,50,21,18589066
2022-06-19,"Northern Territory","NT",75650,56,797353,75650,282,17,1,0,593500
2022-06-19,"Queensland","QLD",1243814,1176,7745265,1243814,2210,444,7,0,11333379
2022-06-19,"South Australia","SA",564209,508,5025453,564209,1980,217,10,0,4165287
2022-06-19,"Tasmania","TAS",177118,85,697176,177118,225,29,1,0,1358354
2022-06-19,"Victoria","VIC",2029176,3737,21294656,2029176,294076,422,27,9,15729415
2022-06-19,"Western Australia","WA",851782,363,4029036,851782,1257,280,14,0,6593809
2022-06-20,"Australian Capital Territory","ACT",147096,76,1162516,147096,8438,89,2,0,1570087
2022-06-20,"New South Wales","NSW",2717292,3039,32453447,2717292,2802,1470,58,22,18590862
2022-06-20,"Northern Territory","NT",75807,56,798683,75807,282,11,0,0,593509
2022-06-20,"Queensland","QLD",1247975,1176,7749709,1247975,2210,480,7,0,11334186
2022-06-20,"South Australia","SA",566507,513,5030898,566507,1980,237,11,0,4165836
2022-06-20,"Tasmania","TAS",177582,85,697526,177582,225,33,2,0,1358521
2022-06-20,"Victoria","VIC",2034602,3737,21303209,2034602,294076,418,21,9,15730653
2022-06-20,"Western Australia","WA",855855,365,4035308,855855,1257,268,12,0,6594405
2022-06-21,"Australian Capital Territory","ACT",147965,79,1165311,147965,8438,87,1,0,1571261
2022-06-21,"New South Wales","NSW",2725097,3046,32474872,2725097,2802,1499,57,15,18604038
2022-06-21,"Northern Territory","NT",76039,56,799336,76039,282,17,0,0,593731
2022-06-21,"Queensland","QLD",1252772,1180,7754375,1252772,2210,491,7,0,11341390
2022-06-21,"South Australia","SA",568777,524,5038113,568777,1980,230,9,0,4169442
2022-06-21,"Tasmania","TAS",178583,85,698483,178583,225,38,2,0,1359737
2022-06-21,"Victoria","VIC",2042109,3765,21313062,2042109,294076,434,21,9,15740440
2022-06-21,"Western Australia","WA",860740,371,4044345,860740,1257,259,8,0,6598416
2022-06-22,"Australian Capital Territory","ACT",148996,79,1167114,148996,8438,85,1,0,1572598
2022-06-22,"New South Wales","NSW",2734519,3072,32509584,2734519,2802,1499,51,16,18619720
2022-06-22,"Northern Territory","NT",76283,56,799773,76283,282,12,1,0,593992
2022-06-22,"Queensland","QLD",1255837,1186,7762210,1255837,2210,497,7,0,11349832
2022-06-22,"South Australia","SA",571654,528,5046286,571654,1980,223,7,0,4173291
2022-06-22,"Tasmania","TAS",179723,86,699555,179723,225,45,3,0,1361095
2022-06-22,"Victoria","VIC",2049734,3789,21332405,2049734,294076,402,24,10,15751119
2022-06-22,"Western Australia","WA",866451,373,4053368,866451,1257,259,9,0,6602720
2022-06-23,"Australian Capital Territory","ACT",150123,79,1170420,150123,8438,88,1,0,1573717
2022-06-23,"New South Wales","NSW",2743680,3098,32541349,2743680,2802,1500,53,17,18633362
2022-06-23,"Northern Territory","NT",76541,56,800333,76541,282,14,1,0,594305
2022-06-23,"Queensland","QLD",1260631,1191,7769963,1260631,2210,512,6,0,11357847
2022-06-23,"South Australia","SA",574433,530,5055049,574433,1980,212,10,0,4177642
2022-06-23,"Tasmania","TAS",180764,88,700789,180764,225,46,2,0,1362414
2022-06-23,"Victoria","VIC",2057128,3798,21340107,2057128,294076,411,23,11,15760949
2022-06-23,"Western Australia","WA",871774,381,4060570,871774,1257,260,12,0,6607173
2022-06-24,"Australian Capital Territory","ACT",151113,79,1172694,151113,8438,99,1,0,1574981
2022-06-24,"New South Wales","NSW",2752776,3112,32573269,2752776,2802,1435,54,13,18648739
2022-06-24,"Northern Territory","NT",76784,56,800881,76784,282,13,1,0,594530
2022-06-24,"Queensland","QLD",1265588,1197,7778264,1265588,2210,522,7,0,11366241
2022-06-24,"South Australia","SA",577073,534,5062259,577073,1980,200,10,0,4181408
2022-06-24,"Tasmania","TAS",181787,89,701908,181787,225,47,2,0,1363512
2022-06-24,"Victoria","VIC",2064814,3818,21352862,2064814,294076,412,27,11,15771820
2022-06-24,"Western Australia","WA",876505,382,4068005,876505,1257,239,8,0,6611429
2022-06-25,"Australian Capital Territory","ACT",152229,79,1172694,152229,8438,105,1,0,1576131
2022-06-25,"New South Wales","NSW",2761042,3133,32601445,2761042,2802,1453,45,15,18661452
2022-06-25,"Northern Territory","NT",76993,56,800881,76993,282,12,1,0,594812
2022-06-25,"Queensland","QLD",1269933,1202,7786397,1269933,2210,556,11,0,11373465
2022-06-25,"South Australia","SA",579638,535,5069391,579638,1980,209,8,0,4185135
2022-06-25,"Tasmania","TAS",182770,89,703084,182770,225,49,3,0,1364593
2022-06-25,"Victoria","VIC",2071448,3842,21364806,2071448,294076,420,26,8,15780872
2022-06-25,"Western Australia","WA",880899,387,4074138,880899,1257,242,8,0,6615289
2022-06-26,"Australian Capital Territory","ACT",153048,79,1172694,153048,8438,116,1,0,1576485
2022-06-26,"New South Wales","NSW",2768503,3140,32628063,2768503,2802,1465,48,12,18665146
2022-06-26,"Northern Territory","NT",77214,56,800881,77214,282,16,1,0,594881
2022-06-26,"Queensland","QLD",1272981,1204,7790987,1272981,2210,556,8,0,11375255
2022-06-26,"South Australia","SA",581634,535,5075492,581634,1980,216,9,0,4186509
2022-06-26,"Tasmania","TAS",183547,89,704099,183547,225,48,3,0,1364998
2022-06-26,"Victoria","VIC",2077272,3857,21374776,2077272,294076,451,28,8,15783695
2022-06-26,"Western Australia","WA",884443,389,4078260,884443,1257,250,9,0,6616957
2022-06-27,"Australian Capital Territory","ACT",153975,79,1178160,153975,8438,119,1,0,1576585
2022-06-27,"New South Wales","NSW",2775365,3151,32649129,2775365,2802,1507,55,14,18667055
2022-06-27,"Northern Territory","NT",77423,56,801967,77423,282,17,1,0,594894
2022-06-27,"Queensland","QLD",1276241,1204,7874737,1276241,2210,542,8,0,11375879
2022-06-27,"South Australia","SA",583771,541,5081095,583771,1980,210,9,0,4186989
2022-06-27,"Tasmania","TAS",184345,89,704364,184345,225,45,3,0,1365231
2022-06-27,"Victoria","VIC",2083577,3858,21382804,2083577,294076,459,26,10,15784993
2022-06-27,"Western Australia","WA",887877,394,4084225,887877,1257,234,8,0,6617591
2022-06-28,"Australian Capital Territory","ACT",155047,79,1180576,155047,8438,121,1,0,1577717
2022-06-28,"New South Wales","NSW",2783915,3191,32669977,2783915,2802,1540,49,13,18678774
2022-06-28,"Northern Territory","NT",77720,57,802370,77720,282,17,1,0,595080
2022-06-28,"Queensland","QLD",1280731,1223,7883118,1280731,2210,593,14,0,11382002
2022-06-28,"South Australia","SA",586389,541,5087488,586389,1980,246,8,0,4189976
2022-06-28,"Tasmania","TAS",185536,89,705607,185536,225,45,4,0,1366297
2022-06-28,"Victoria","VIC",2091140,3869,21391725,2091140,294076,468,35,9,15792669
2022-06-28,"Western Australia","WA",892524,398,4093120,892524,1257,246,11,0,6620964
2022-06-29,"Australian Capital Territory","ACT",156472,79,1183396,156472,8438,116,1,0,1578916
2022-06-29,"New South Wales","NSW",2794932,3202,32705035,2794932,2802,1526,40,10,18691343
2022-06-29,"Northern Territory","NT",78053,57,802822,78053,282,20,4,0,595350
2022-06-29,"Queensland","QLD",1282034,1243,7891893,1282034,2210,597,11,0,11390381
2022-06-29,"South Australia","SA",589324,541,5096367,589324,1980,235,8,1,4193288
2022-06-29,"Tasmania","TAS",186714,90,706975,186714,225,38,5,0,1367317
2022-06-29,"Victoria","VIC",2101723,3892,21410821,2101723,294076,463,25,7,15801332
2022-06-29,"Western Australia","WA",898399,402,4101285,898399,1257,229,14,0,6624644
2022-06-30,"Australian Capital Territory","ACT",157678,80,1186201,157678,8438,122,2,0,1580007
2022-06-30,"New South Wales","NSW",2806385,3225,32738621,2806385,2802,1534,37,12,18703694
2022-06-30,"Northern Territory","NT",78407,57,803452,78407,282,15,2,0,595620
2022-06-30,"Queensland","QLD",1292709,1253,7899983,1292709,2210,631,14,0,11397304
2022-06-30,"South Australia","SA",592558,541,5103355,592558,1980,237,8,1,4196904
2022-06-30,"Tasmania","TAS",187965,92,708160,187965,225,44,3,0,1368484
2022-06-30,"Victoria","VIC",2110309,3909,21418319,2110309,294076,465,21,4,15809437
2022-06-30,"Western Australia","WA",906199,409,4109200,906199,1257,219,11,0,6628175
2022-07-01,"Australian Capital Territory","ACT",158826,81,1188516,158826,8438,138,4,1,1581172
2022-07-01,"New South Wales","NSW",2817248,3234,32771528,2817248,2802,1558,41,12,18715187
2022-07-01,"Northern Territory","NT",78708,57,803983,78708,282,16,2,0,595842
2022-07-01,"Queensland","QLD",1292709,1259,7908502,1292709,2210,597,15,0,11405343
2022-07-01,"South Australia","SA",595398,544,5112967,595398,1980,227,7,1,4200102
2022-07-01,"Tasmania","TAS",189246,92,709318,189246,225,47,4,0,1369482
2022-07-01,"Victoria","VIC",2115846,3921,21431044,2115846,294076,472,23,5,15817874
2022-07-01,"Western Australia","WA",908848,411,4116507,908848,1257,217,10,0,6631654
2022-07-02,"Australian Capital Territory","ACT",160155,81,1188516,160155,8438,131,4,1,1582291
2022-07-02,"New South Wales","NSW",2828333,3254,32771528,2828333,2802,1621,45,11,18724891
2022-07-02,"Northern Territory","NT",78948,57,803983,78948,282,17,2,0,595991
2022-07-02,"Queensland","QLD",1297685,1275,7915759,1297685,2210,602,19,0,11412093
2022-07-02,"South Australia","SA",598040,544,5120077,598040,1980,231,8,1,4203007
2022-07-02,"Tasmania","TAS",190390,94,709318,190390,225,47,5,0,1370252
2022-07-02,"Victoria","VIC",2122270,3934,21443275,2122270,294076,462,18,4,15824778
2022-07-02,"Western Australia","WA",913726,414,4122218,913726,1257,218,10,0,6634606
2022-07-03,"Australian Capital Territory","ACT",161186,81,1188516,161186,8438,130,4,1,1582676
2022-07-03,"New South Wales","NSW",2837197,3256,32771528,2837197,2802,1657,43,11,18727773
2022-07-03,"Northern Territory","NT",79204,57,803983,79204,282,20,1,0,596000
2022-07-03,"Queensland","QLD",1301656,1275,7921523,1301656,2210,630,18,0,11413486
2022-07-03,"South Australia","SA",600453,550,5125644,600453,1980,226,8,1,4203996
2022-07-03,"Tasmania","TAS",191452,94,709318,191452,225,53,3,0,1370557
2022-07-03,"Victoria","VIC",2130638,3956,21453677,2130638,294076,476,20,4,15827127
2022-07-03,"Western Australia","WA",918116,414,4126226,918116,1257,223,9,0,6635657
2022-07-04,"Australian Capital Territory","ACT",162259,81,1188516,162259,8438,136,2,0,1582805
2022-07-04,"New South Wales","NSW",2846098,3257,32851385,2846098,2802,1725,50,16,18728715
2022-07-04,"Northern Territory","NT",79439,57,804923,79439,282,21,1,0,596002
2022-07-04,"Queensland","QLD",1306983,1275,7924904,1306983,2210,598,16,0,11414215
2022-07-04,"South Australia","SA",603257,551,5131006,603257,1980,220,9,3,4204384
2022-07-04,"Tasmania","TAS",192548,94,711981,192548,225,72,3,0,1370790
2022-07-04,"Victoria","VIC",2137783,3980,21461894,2137783,294076,513,28,4,15827851
2022-07-04,"Western Australia","WA",922373,414,4132028,922373,1257,226,9,0,6636118
2022-07-05,"Australian Capital Territory","ACT",163404,82,1262978,163404,8438,136,2,0,1584045
2022-07-05,"New South Wales","NSW",2856570,3271,32872519,2856570,2802,1782,58,18,18738539
2022-07-05,"Northern Territory","NT",79780,57,805301,79780,282,21,1,0,596139
2022-07-05,"Queensland","QLD",1316745,1286,7930856,1316745,2210,710,14,0,11420953
2022-07-05,"South Australia","SA",606638,552,5136830,606638,1980,234,10,1,4206981
2022-07-05,"Tasmania","TAS",194151,96,713078,194151,225,76,2,0,1371769
2022-07-05,"Victoria","VIC",2146469,3996,21470894,2146469,294076,543,28,5,15834664
2022-07-05,"Western Australia","WA",927592,415,4140755,927592,1257,238,9,0,6639559
2022-07-06,"Australian Capital Territory","ACT",164870,82,1266603,164870,8438,135,5,0,1585405
2022-07-06,"New South Wales","NSW",2870282,3281,32907519,2870282,2802,1822,64,16,18751761
2022-07-06,"Northern Territory","NT",80120,57,805653,80120,282,24,1,0,596425
2022-07-06,"Queensland","QLD",1315745,1290,7939116,1315745,2210,705,18,0,11429548
2022-07-06,"South Australia","SA",610745,557,5145876,610745,1980,267,11,1,4209910
2022-07-06,"Tasmania","TAS",195821,97,714476,195821,225,79,2,0,1372860
2022-07-06,"Victoria","VIC",2156482,4019,21485449,2156482,294076,523,29,5,15842807
2022-07-06,"Western Australia","WA",933851,416,4149346,933851,1257,226,8,0,6642695
2022-07-07,"Australian Capital Territory","ACT",166133,82,1269525,166133,8438,135,6,2,1586639
2022-07-07,"New South Wales","NSW",2883560,3303,32942025,2883560,2802,1882,62,17,18765339
2022-07-07,"Northern Territory","NT",80442,57,806060,80442,282,19,1,0,596639
2022-07-07,"Queensland","QLD",1322636,1307,7947379,1322636,2210,697,15,0,11438779
2022-07-07,"South Australia","SA",614507,558,5154121,614507,1980,254,12,1,4213234
2022-07-07,"Tasmania","TAS",197550,97,715694,197550,225,80,3,0,1374098
2022-07-07,"Victoria","VIC",2166726,4031,21499305,2166726,294076,592,30,5,15851304
2022-07-07,"Western Australia","WA",940203,424,4158219,940203,1257,240,12,0,6646137
2022-07-08,"Australian Capital Territory","ACT",167804,82,1273581,167804,8438,137,4,3,1587952
2022-07-08,"New South Wales","NSW",2896270,3310,32976156,2896270,2802,1901,60,20,18781678
2022-07-08,"Northern Territory","NT",80820,57,806426,80820,282,17,0,0,596857
2022-07-08,"Queensland","QLD",1328620,1320,7955381,1328620,2210,714,17,0,11450985
2022-07-08,"South Australia","SA",618429,558,5162539,618429,1980,249,9,1,4216872
2022-07-08,"Tasmania","TAS",199142,100,716927,199142,225,88,3,0,1375122
2022-07-08,"Victoria","VIC",2176379,4040,21513381,2176379,294076,629,37,4,15861490
2022-07-08,"Western Australia","WA",946367,427,4166253,946367,1257,242,11,0,6650140
2022-07-09,"Australian Capital Territory","ACT",168924,83,1273581,168924,8438,138,5,3,1590267
2022-07-09,"New South Wales","NSW",2907704,3343,33008256,2907704,2802,1894,61,21,18801292
2022-07-09,"Northern Territory","NT",81174,57,806426,81174,282,20,1,0,597189
2022-07-09,"Queensland","QLD",1333935,1328,7963111,1333935,2210,719,15,0,11465201
2022-07-09,"South Australia","SA",621675,562,5169645,621675,1980,245,8,2,4221318
2022-07-09,"Tasmania","TAS",200653,100,716927,200653,225,89,2,0,1376512
2022-07-09,"Victoria","VIC",2185155,4060,21526426,2185155,294076,667,34,5,15874485
2022-07-09,"Western Australia","WA",951905,438,4173094,951905,1257,252,8,0,6654911
2022-07-10,"Australian Capital Territory","ACT",169869,83,1273581,169869,8438,134,5,3,1591004
2022-07-10,"New South Wales","NSW",2916374,3351,33029837,2916374,2802,1945,60,19,18807107
2022-07-10,"Northern Territory","NT",81449,57,806426,81449,282,6,1,0,597255
2022-07-10,"Queensland","QLD",1338109,1328,7968930,1338109,2210,744,15,0,11469119
2022-07-10,"South Australia","SA",624714,564,5174339,624714,1980,240,9,2,4223124
2022-07-10,"Tasmania","TAS",202008,101,716927,202008,225,93,4,0,1377214
2022-07-10,"Victoria","VIC",2193089,4062,21538045,2193089,294076,671,32,4,15879885
2022-07-10,"Western Australia","WA",956919,438,4177631,956919,1257,261,7,0,6657217
2022-07-11,"Australian Capital Territory","ACT",170946,85,1280941,170946,8438,136,5,3,1591217
2022-07-11,"New South Wales","NSW",2923798,3359,33052904,2923798,2802,2002,63,16,18809034
2022-07-11,"Northern Territory","NT",81771,57,807443,81771,282,25,1,0,597270
2022-07-11,"Queensland","QLD",1340324,1328,7972568,1340324,2210,782,10,0,11471119
2022-07-11,"South Australia","SA",628264,565,5182061,628264,1980,284,9,1,4223864
2022-07-11,"Tasmania","TAS",203405,101,719901,203405,225,99,4,0,1377605
2022-07-11,"Victoria","VIC",2201766,4062,21547278,2201766,294076,717,30,6,15881824
2022-07-11,"Western Australia","WA",961570,440,4184589,961570,1257,282,9,0,6658082
2022-07-12,"Australian Capital Territory","ACT",172120,85,1291777,172120,8438,140,3,3,1593785
2022-07-12,"New South Wales","NSW",2934596,3379,33081402,2934596,2802,2049,58,17,18841397
2022-07-12,"Northern Territory","NT",82252,57,807898,82252,282,39,1,0,597740
2022-07-12,"Queensland","QLD",1345869,1343,7978730,1345869,2210,860,12,0,11491986
2022-07-12,"South Australia","SA",631935,568,5188267,631935,1980,246,6,1,4231771
2022-07-12,"Tasmania","TAS",205216,102,720943,205216,225,100,2,0,1380149
2022-07-12,"Victoria","VIC",2212371,4078,21557532,2212371,294076,737,39,7,15904834
2022-07-12,"Western Australia","WA",967525,443,4194090,967525,1257,297,6,0,6669433
2022-07-13,"Australian Capital Territory","ACT",173465,85,1291777,173465,8438,142,4,3,1596774
2022-07-13,"New South Wales","NSW",2945116,3394,33108250,2945116,2802,2023,61,17,18880044
2022-07-13,"Northern Territory","NT",82702,57,808586,82702,282,43,2,0,598437
2022-07-13,"Queensland","QLD",1353419,1355,7988263,1353419,2210,859,14,0,11518430
2022-07-13,"South Australia","SA",636573,570,5197852,636573,1980,245,6,1,4241151
2022-07-13,"Tasmania","TAS",207014,104,722341,207014,225,106,4,0,1382941
2022-07-13,"Victoria","VIC",2223522,4098,21572397,2223522,294076,739,36,5,15931689
2022-07-13,"Western Australia","WA",974334,449,4205062,974334,1257,320,10,0,6681614
2022-07-14,"Australian Capital Territory","ACT",174861,85,1291777,174861,8438,137,5,3,1599654
2022-07-14,"New South Wales","NSW",2959333,3430,33152654,2959333,2802,2001,56,16,18916908
2022-07-14,"Northern Territory","NT",83192,57,809244,83192,282,55,3,0,598977
2022-07-14,"Queensland","QLD",1360713,1373,7998424,1360713,2210,863,16,0,11543627
2022-07-14,"South Australia","SA",641312,571,5207910,641312,1980,231,7,1,4250973
2022-07-14,"Tasmania","TAS",208813,105,723950,208813,225,125,4,0,1385510
2022-07-14,"Victoria","VIC",2234742,4118,21587698,2234742,294076,771,34,9,15958714
2022-07-14,"Western Australia","WA",980739,451,4213437,980739,1257,329,14,0,6693896
2022-07-15,"Australian Capital Territory","ACT",175923,85,1223710,175923,8438,135,4,3,1602714
2022-07-15,"New South Wales","NSW",2971525,3444,33189032,2971525,2802,2027,60,13,18953457
2022-07-15,"Northern Territory","NT",83684,57,810001,83684,282,52,1,0,599683
2022-07-15,"Queensland","QLD",1367285,1393,8007887,1367285,2210,907,14,0,11568456
2022-07-15,"South Australia","SA",645753,577,5217501,645753,1980,266,8,1,4260542
2022-07-15,"Tasmania","TAS",210545,106,725198,210545,225,133,6,0,1388089
2022-07-15,"Victoria","VIC",2245301,4135,21603125,2245301,294076,749,35,8,15987312
2022-07-15,"Western Australia","WA",987109,459,4222755,987109,1257,333,16,0,6706107
2022-07-16,"Australian Capital Territory","ACT",177027,85,1223710,177027,8438,156,4,3,1605659
2022-07-16,"New South Wales","NSW",2982607,3482,33222626,2982607,2802,2024,66,13,18991932
2022-07-16,"Northern Territory","NT",84108,58,810001,84108,282,54,1,0,600177
2022-07-16,"Queensland","QLD",1373080,1415,8007887,1373080,2210,921,14,0,11592571
2022-07-16,"South Australia","SA",649616,580,5227062,649616,1980,287,9,1,4269610
2022-07-16,"Tasmania","TAS",212207,108,725198,212207,225,138,5,0,1390461
2022-07-16,"Victoria","VIC",2255283,4143,21618681,2255283,294076,802,34,8,16016557
2022-07-16,"Western Australia","WA",993582,462,4230405,993582,1257,351,17,0,6717798
2022-07-17,"Australian Capital Territory","ACT",177983,85,1223710,177983,8438,167,6,3,1607243
2022-07-17,"New South Wales","NSW",2992805,3494,33254086,2992805,2802,2057,63,13,19008193
2022-07-17,"Northern Territory","NT",84571,58,810001,84571,282,42,1,0,600243
2022-07-17,"Queensland","QLD",1379069,1415,8013991,1379069,2210,876,20,0,11599735
2022-07-17,"South Australia","SA",652974,581,5235054,652974,1980,288,10,1,4273591
2022-07-17,"Tasmania","TAS",213617,109,725198,213617,225,152,1,0,1392046
2022-07-17,"Victoria","VIC",2264913,4159,21632456,2264913,294076,760,37,7,16029602
2022-07-17,"Western Australia","WA",999515,462,4234676,999515,1257,377,17,0,6724108
2022-07-18,"Australian Capital Territory","ACT",178875,85,1230518,178875,8438,171,5,3,1607497
2022-07-18,"New South Wales","NSW",3002504,3499,33275534,3002504,2802,2169,64,13,19016565
2022-07-18,"Northern Territory","NT",85034,58,811448,85034,282,43,1,0,600266
2022-07-18,"Queensland","QLD",1384448,1415,8026154,1384448,2210,914,18,0,11603685
2022-07-18,"South Australia","SA",657528,583,5241826,657528,1980,306,11,1,4274986
2022-07-18,"Tasmania","TAS",215036,113,729020,215036,225,166,2,0,1393050
2022-07-18,"Victoria","VIC",2275124,4177,21643246,2275124,294076,821,35,9,16033423
2022-07-18,"Western Australia","WA",1003678,464,4244198,1003678,1257,411,19,0,6726461
2022-07-19,"Australian Capital Territory","ACT",180072,85,1233680,180072,8438,170,6,3,1610228
2022-07-19,"New South Wales","NSW",3016037,3525,33306057,3016037,2802,2205,60,13,19052634
2022-07-19,"Northern Territory","NT",85705,58,812207,85705,282,63,1,0,600768
2022-07-19,"Queensland","QLD",1392157,1433,8033893,1392157,2210,983,24,0,11624358
2022-07-19,"South Australia","SA",661967,586,5249483,661967,1980,282,11,1,4282335
2022-07-19,"Tasmania","TAS",216674,113,730041,216674,225,184,2,0,1395392
2022-07-19,"Victoria","VIC",2287307,4202,21655081,2287307,294076,897,34,11,16057573
2022-07-19,"Western Australia","WA",1010424,467,4255582,1010424,1257,455,20,0,6736189
2022-07-20,"Australian Capital Territory","ACT",180969,85,1237154,180969,8438,160,4,2,1613551
2022-07-20,"New South Wales","NSW",3031246,3545,33346848,3031246,2802,2236,63,14,19087405
2022-07-20,"Northern Territory","NT",86345,58,812933,86345,282,68,1,0,601617
2022-07-20,"Queensland","QLD",1402639,1448,8044994,1402639,2210,1034,21,0,11648774
2022-07-20,"South Australia","SA",666858,608,5261108,666858,1980,323,11,1,4290505
2022-07-20,"Tasmania","TAS",218237,116,731729,218237,225,173,2,0,1397956
2022-07-20,"Victoria","VIC",2300268,4230,21673604,2300268,294076,906,45,9,16084905
2022-07-20,"Western Australia","WA",1013520,469,4265368,1013520,1257,457,22,0,6746517
2022-07-21,"Australian Capital Territory","ACT",182330,86,1239996,182330,8438,165,3,2,1616436
2022-07-21,"New South Wales","NSW",3045062,3570,33385171,3045062,2802,2210,55,14,19121855
2022-07-21,"Northern Territory","NT",87009,58,813637,87009,282,70,1,0,602265
2022-07-21,"Queensland","QLD",1426092,1458,8055814,1426092,2210,1034,21,0,11672294
2022-07-21,"South Australia","SA",672144,615,5272773,672144,1980,354,12,1,4299041
2022-07-21,"Tasmania","TAS",219908,118,733253,219908,225,193,2,0,1400120
2022-07-21,"Victoria","VIC",2314561,4267,21689991,2314561,294076,875,46,7,16110490
2022-07-21,"Western Australia","WA",1019698,476,4275048,1019698,1257,459,22,0,6756441
2022-07-22,"Australian Capital Territory","ACT",183150,87,1242680,183150,8438,152,4,0,1619642
2022-07-22,"New South Wales","NSW",3063719,3585,33428118,3063719,2802,2202,55,15,19157446
2022-07-22,"Northern Territory","NT",87530,58,814388,87530,282,81,3,0,603277
2022-07-22,"Queensland","QLD",1435090,1468,8065610,1435090,2210,1050,26,0,11694889
2022-07-22,"South Australia","SA",676777,622,5283299,676777,1980,358,12,1,4307063
2022-07-22,"Tasmania","TAS",221341,122,734434,221341,225,172,2,0,1402535
2022-07-22,"Victoria","VIC",2326813,4292,21706580,2326813,294076,840,33,7,16136554
2022-07-22,"Western Australia","WA",1025545,477,4283655,1025545,1257,452,24,0,6766338
2022-07-23,"Australian Capital Territory","ACT",184194,90,1242680,184194,8438,145,2,0,1622586
2022-07-23,"New South Wales","NSW",3078672,3626,33464955,3078672,2802,2176,59,16,19192900
2022-07-23,"Northern Territory","NT",87952,58,814388,87952,282,89,2,0,603476
2022-07-23,"Queensland","QLD",1442734,1476,8065610,1442734,2210,1061,30,0,11717092
2022-07-23,"South Australia","SA",680641,625,5293250,680641,1980,354,12,1,4314880
2022-07-23,"Tasmania","TAS",222704,123,734434,222704,225,176,3,0,1404887
2022-07-23,"Victoria","VIC",2337625,4336,21722621,2337625,294076,820,29,6,16162824
2022-07-23,"Western Australia","WA",1030596,479,4289790,1030596,1257,430,21,0,6775842
2022-07-24,"Australian Capital Territory","ACT",184906,90,1242680,184906,8438,155,1,0,1623914
2022-07-24,"New South Wales","NSW",3091492,3640,33499849,3091492,2802,2260,56,15,19207632
2022-07-24,"Northern Territory","NT",88307,58,814388,88307,282,71,2,0,603596
2022-07-24,"Queensland","QLD",1448538,1476,8072057,1448538,2210,1042,23,0,11724417
2022-07-24,"South Australia","SA",683981,626,5302495,683981,1980,374,12,1,4318049
2022-07-24,"Tasmania","TAS",223859,125,734434,223859,225,174,3,0,1406152
2022-07-24,"Victoria","VIC",2347126,4348,21737266,2347126,294076,849,27,7,16173781
2022-07-24,"Western Australia","WA",1034952,486,4293789,1034952,1257,437,23,0,6780798
2022-07-25,"Australian Capital Territory","ACT",185633,90,1248805,185633,8438,162,1,0,1463277
2022-07-25,"New South Wales","NSW",3102071,3647,33527421,3102071,2802,2329,58,14,19210275
2022-07-25,"Northern Territory","NT",88636,58,815520,88636,282,64,1,0,584311
2022-07-25,"Queensland","QLD",1454602,1476,8085706,1454602,2210,1024,28,0,11647145
2022-07-25,"South Australia","SA",687597,645,5310162,687597,1980,384,11,1,4323540
2022-07-25,"Tasmania","TAS",224900,127,737671,224900,225,183,2,0,1409172
2022-07-25,"Victoria","VIC",2357336,4348,21748328,2357336,294076,855,35,10,16092619
2022-07-25,"Western Australia","WA",1038272,490,4301661,1038272,1257,432,24,0,6753552
2022-07-26,"Australian Capital Territory","ACT",186577,90,1251882,186577,8438,151,1,0,1463277
2022-07-26,"New South Wales","NSW",3116121,3677,33555582,3116121,2802,2344,66,15,19210275
2022-07-26,"Northern Territory","NT",89164,58,816236,89164,282,71,1,0,584311
2022-07-26,"Queensland","QLD",1463248,1497,8091887,1463248,2210,1123,31,0,11647145
2022-07-26,"South Australia","SA",691671,648,5318499,691671,1980,379,7,1,4323540
2022-07-26,"Tasmania","TAS",226219,129,738908,226219,225,177,3,0,1409172
2022-07-26,"Victoria","VIC",2369621,4388,21760337,2369621,294076,869,39,12,16092619
2022-07-26,"Western Australia","WA",1043012,494,4312054,1043012,1257,457,17,0,6753552
2022-07-27,"Australian Capital Territory","ACT",187664,90,1254856,187664,8438,141,1,0,1463277
2022-07-27,"New South Wales","NSW",3132165,3697,33597975,3132165,2802,2275,56,14,19210275
2022-07-27,"Northern Territory","NT",89649,59,817066,89649,282,76,1,0,584311
2022-07-27,"Queensland","QLD",1471425,1516,8102006,1471425,2210,1023,26,0,11647145
2022-07-27,"South Australia","SA",696028,652,5330352,696028,1980,365,8,1,4323540
2022-07-27,"Tasmania","TAS",227498,133,740668,227498,225,170,3,0,1409172
2022-07-27,"Victoria","VIC",2382232,4420,21779197,2382232,294076,872,33,11,16092619
2022-07-27,"Western Australia","WA",1048353,497,4320145,1048353,1257,442,17,0,6753552
2022-07-28,"Australian Capital Territory","ACT",188619,91,1257477,188619,8438,149,2,0,1463277
2022-07-28,"New South Wales","NSW",3147857,3731,33640810,3147857,2802,2282,65,16,19210275
2022-07-28,"Northern Territory","NT",90094,59,817717,90094,282,74,1,0,584311
2022-07-28,"Queensland","QLD",1477110,1543,8112255,1477110,2210,955,32,0,11647145
2022-07-28,"South Australia","SA",700121,669,5342372,700121,1980,339,11,1,4323540
2022-07-28,"Tasmania","TAS",228683,137,742389,228683,225,176,4,0,1409172
2022-07-28,"Victoria","VIC",2394336,4457,21796546,2394336,294076,852,33,9,16092619
2022-07-28,"Western Australia","WA",1053190,502,4328957,1053190,1257,418,16,0,6753552
2022-07-29,"Australian Capital Territory","ACT",189603,91,1259942,189603,8438,147,1,0,1463277
2022-07-29,"New South Wales","NSW",3162719,3753,33684167,3162719,2802,2257,67,18,19210275
2022-07-29,"Northern Territory","NT",90467,59,818451,90467,282,58,0,0,584311
2022-07-29,"Queensland","QLD",1488169,1560,8131859,1488169,2210,906,30,0,11647145
2022-07-29,"South Australia","SA",703395,677,5353398,703395,1980,341,11,2,4323540
2022-07-29,"Tasmania","TAS",229722,137,743701,229722,225,158,3,0,1409172
2022-07-29,"Victoria","VIC",2405011,4564,21817095,2405011,294076,813,32,10,16092619
2022-07-29,"Western Australia","WA",1057558,505,4336838,1057558,1257,424,17,0,6753552
2022-07-30,"Australian Capital Territory","ACT",190322,93,1259942,190322,8438,152,1,0,1463277
2022-07-30,"New South Wales","NSW",3176144,3799,33684167,3176144,2802,2210,68,20,19210275
2022-07-30,"Northern Territory","NT",90770,59,818451,90770,282,56,0,0,584311
2022-07-30,"Queensland","QLD",1506847,1573,8131859,1506847,2210,861,30,0,11647145
2022-07-30,"South Australia","SA",706162,681,5361982,706162,1980,335,10,1,4323540
2022-07-30,"Tasmania","TAS",230645,138,743701,230645,225,144,4,0,1409172
2022-07-30,"Victoria","VIC",2413948,4625,21832557,2413948,294076,837,38,10,16092619
2022-07-30,"Western Australia","WA",1061592,518,4342881,1061592,1257,417,15,0,6753552
2022-07-31,"Australian Capital Territory","ACT",190878,93,1259942,190878,8438,163,1,0,1463277
2022-07-31,"New South Wales","NSW",3187137,3804,33684167,3187137,2802,2265,66,25,19210275
2022-07-31,"Northern Territory","NT",91006,59,818451,91006,282,56,0,0,584311
2022-07-31,"Queensland","QLD",1511502,1573,8230879,1511502,2210,762,28,0,11647145
2022-07-31,"South Australia","SA",708526,690,5370217,708526,1980,346,11,1,4323540
2022-07-31,"Tasmania","TAS",231294,138,743701,231294,225,150,6,0,1409172
2022-07-31,"Victoria","VIC",2421063,4646,21844366,2421063,294076,768,43,7,16092619
2022-07-31,"Western Australia","WA",1064844,524,4346037,1064844,1257,415,14,0,6753552
2022-08-01,"Australian Capital Territory","ACT",191457,93,1265168,191457,8438,165,2,0,1463277
2022-08-01,"New South Wales","NSW",3196501,3811,33780298,3196501,2802,2323,69,25,19210275
2022-08-01,"Northern Territory","NT",90995,59,818451,90995,282,49,1,0,584311
2022-08-01,"Queensland","QLD",1522064,1573,8197671,1522064,2210,782,24,0,11647145
2022-08-01,"South Australia","SA",711189,695,5376463,711189,1980,350,12,1,4323540
2022-08-01,"Tasmania","TAS",231957,141,746831,231957,225,139,8,0,1409172
2022-08-01,"Victoria","VIC",2428539,4649,21854978,2428539,294076,773,50,6,16092619
2022-08-01,"Western Australia","WA",1067731,525,4352136,1067731,1257,411,13,0,6753552
2022-08-02,"Australian Capital Territory","ACT",192138,97,1267546,192138,8438,158,3,1,1463277
2022-08-02,"New South Wales","NSW",3207182,3858,33795941,3207182,2802,2289,76,26,19210275
2022-08-02,"Northern Territory","NT",91459,59,820177,91459,282,53,1,0,584311
2022-08-02,"Queensland","QLD",1528369,1595,8203786,1528369,2210,815,28,0,11647145
2022-08-02,"South Australia","SA",714299,698,5385482,714299,1980,352,9,1,4323540
2022-08-02,"Tasmania","TAS",232878,142,748003,232878,225,129,9,0,1409172
2022-08-02,"Victoria","VIC",2438371,4662,21866581,2438371,294076,802,44,6,16092619
2022-08-02,"Western Australia","WA",1071464,530,4361357,1071464,1257,404,14,0,6753552
2022-08-03,"Australian Capital Territory","ACT",192994,98,1270903,192994,8438,143,2,1,1463277
2022-08-03,"New South Wales","NSW",3223819,3897,33850598,3223819,2802,2288,67,26,19210275
2022-08-03,"Northern Territory","NT",91825,59,820888,91825,282,57,1,0,584311
2022-08-03,"Queensland","QLD",1534789,1601,8216664,1534789,2210,788,22,0,11647145
2022-08-03,"South Australia","SA",717162,704,5394813,717162,1980,337,11,1,4323540
2022-08-03,"Tasmania","TAS",233768,145,749366,233768,225,101,7,0,1409172
2022-08-03,"Victoria","VIC",2447381,4668,21882944,2447381,294076,743,40,8,16092619
2022-08-03,"Western Australia","WA",1075436,534,4368615,1075436,1257,404,12,0,6753552
2022-08-04,"Australian Capital Territory","ACT",193557,101,1272667,193557,8438,147,4,1,1463277
2022-08-04,"New South Wales","NSW",3238095,3930,33874596,3238095,2802,2213,60,33,19210275
2022-08-04,"Northern Territory","NT",92182,59,821630,92182,282,56,1,0,584311
2022-08-04,"Queensland","QLD",1540314,1632,8227732,1540314,2210,745,25,0,11647145
2022-08-04,"South Australia","SA",720268,707,5405023,720268,1980,356,12,1,4323540
2022-08-04,"Tasmania","TAS",234613,149,750582,234613,225,95,5,0,1409172
2022-08-04,"Victoria","VIC",2456101,4677,21897985,2456101,294076,723,37,7,16092619
2022-08-04,"Western Australia","WA",1079250,536,4375970,1079250,1257,367,17,0,6753552
2022-08-05,"Australian Capital Territory","ACT",194215,101,1274816,194215,8438,141,2,1,1463277
2022-08-05,"New South Wales","NSW",3250979,3959,33915836,3250979,2802,2224,63,33,19210275
2022-08-05,"Northern Territory","NT",92419,59,822211,92419,282,54,1,0,584311
2022-08-05,"Queensland","QLD",1545217,1640,8238039,1545217,2210,736,23,0,11647145
2022-08-05,"South Australia","SA",722731,715,5414340,722731,1980,316,11,2,4323540
2022-08-05,"Tasmania","TAS",235373,151,751791,235373,225,92,2,0,1409172
2022-08-05,"Victoria","VIC",2463564,4711,21912767,2463564,294076,699,39,7,16092619
2022-08-05,"Western Australia","WA",1084479,537,4382552,1084479,1257,351,14,0,6753552
2022-08-06,"Australian Capital Territory","ACT",194794,102,1274816,194794,8438,135,2,1,1463277
2022-08-06,"New South Wales","NSW",3262977,3989,33954864,3262977,2802,2185,58,11,19210275
2022-08-06,"Northern Territory","NT",92650,59,822211,92650,282,43,1,0,584311
2022-08-06,"Queensland","QLD",1549391,1658,8246379,1549391,2210,703,26,0,11647145
2022-08-06,"South Australia","SA",724690,728,5422378,724690,1980,311,10,3,4323540
2022-08-06,"Tasmania","TAS",236024,151,751791,236024,225,92,2,0,1409172
2022-08-06,"Victoria","VIC",2469825,4735,21925895,2469825,294076,668,36,7,16092619
2022-08-06,"Western Australia","WA",1087325,539,4387828,1087325,1257,346,14,0,6753552
2022-08-07,"Australian Capital Territory","ACT",195209,102,1274816,195209,8438,140,5,1,1463277
2022-08-07,"New South Wales","NSW",3273004,4004,33988426,3273004,2802,2181,57,12,19210275
2022-08-07,"Northern Territory","NT",92809,59,822211,92809,282,40,1,0,584311
2022-08-07,"Queensland","QLD",1552040,1658,8253145,1552040,2210,669,29,0,11647145
2022-08-07,"South Australia","SA",726285,728,5428814,726285,1980,316,12,2,4323540
2022-08-07,"Tasmania","TAS",236551,155,751791,236551,225,83,1,0,1409172
2022-08-07,"Victoria","VIC",2474939,4738,21937532,2474939,294076,660,40,11,16092619
2022-08-07,"Western Australia","WA",1089686,549,4391355,1089686,1257,342,14,0,6753552
2022-08-08,"Australian Capital Territory","ACT",195621,103,1279474,195621,8438,144,5,1,1463277
2022-08-08,"New South Wales","NSW",3280561,4008,34011579,3280561,2802,2236,59,11,19210275
2022-08-08,"Northern Territory","NT",92929,60,823550,92929,282,32,2,0,584311
2022-08-08,"Queensland","QLD",1554485,1658,8256457,1554485,2210,667,26,0,11647145
2022-08-08,"South Australia","SA",727990,735,5434341,727990,1980,322,10,2,4323540
2022-08-08,"Tasmania","TAS",237001,156,754414,237001,225,84,1,0,1409172
2022-08-08,"Victoria","VIC",2479796,4739,21946041,2479796,294076,657,37,8,16092619
2022-08-08,"Western Australia","WA",1089704,549,4395052,1089704,1257,342,14,0,6753552
2022-08-09,"Australian Capital Territory","ACT",196098,107,1281684,196098,8438,146,4,3,1463277
2022-08-09,"New South Wales","NSW",3290453,4033,34037866,3290453,2802,2265,54,11,19210275
2022-08-09,"Northern Territory","NT",93124,60,824420,93124,282,34,3,0,584311
2022-08-09,"Queensland","QLD",1558630,1682,8262770,1558630,2210,710,24,0,11647145
2022-08-09,"South Australia","SA",729945,739,5440884,729945,1980,341,11,2,4323540
2022-08-09,"Tasmania","TAS",237640,159,755392,237640,225,84,2,0,1409172
2022-08-09,"Victoria","VIC",2486127,4783,21955494,2486127,294076,673,32,6,16092619
2022-08-09,"Western Australia","WA",1092607,549,4404788,1092607,1257,358,11,0,6753552
2022-08-10,"Australian Capital Territory","ACT",196642,108,1283724,196642,8438,138,3,2,1463277
2022-08-10,"New South Wales","NSW",3301777,4063,34077899,3301777,2802,2212,55,14,19210275
2022-08-10,"Northern Territory","NT",93315,61,824850,93315,282,33,2,0,584311
2022-08-10,"Queensland","QLD",1562422,1717,8272518,1562422,2210,656,21,0,11647145
2022-08-10,"South Australia","SA",732008,748,5449655,732008,1980,279,6,2,4323540
2022-08-10,"Tasmania","TAS",238307,160,756677,238307,225,76,2,0,1409172
2022-08-10,"Victoria","VIC",2491970,4835,21968869,2491970,294076,610,30,8,16092619
2022-08-10,"Western Australia","WA",1095467,553,4411165,1095467,1257,339,8,0,6753552
2022-08-11,"Australian Capital Territory","ACT",197094,109,1285642,197094,8438,135,4,3,1463277
2022-08-11,"New South Wales","NSW",3312255,4092,34120458,3312255,2802,2223,64,17,19210275
2022-08-11,"Northern Territory","NT",93495,62,825409,93495,282,43,2,0,584311
2022-08-11,"Queensland","QLD",1565759,1728,8280992,1565759,2210,596,18,0,11647145
2022-08-11,"South Australia","SA",733963,749,5457768,733963,1980,269,7,2,4323540
2022-08-11,"Tasmania","TAS",238971,161,757958,238971,225,80,2,0,1409172
2022-08-11,"Victoria","VIC",2497465,4871,21988883,2497465,294076,605,27,8,16092619
2022-08-11,"Western Australia","WA",1098190,560,4417059,1098190,1257,323,11,0,6753552
2022-08-12,"Australian Capital Territory","ACT",197561,110,1287393,197561,8438,135,4,2,1463277
2022-08-12,"New South Wales","NSW",3321760,4127,34154741,3321760,2802,2194,62,15,19210275
2022-08-12,"Northern Territory","NT",93660,62,826070,93660,282,36,1,0,584311
2022-08-12,"Queensland","QLD",1569073,1746,8288738,1569073,2210,543,18,0,11647145
2022-08-12,"South Australia","SA",735513,761,5465110,735513,1980,256,10,1,4323540
2022-08-12,"Tasmania","TAS",239476,162,758832,239476,225,76,4,0,1409172
2022-08-12,"Victoria","VIC",2502614,4885,21995295,2502614,294076,550,30,8,16092619
2022-08-12,"Western Australia","WA",1100493,565,4422775,1100493,1257,308,11,0,6753552
2022-08-13,"Australian Capital Territory","ACT",197883,111,1287393,197883,8438,141,3,2,1463277
2022-08-13,"New South Wales","NSW",3329977,4162,34184983,3329977,2802,2107,63,17,19210275
2022-08-13,"Northern Territory","NT",93831,62,826070,93831,282,32,1,0,584311
2022-08-13,"Queensland","QLD",1572205,1762,8297539,1572205,2210,507,19,0,11647145
2022-08-13,"South Australia","SA",736913,769,5471383,736913,1980,275,11,1,4323540
2022-08-13,"Tasmania","TAS",239990,166,758832,239990,225,65,1,0,1409172
2022-08-13,"Victoria","VIC",2506914,4907,22007339,2506914,294076,550,30,8,16092619
2022-08-13,"Western Australia","WA",1102587,568,4427261,1102587,1257,304,9,0,6753552
2022-08-14,"Australian Capital Territory","ACT",198193,111,1287393,198193,8438,139,3,2,1463277
2022-08-14,"New South Wales","NSW",3336956,4171,34212343,3336956,2802,2148,58,16,19210275
2022-08-14,"Northern Territory","NT",93942,62,826070,93942,282,26,1,0,584311
2022-08-14,"Queensland","QLD",1574149,1762,8303141,1574149,2210,468,27,0,11647145
2022-08-14,"South Australia","SA",737913,769,5476313,737913,1980,274,11,1,4323540
2022-08-14,"Tasmania","TAS",240365,167,758832,240365,225,63,2,0,1409172
2022-08-14,"Victoria","VIC",2510364,4931,22037253,2510364,294076,575,29,6,16092619
2022-08-14,"Western Australia","WA",1104146,568,4430678,1104146,1257,298,8,0,6753552
2022-08-15,"Australian Capital Territory","ACT",198470,111,1290997,198470,8438,135,2,1,1463277
2022-08-15,"New South Wales","NSW",3342373,4177,34231103,3342373,2802,2178,59,16,19210275
2022-08-15,"Northern Territory","NT",94032,62,827175,94032,282,31,1,0,584311
2022-08-15,"Queensland","QLD",1576075,1762,8305941,1576075,2210,459,25,0,11647145
2022-08-15,"South Australia","SA",739234,773,5480859,739234,1980,274,12,1,4323540
2022-08-15,"Tasmania","TAS",240755,167,760983,240755,225,62,3,0,1409172
2022-08-15,"Victoria","VIC",2513942,4946,22023678,2513942,294076,571,27,7,16092619
2022-08-15,"Western Australia","WA",1105636,570,4435181,1105636,1257,303,9,0,6753552
2022-08-16,"Australian Capital Territory","ACT",198866,115,1293193,198866,8438,138,2,1,1463277
2022-08-16,"New South Wales","NSW",3349487,4201,34250510,3349487,2802,2141,60,19,19210275
2022-08-16,"Northern Territory","NT",94241,62,827865,94241,282,40,2,0,584311
2022-08-16,"Queensland","QLD",1579319,1779,8311582,1579319,2210,487,23,0,11647145
2022-08-16,"South Australia","SA",740679,778,5487064,740679,1980,286,13,1,4323540
2022-08-16,"Tasmania","TAS",241260,169,762027,241260,225,61,4,0,1409172
2022-08-16,"Victoria","VIC",2518703,4966,22032188,2518703,294076,535,25,9,16092619
2022-08-16,"Western Australia","WA",1107738,571,4441624,1107738,1257,294,11,0,6753552
2022-08-17,"Australian Capital Territory","ACT",199292,117,1295011,199292,8438,136,2,1,1463277
2022-08-17,"New South Wales","NSW",3357506,4227,34282211,3357506,2802,2115,52,17,19210275
2022-08-17,"Northern Territory","NT",94396,62,828445,94396,282,40,2,0,584311
2022-08-17,"Queensland","QLD",1582401,1796,8320514,1582401,2210,439,19,0,11647145
2022-08-17,"South Australia","SA",742164,780,5494431,742164,1980,210,7,1,4323540
2022-08-17,"Tasmania","TAS",241744,170,763109,241744,225,66,3,0,1409172
2022-08-17,"Victoria","VIC",2523382,4981,22044293,2523382,294076,518,29,7,16092619
2022-08-17,"Western Australia","WA",1110117,575,4447648,1110117,1257,283,8,0,6753552
2022-08-18,"Australian Capital Territory","ACT",199673,117,1296729,199673,8438,129,2,1,1463277
2022-08-18,"New South Wales","NSW",3365632,4270,34319004,3365632,2802,2046,54,16,19210275
2022-08-18,"Northern Territory","NT",94532,65,829016,94532,282,40,1,0,584311
2022-08-18,"Queensland","QLD",1585450,1816,8329410,1585450,2210,448,21,0,11647145
2022-08-18,"South Australia","SA",743393,792,5501458,743393,1980,240,8,2,4323540
2022-08-18,"Tasmania","TAS",242178,172,764142,242178,225,59,2,0,1409172
2022-08-18,"Victoria","VIC",2527769,5027,22055393,2527769,294076,497,27,9,16092619
2022-08-18,"Western Australia","WA",1112078,584,4451983,1112078,1257,267,7,0,6753552
2022-08-19,"Australian Capital Territory","ACT",199919,118,1298166,199919,8438,124,3,1,1463277
2022-08-19,"New South Wales","NSW",3372497,4292,34348513,3372497,2802,1986,56,12,19210275
2022-08-19,"Northern Territory","NT",94650,65,829701,94650,282,36,1,0,584311
2022-08-19,"Queensland","QLD",1588201,1830,8337834,1588201,2210,419,16,0,11647145
2022-08-19,"South Australia","SA",744489,794,5507235,744489,1980,239,7,2,4323540
2022-08-19,"Tasmania","TAS",242577,174,765102,242577,225,58,2,0,1409172
2022-08-19,"Victoria","VIC",2531507,5054,22066377,2531507,294076,514,27,8,16092619
2022-08-19,"Western Australia","WA",1113823,589,4456209,1113823,1257,245,7,0,6753552
2022-08-20,"Australian Capital Territory","ACT",200171,118,1298166,200171,8438,121,4,1,1463277
2022-08-20,"New South Wales","NSW",3378613,4326,34377083,3378613,2802,1908,56,13,19210275
2022-08-20,"Northern Territory","NT",94784,65,829701,94784,282,27,1,0,584311
2022-08-20,"Queensland","QLD",1590848,1850,8344489,1590848,2210,394,17,0,11647145
2022-08-20,"South Australia","SA",745340,799,5512546,745340,1980,263,9,2,4323540
2022-08-20,"Tasmania","TAS",242900,175,765102,242900,225,56,3,0,1409172
2022-08-20,"Victoria","VIC",2534861,5084,22075831,2534861,294076,471,30,11,16092619
2022-08-20,"Western Australia","WA",1115447,596,4460144,1115447,1257,237,7,0,6753552
2022-08-21,"Australian Capital Territory","ACT",200357,118,1298166,200357,8438,120,3,1,1463277
2022-08-21,"New South Wales","NSW",3382948,4342,34394119,3382948,2802,1925,52,13,19210275
2022-08-21,"Northern Territory","NT",94856,65,829701,94856,282,23,0,0,584311
2022-08-21,"Queensland","QLD",1592014,1850,8349116,1592014,2210,377,13,0,11647145
2022-08-21,"South Australia","SA",746004,800,5516980,746004,1980,259,8,2,4323540
2022-08-21,"Tasmania","TAS",243113,175,765102,243113,225,56,3,0,1409172
2022-08-21,"Victoria","VIC",2537298,5102,22083432,2537298,294076,438,29,12,16092619
2022-08-21,"Western Australia","WA",1116594,597,4462511,1116594,1257,235,4,0,6753552
2022-08-22,"Australian Capital Territory","ACT",200553,118,1301385,200553,8438,121,1,1,1463277
2022-08-22,"New South Wales","NSW",3387881,4346,34418139,3387881,2802,1962,50,11,19210275
2022-08-22,"Northern Territory","NT",94893,65,830777,94893,282,26,0,0,584311
2022-08-22,"Queensland","QLD",1593582,1850,8352502,1593582,2210,383,11,0,11647145
2022-08-22,"South Australia","SA",746910,800,5520762,746910,1980,227,8,1,4323540
2022-08-22,"Tasmania","TAS",243314,176,766983,243314,225,59,2,0,1409172
2022-08-22,"Victoria","VIC",2539566,5108,22089455,2539566,294076,414,28,10,16092619
2022-08-22,"Western Australia","WA",1117671,597,4465634,1117671,1257,237,4,0,6753552
2022-08-23,"Australian Capital Territory","ACT",200796,118,1303160,200796,8438,119,2,0,0
2022-08-23,"New South Wales","NSW",3393432,4378,34435969,3393432,2802,1928,49,11,0
2022-08-23,"Northern Territory","NT",95029,65,831171,95029,282,22,0,0,0
2022-08-23,"Queensland","QLD",1590503,1876,8357895,1590503,2210,411,10,0,0
2022-08-23,"South Australia","SA",747842,810,5525645,747842,1980,242,8,3,0
2022-08-23,"Tasmania","TAS",243637,177,767720,243637,225,55,2,0,0
2022-08-23,"Victoria","VIC",2543134,5133,22097090,2543134,294076,433,26,7,0
2022-08-23,"Western Australia","WA",1119395,599,4470973,1119395,1257,243,5,0,0
2022-08-24,"Australian Capital Territory","ACT",201089,122,1304762,201089,8438,116,3,0,0
2022-08-24,"New South Wales","NSW",3400100,4392,34467258,3400100,2802,1867,38,9,0
2022-08-24,"Northern Territory","NT",95156,65,831716,95156,282,22,0,0,0
2022-08-24,"Queensland","QLD",1593131,1905,8367001,1593131,2210,376,12,0,0
2022-08-24,"South Australia","SA",748855,812,5531807,748855,1980,257,8,1,0
2022-08-24,"Tasmania","TAS",243952,177,768181,243952,225,47,3,0,0
2022-08-24,"Victoria","VIC",2546470,5143,22107396,2546470,294076,402,24,5,0
2022-08-24,"Western Australia","WA",1121070,600,4476069,1121070,1257,237,8,0,0
2022-08-25,"Australian Capital Territory","ACT",201341,122,1304762,201341,8438,109,2,0,1463277
2022-08-25,"New South Wales","NSW",3405890,4421,34493174,3405890,2802,1836,37,11,19210275
2022-08-25,"Northern Territory","NT",95254,65,831716,95254,282,20,2,0,584311
2022-08-25,"Queensland","QLD",1595347,1917,8376330,1595347,2210,343,16,0,11647145
2022-08-25,"South Australia","SA",749604,813,5536298,749604,1980,257,8,1,4323540
2022-08-25,"Tasmania","TAS",244196,178,772075,244196,225,42,2,0,1409172
2022-08-25,"Victoria","VIC",2549731,5183,22121613,2549731,294076,405,22,7,16092619
2022-08-25,"Western Australia","WA",1122436,600,4476069,1122436,1257,225,6,0,6753552
